predicted_x,predicted_y,predicted_theta
0.020251453,0.38205594,1.5116286
0.01389948,0.25838387,1.3952073
-0.018595608,0.07101065,1.2714167
-0.08299848,-0.13778797,1.1406484
-0.1742623,-0.33508673,1.0043938
-0.2752732,-0.49276844,0.8717405
-0.37164825,-0.60696757,0.7508133
-0.4671236,-0.69605094,0.6379596
-0.5697389,-0.77222383,0.52795553
-0.66761166,-0.8289417,0.42439672
-0.74143016,-0.86216193,0.33733884
-0.79804486,-0.88166916,0.25851062
-0.8295002,-0.8896759,0.18954909
-0.8440568,-0.8924353,0.1296008
-0.84849524,-0.8928456,0.07405742
-0.8256726,-0.8906682,0.021257507
-0.7708148,-0.8893126,-0.026920296
-0.700561,-0.8910594,-0.07542494
-0.6143049,-0.89735675,-0.121908374
-0.49137676,-0.91155386,-0.1588999
-0.3629759,-0.93294674,-0.1927597
-0.23914969,-0.95690036,-0.23529632
-0.09959578,-0.9901487,-0.27510956
0.063394465,-1.0355142,-0.3086645
0.24755748,-1.0939066,-0.33344144
0.4013872,-1.1482164,-0.36114144
0.540535,-1.2005926,-0.39438114
0.6913226,-1.2629683,-0.4234806
0.8653065,-1.3410114,-0.44737178
1.0565468,-1.4328202,-0.46949407
1.2558435,-1.5337112,-0.49106157
1.4704146,-1.6480302,-0.50938684
1.7077465,-1.7798915,-0.52189326
1.9561203,-1.9226534,-0.5307683
2.2142353,-2.0739367,-0.5385803
2.4603565,-2.2211385,-0.54601663
2.7173924,-2.3772867,-0.55412185
2.9646401,-2.5302398,-0.5616249
3.1916127,-2.6731772,-0.56948185
3.4041862,-2.8094478,-0.5786571
3.6189177,-2.9498465,-0.58939105
3.8304462,-3.0912259,-0.59999025
4.0317316,-3.2288756,-0.6099963
4.214998,-3.3570929,-0.6200752
4.385768,-3.4789593,-0.6304425
4.584754,-3.624099,-0.6408617
4.821843,-3.800892,-0.65082806
5.085153,-4.001556,-0.66073394
5.370359,-4.2233815,-0.6712072
5.6747346,-4.4653544,-0.6821698
5.9895763,-4.7214007,-0.6941807
6.2969832,-4.977578,-0.70751333
6.603173,-5.23955,-0.7223006
6.909619,-5.509725,-0.73776907
7.204484,-5.7779717,-0.7539687
7.4984913,-6.053519,-0.7692888
7.7711124,-6.317972,-0.783949
8.024339,-6.5707374,-0.8006515
8.2666855,-6.820314,-0.81727016
8.433398,-6.9988027,-0.83203435
8.601997,-7.1831064,-0.84843355
8.764118,-7.367241,-0.86239845
8.895715,-7.5212827,-0.87749517
9.021211,-7.6723137,-0.8953096
9.158337,-7.843087,-0.9129346
9.319017,-8.0505295,-0.92979133
9.494284,-8.285408,-0.9472169
9.659509,-8.515707,-0.9664056
9.833234,-8.76669,-0.9867784
10.008484,-9.031864,-1.0066729
10.161641,-9.273726,-1.0238159
10.28691,-9.479712,-1.0378269
10.378204,-9.635114,-1.0502336
10.453492,-9.767212,-1.0648077
10.531638,-9.908077,-1.0815365
10.596446,-10.030198,-1.0970148
10.6637,-10.161087,-1.1129522
10.749611,-10.334519,-1.1289141
10.809056,-10.461198,-1.1414917
10.866938,-10.587562,-1.1569608
10.91824,-10.704493,-1.1714003
10.973703,-10.835357,-1.1849428
11.040838,-11.000086,-1.1971884
11.102802,-11.158413,-1.2084302
11.154526,-11.295479,-1.2216922
11.188057,-11.388434,-1.2367448
11.20888,-11.449291,-1.2524409
11.227467,-11.506224,-1.2684304
11.254722,-11.592495,-1.2855334
11.299198,-11.740834,-1.3044076
11.357154,-11.949932,-1.3242929
11.444503,-12.290343,-1.3455943
11.539901,-12.703809,-1.3573155
11.648606,-13.211092,-1.3671541
11.760557,-13.763579,-1.3763351
11.872702,-14.345467,-1.3861061
11.977459,-14.910092,-1.3987389
12.059483,-15.356338,-1.4118786
12.130091,-15.782902,-1.4330631
-38.524975,70.91321,2.3376887
-38.922565,71.32468,2.30164
-39.24265,71.67937,2.2695522
-39.53167,72.021996,2.2446046
-39.7996,72.357025,2.2231946
-40.04857,72.68268,2.2017794
-40.28834,73.010506,2.1793082
-40.522957,73.34689,2.1577768
-40.74414,73.67948,2.1372557
-40.922573,73.95929,2.1163454
-41.077217,74.21261,2.0920017
-41.21412,74.45033,2.0673177
-41.352352,74.70509,2.0416732
-41.49035,74.97633,2.0173454
-41.622406,75.25162,1.9957149
-41.77374,75.58592,1.9756788
-41.95158,76.00249,1.9606223
-42.147778,76.48385,1.9499937
-42.35977,77.02281,1.9380825
-42.580498,77.60492,1.9218208
-42.79837,78.20576,1.9020567
-43.00637,78.81294,1.8813269
-43.185585,79.362755,1.8651806
-43.34853,79.89222,1.8491071
-43.49442,80.39666,1.8332902
-43.63328,80.91296,1.8155379
-43.769833,81.462036,1.7999113
-43.908604,82.064156,1.787457
-44.049976,82.71755,1.7772197
-44.1932,83.41473,1.7674848
-44.33698,84.15402,1.7579293
-44.478123,84.922035,1.7461684
-44.61756,85.74034,1.729802
-44.749096,86.60439,1.7101281
-44.86375,87.42344,1.6910775
-44.96299,88.222855,1.6689906
-45.042034,89.00706,1.6435229
-45.10161,89.77935,1.6172235
-45.141304,90.564644,1.5904164
-45.15939,91.277985,1.5656819
-45.158592,92.012886,1.5390785
-45.141537,92.71755,1.5162448
-45.098564,93.46188,1.4887023
-45.037186,94.20114,1.466967
-44.961266,94.93173,1.446919
-44.87615,95.64073,1.4276025
-44.76322,96.393845,1.4046175
-44.639423,97.12764,1.3843322
-44.50477,97.8488,1.3641535
-44.370872,98.52056,1.3486515
-44.24265,99.13447,1.3353499
-44.095646,99.76212,1.3161527
-43.936287,100.383385,1.2952446
-43.771187,100.979454,1.2746326
-43.588287,101.58059,1.251203
-43.392914,102.17283,1.2264436
-43.186916,102.74977,1.2005217
-42.9696,103.31258,1.1732637
-42.73819,103.86554,1.1446819
-42.481983,104.42878,1.1142044
-42.20213,104.99666,1.0833852
-41.885376,105.58992,1.050983
-41.529903,106.20579,1.01647
-41.15612,106.80532,0.9793686
-40.747864,107.40988,0.9370314
-40.302197,108.01529,0.8930149
-39.846928,108.57945,0.8494504
-39.385746,109.10182,0.80082613
-38.949547,109.549774,0.7446816
-38.51493,109.951,0.6773695
-38.08577,110.295395,0.6038736
-37.637367,110.606155,0.5263523
-37.164833,110.88223,0.45803916
-36.65251,111.13651,0.40063274
-36.073326,111.38344,0.35575128
-35.44932,111.61621,0.3226244
-34.780083,111.84026,0.29231352
-34.07784,112.05223,0.26212028
-33.36144,112.24574,0.23488685
-32.647408,112.41722,0.21229142
-31.928816,112.57376,0.19606689
-31.215563,112.7163,0.18565269
-30.51149,112.84911,0.17945875
-29.813879,112.97608,0.17587177
-29.120209,113.0997,0.1739075
-28.437792,113.219505,0.17243712
-27.765078,113.33617,0.16999619
-27.094152,113.45087,0.16613393
-26.430582,113.562416,0.16244547
-25.79362,113.66716,0.15983646
-25.156067,113.77039,0.15843189
-24.513746,113.8732,0.15778485
-23.881,113.973625,0.1567489
-23.25826,114.07143,0.15384443
-22.629457,114.16828,0.14865941
-21.987688,114.26363,0.14134125
-21.341822,114.35473,0.13178529
-20.699266,114.43978,0.12123181
-20.058949,114.51805,0.1109986
-127.3067,133.65105,2.1079168
-127.68372,134.28252,2.1013932
-128.04782,134.90154,2.0989661
-128.38524,135.47983,2.0974817
-128.70758,136.0358,2.0937536
-129.03265,136.59978,2.0890486
-129.36143,137.17722,2.0834403
-129.6923,137.76495,2.0777488
-130.02235,138.35982,2.0717123
-130.35626,138.97054,2.0648417
-130.68373,139.57898,2.0573587
-130.99864,140.1746,2.0493393
-131.31543,140.78627,2.040014
-131.63596,141.41957,2.029316
-131.95445,142.06555,2.0177274
-132.26678,142.71713,2.0060802
-132.57312,143.37451,1.9956274
-132.87697,144.04338,1.9877423
-133.16032,144.68184,1.9820285
-133.44537,145.33574,1.9763122
-133.73375,146.01001,1.9684327
-134.0248,146.70616,1.9571372
-134.31453,147.4204,1.9432312
-134.59668,148.1428,1.9286468
-134.86845,148.86908,1.9143571
-135.13153,149.60373,1.900582
-135.38875,150.35762,1.8856972
-135.63809,151.12599,1.8692875
-135.87589,151.89978,1.8524181
-136.103,152.6841,1.8359592
-136.31645,153.471,1.8196017
-136.51823,154.26776,1.8022248
-136.7111,155.09282,1.7828926
-136.88791,155.92065,1.762053
-137.05145,156.77469,1.7381657
-137.19788,157.64845,1.7134206
-137.32501,158.53778,1.6888475
-137.43077,159.43842,1.6635654
-137.51457,160.34839,1.6369522
-137.57405,161.27074,1.6075842
-137.60709,162.20781,1.5752938
-137.61078,163.15413,1.5417509
-137.58287,164.10661,1.5078073
-137.52017,165.08229,1.4728076
-137.42142,166.08118,1.4382371
-137.28568,167.09119,1.4028796
-137.11455,168.09885,1.365991
-136.90747,169.09198,1.327131
-136.66399,170.06987,1.2851411
-136.38283,171.03178,1.2438401
-136.05824,171.98709,1.203913
-135.69633,172.92786,1.1636542
-135.30128,173.84538,1.122474
-134.86604,174.7495,1.0804385
-134.393,175.6356,1.0394927
-133.88892,176.4933,0.99714327
-133.35486,177.3216,0.9535405
-132.78308,178.12724,0.910409
-132.17062,178.91512,0.8685241
-131.50264,179.7002,0.8251159
-130.7901,180.4692,0.78237176
-130.04231,181.21065,0.7382988
-129.26222,181.92117,0.6936123
-128.44344,182.59987,0.6480715
-127.59732,183.24,0.599997
-126.71854,183.84084,0.550238
-125.81181,184.39668,0.4997235
-124.88478,184.90256,0.44731018
-123.94417,185.35403,0.3920228
-122.99047,185.74944,0.33555987
-122.02476,186.08633,0.27868813
-121.04778,186.36543,0.21843798
-120.062546,186.58441,0.15593243
-119.05789,186.74211,0.09143388
-118.03395,186.83594,0.030020494
-116.99175,186.86722,-0.026121765
-115.94807,186.84041,-0.07735782
-114.90463,186.75876,-0.12835002
-113.891464,186.62909,-0.17976531
-112.92882,186.45616,-0.22951402
-111.99053,186.23816,-0.27848426
-111.07144,185.97586,-0.32477868
-110.14456,185.66354,-0.37085113
-109.218475,185.30269,-0.4154502
-108.29723,184.89548,-0.46177047
-107.37564,184.43591,-0.5107316
-106.483345,183.93585,-0.56011814
-105.61621,183.39233,-0.61156416
-104.78053,182.80661,-0.65987766
-103.98084,182.18666,-0.70632815
-103.21438,181.53362,-0.7505784
-102.4857,180.85406,-0.7914132
-101.8206,180.18204,-0.8320679
-101.216354,179.51874,-0.87805206
-100.65619,178.84485,-0.9261014
-100.1262,178.14044,-0.9692119
-99.61616,177.39728,-1.0078771
-99.12893,176.62575,-1.0419917
-98.67964,175.85652,-1.076363
-87.223564,232.97122,2.9202213
-88.07982,233.16481,2.873953
-88.8454,233.37473,2.8241196
-89.56713,233.61111,2.7741058
-90.23248,233.86566,2.7303717
-90.822845,234.12184,2.6927521
-91.337776,234.36815,2.661306
-91.7741,234.59392,2.636075
-92.13525,234.79286,2.6145349
-92.491196,234.99927,2.5950985
-92.87161,235.23009,2.5810766
-93.24538,235.46385,2.5742414
-93.629,235.70793,2.570636
-94.007454,235.95059,2.5694845
-94.35948,236.17726,2.5689864
-94.63857,236.35748,2.5680354
-94.90119,236.52704,2.5683663
-95.146835,236.68584,2.5680811
-95.36184,236.82487,2.5679796
-95.58258,236.96722,2.5692344
-95.82017,237.11978,2.57267
-96.113235,237.30661,2.5791075
-96.48124,237.53795,2.5853965
-96.90232,237.79903,2.592048
-97.365845,238.0824,2.598842
-97.82733,238.361,2.604383
-98.27807,238.62953,2.610238
-98.704605,238.88077,2.6149962
-99.14956,239.13928,2.6197462
-99.61393,239.40598,2.625275
-100.07464,239.66765,2.6307836
-100.542564,239.92984,2.636306
-101.02935,240.19865,2.6430728
-101.5502,240.48164,2.6520193
-102.10299,240.7764,2.6612623
-102.669395,241.07191,2.6693027
-103.24947,241.36852,2.6763985
-103.841156,241.66599,2.6822295
-104.410065,241.94705,2.6879604
-104.99342,242.23146,2.694279
-105.62102,242.53241,2.7012904
-106.2916,242.84811,2.7092743
-106.980034,243.16563,2.717824
-107.65606,243.47107,2.7254322
-108.32664,243.76707,2.7332478
-108.98262,244.05087,2.7413068
-109.579544,244.3038,2.7481077
-110.14278,244.53796,2.7535262
-110.67648,244.75642,2.7576373
-111.198586,244.9674,2.7610052
-111.70832,245.17117,2.764521
-112.192696,245.36256,2.7690592
-112.660706,245.54512,2.7747765
-113.1521,245.7342,2.7804506
-113.675865,245.93219,2.7857356
-114.165115,246.11407,2.7902524
-114.629074,246.2843,2.7943203
-115.054955,246.43872,2.7971787
-115.4589,246.58362,2.799726
-115.86465,246.72812,2.8019178
-116.266655,246.87016,2.8038273
-116.64545,247.00331,2.805394
-116.96309,247.11441,2.8066328
-117.18099,247.19032,2.8079846
-117.300766,247.232,2.8092344
-117.32373,247.2401,2.8097897
-117.302345,247.23277,2.8106265
-117.31773,247.23805,2.8118067
-117.398,247.26553,2.8127594
-117.553734,247.31863,2.8134804
-117.78049,247.39572,2.8141897
-118.099625,247.50397,2.8151832
-118.506584,247.64172,2.8154917
-118.969246,247.79851,2.8142328
-119.48623,247.9745,2.81068
-120.05771,248.17093,2.8058522
-120.67038,248.38441,2.8014033
-121.238754,248.58556,2.7977974
-121.74175,248.76585,2.7945104
-122.218925,248.93864,2.7907066
-122.72215,249.1232,2.785512
-123.29186,249.33534,2.779454
-123.92208,249.57391,2.7738934
-124.58908,249.8303,2.7696528
-125.23369,250.08154,2.7666123
-125.741974,250.28244,2.7637105
-126.18817,250.45963,2.7613025
-126.61658,250.63084,2.7590275
-127.03556,250.7997,2.7560472
-127.44423,250.9657,2.7522912
-127.83236,251.12447,2.7497685
-128.1851,251.26991,2.748656
-128.5156,251.40671,2.7486856
-128.83789,251.54027,2.7491858
-129.15887,251.67296,2.750444
-129.47563,251.80371,2.7515538
-129.78772,251.93202,2.7526002
-130.11842,252.06789,2.7519822
-130.4852,252.21828,2.750324
9.087978,254.4783,2.5836074
8.50286,254.84373,2.581904
7.9601507,255.18385,2.579703
7.4176683,255.52524,2.5777893
6.8494544,255.8832,2.578384
6.2585278,256.2564,2.5797868
5.651519,256.6378,2.5826142
5.056217,257.0105,2.5854971
4.4645395,257.3784,2.5870683
3.9218042,257.71332,2.5887666
3.3813238,258.04733,2.5879304
2.8474357,258.37726,2.5864651
2.3388872,258.69208,2.585263
1.8786898,258.97693,2.5853515
1.4382046,259.2503,2.586486
1.0399822,259.4967,2.5889027
0.6621522,259.72928,2.5928082
0.3345907,259.92902,2.5980463
0.03162073,260.1119,2.6036901
-0.26538256,260.28903,2.6096165
-0.5112856,260.43365,2.6150255
-0.7038671,260.54565,2.6195207
-0.8381286,260.62283,2.623493
-0.909581,260.66342,2.6282525
-0.97279674,260.6991,2.6342058
-1.0870637,260.7627,2.639641
-1.2428102,260.8481,2.6446574
-1.416473,260.94232,2.6496801
-1.6493171,261.06714,2.6547027
-1.9464425,261.22424,2.6603744
-2.2771492,261.39685,2.6665952
-2.6740716,261.60086,2.6729646
-3.1396723,261.83646,2.6778681
-3.6266267,262.08008,2.6814754
-4.072526,262.3012,2.6850238
-4.545307,262.53348,2.688715
-4.9953365,262.75244,2.691952
-5.400481,262.948,2.6962037
-5.814257,263.14548,2.7016232
-6.195963,263.32535,2.7061887
-6.429352,263.43494,2.7102358
-6.5385113,263.48605,2.7125041
-6.6214614,263.5241,2.7134304
-6.7815657,263.597,2.714808
-7.0165105,263.70383,2.715528
-7.3269143,263.8448,2.7148468
-7.762116,264.04266,2.7122
-8.294017,264.28552,2.7098405
-8.871889,264.55182,2.7070105
-9.461741,264.82535,2.7039442
-10.025595,265.08972,2.7003982
-10.578128,265.35052,2.6972156
-11.123185,265.61026,2.6938906
-11.670885,265.87363,2.6895514
-12.232135,266.1467,2.6834977
-12.816047,266.43448,2.6770444
-13.38049,266.7183,2.6690564
-13.9565735,267.01337,2.6583753
-14.523668,267.31192,2.6450377
-15.122379,267.6356,2.6315444
-15.727855,267.97388,2.620056
-16.321877,268.31424,2.611056
-16.949926,268.68182,2.6038945
-17.622478,269.08102,2.5986824
-18.309242,269.4942,2.595006
-18.994339,269.9095,2.594225
-19.728811,270.35574,2.5953357
-20.46253,270.8017,2.596295
-21.187088,271.24115,2.597522
-21.916794,271.68237,2.5992594
-22.657715,272.129,2.6008682
-23.385672,272.56583,2.6026826
-24.095058,272.98914,2.6060166
-24.791536,273.40198,2.6106803
-25.480862,273.80612,2.616433
-26.16244,274.20087,2.6226227
-26.850172,274.59378,2.6286423
-27.517065,274.96915,2.6345723
-28.167551,275.33002,2.6407797
-28.796595,275.6738,2.6474578
-29.415543,276.0068,2.6545038
-30.031965,276.33325,2.6612873
-30.65701,276.65903,2.6677167
-31.286036,276.9815,2.674388
-31.9013,277.29166,2.6810825
-32.488647,277.5821,2.687969
-33.08337,277.8718,2.6948557
-33.674633,278.15503,2.7014983
-34.284058,278.44257,2.7074258
-34.909637,278.73312,2.7131722
-35.574753,279.03784,2.7188537
-36.26744,279.3505,2.7241712
-37.001606,279.67728,2.7287972
-37.75292,280.00635,2.7339785
-38.511654,280.33438,2.7389245
-39.28066,280.66284,2.7423568
-40.063778,280.9938,2.7444773
-40.838406,281.3191,2.7455194
-41.58974,281.6334,2.7459955
73.24076,335.0845,1.8716749
72.98043,335.92377,1.8755013
72.74054,336.68646,1.8790389
72.508934,337.4143,1.8825797
72.29697,338.0728,1.8856481
72.09389,338.69763,1.8883221
71.89242,339.31168,1.8903474
71.68564,339.93842,1.8909794
71.469055,340.59097,1.8912522
71.24394,341.26868,1.8913951
71.012505,341.9664,1.8906144
70.777336,342.6731,1.8912845
70.54922,343.35822,1.8941858
70.34686,343.96527,1.897328
70.18181,344.4605,1.8994775
70.0398,344.88156,1.9025584
69.920105,345.23242,1.9052981
69.80599,345.5599,1.9095318
69.68022,345.9147,1.916978
69.55686,346.25653,1.9258062
69.43159,346.59497,1.9338046
69.27878,346.99887,1.9416678
69.100525,347.45953,1.9478761
68.92047,347.91376,1.9533336
68.745674,348.34912,1.957795
68.554634,348.81882,1.9609805
68.33131,349.36154,1.9640061
68.08028,349.96753,1.9656975
67.824104,350.5826,1.9658884
67.61229,351.0937,1.9644402
67.42069,351.555,1.9632246
67.22176,352.03394,1.9637321
66.99266,352.5861,1.9656602
66.726685,353.22488,1.9677898
66.44215,353.9074,1.9666524
66.14319,354.62402,1.9630053
65.84791,355.33994,1.9571658
65.56318,356.04065,1.9504759
65.288956,356.72733,1.9446062
65.03854,357.3675,1.9392211
64.801254,357.98227,1.9350826
64.57684,358.57294,1.9304562
64.360725,359.14874,1.9251992
64.150986,359.71536,1.9201876
63.942207,360.28842,1.9152108
63.7254,360.893,1.9095888
63.494324,361.54858,1.9032581
63.25187,362.2497,1.897085
63.004498,362.97873,1.8920275
62.747353,363.7479,1.8890961
62.483547,364.54614,1.8877772
62.213432,365.3673,1.8875942
61.936306,366.21075,1.8881403
61.660866,367.04938,1.8885009
61.395893,367.85672,1.8887206
61.138355,368.63882,1.8902497
60.88225,369.41345,1.8924116
60.636745,370.1531,1.8935823
60.39426,370.87772,1.8948479
60.17984,371.51584,1.8966258
59.966805,372.14487,1.8989757
59.75614,372.76276,1.9018811
59.536858,373.40143,1.9045886
59.34004,373.96704,1.9076447
59.16643,374.46075,1.9105555
58.99432,374.9476,1.9134552
58.832035,375.40283,1.9158095
58.677143,375.83395,1.9178026
58.51026,376.2954,1.9198886
58.33279,376.78268,1.9222645
58.1694,377.22827,1.9245834
57.993774,377.70547,1.9252914
57.79188,378.2516,1.9252398
57.57721,378.83243,1.9248972
57.35324,379.43887,1.9242293
57.14025,380.0155,1.9239606
56.923996,380.6037,1.9224178
56.699688,381.21643,1.9193999
56.46026,381.87485,1.916134
56.221344,382.53964,1.9125726
55.98206,383.21277,1.9084413
55.737324,383.9088,1.9047384
55.492096,384.61563,1.9012382
55.253304,385.31036,1.8987061
55.019073,385.99857,1.8967469
54.795437,386.6605,1.8946666
54.588387,387.27792,1.8917351
54.403904,387.83215,1.8882123
54.22095,388.38824,1.8848313
54.045135,388.92908,1.8821119
53.852947,389.5244,1.8807658
53.641983,390.18295,1.8793403
53.421455,390.87613,1.8769937
53.211353,391.53918,1.875423
52.996048,392.22385,1.8742065
52.777565,392.92313,1.8723612
52.555767,393.63913,1.8686079
52.326565,394.39014,1.8618118
52.09132,395.17908,1.8521293
64.80046,436.77048,1.8478646
64.53924,437.68713,1.8415664
64.29784,438.55466,1.8371594
64.06891,439.3908,1.8342264
63.852097,440.19388,1.8317806
63.64745,440.96252,1.8277495
63.450493,441.7185,1.8200004
63.270226,442.4369,1.8065587
63.098194,443.14877,1.7926884
62.927563,443.8972,1.782884
62.762283,444.6602,1.7777449
62.597004,445.4441,1.7756191
62.430256,446.24374,1.7761472
62.26131,447.0544,1.7779627
62.087677,447.8821,1.7796373
61.912354,448.70895,1.7813524
61.739784,449.51987,1.7817512
61.57217,450.30002,1.7822019
61.408703,451.05728,1.784437
61.25563,451.76093,1.78737
61.11268,452.4103,1.7891136
60.973236,453.03577,1.790238
60.834347,453.65802,1.7907581
60.69052,454.30362,1.7904422
60.550686,454.93042,1.7898002
60.412006,455.55234,1.788579
60.276096,456.16367,1.7882452
60.144474,456.75983,1.7870203
60.016846,457.3385,1.784889
59.899624,457.8692,1.784106
59.78226,458.41037,1.7820488
59.668446,458.94217,1.7785286
59.56085,459.45068,1.7735959
59.46481,459.91388,1.7671078
59.3729,460.3769,1.7559942
59.288563,460.82254,1.7446187
59.207943,461.27972,1.7346097
59.122818,461.79843,1.7264571
59.035885,462.36185,1.7206439
58.953403,462.9075,1.7175266
58.874134,463.4404,1.7156239
58.796345,463.97137,1.7146095
58.72285,464.47928,1.7128494
58.649963,464.98862,1.709961
58.58466,465.46533,1.7021257
58.528202,465.89658,1.6890682
58.48222,466.2826,1.6740975
58.440365,466.68478,1.6586034
58.401417,467.11884,1.6477493
58.36673,467.56848,1.6390176
58.33526,468.02707,1.6308466
58.306957,468.5022,1.6217724
58.28171,469.0024,1.6105906
58.260742,469.52835,1.598526
58.24587,470.0751,1.5855134
58.23794,470.62943,1.5713571
58.238625,471.19064,1.5537411
58.248756,471.76605,1.5331372
58.270878,472.3596,1.5123191
58.306175,472.957,1.490895
58.354218,473.54248,1.4663299
58.415447,474.11224,1.4366157
58.49035,474.6655,1.4046711
58.58096,475.20804,1.3740029
58.685616,475.73788,1.34749
58.800877,476.2484,1.3259044
58.929424,476.76962,1.3100095
59.071117,477.30338,1.2982386
59.22155,477.8448,1.2897104
59.376835,478.37985,1.280381
59.53684,478.91376,1.2688762
59.705677,479.4535,1.2546732
59.87843,479.97894,1.2374635
60.058193,480.497,1.21814
60.246994,481.0085,1.1969117
60.452343,481.5303,1.1725664
60.670406,482.04843,1.1469193
60.900875,482.5604,1.1225604
61.146057,483.06885,1.0971092
61.401604,483.56824,1.0719161
61.660404,484.0428,1.0477941
61.914875,484.48187,1.021964
62.1663,484.88943,0.99074656
62.437977,485.30396,0.9551714
62.735794,485.726,0.91938734
63.05534,486.14566,0.8846663
63.390503,486.5558,0.8519671
63.732517,486.9444,0.816623
64.08095,487.31488,0.77817416
64.43126,487.65735,0.733856
64.780396,487.97168,0.68434536
65.15517,488.27905,0.6367907
65.562355,488.581,0.59450215
66.01538,488.8889,0.5549951
66.511215,489.19693,0.51640123
67.04654,489.5021,0.47891915
67.58944,489.784,0.44362545
68.14011,490.0456,0.4087627
68.70916,490.29324,0.37592342
64.1411,519.1762,2.4032087
63.6834,519.5934,2.3766286
63.2943,519.96844,2.3474498
62.96305,520.3083,2.3118122
62.662624,520.6379,2.269851
62.420002,520.929,2.2253582
62.22606,521.18225,2.1812873
62.049774,521.43414,2.138007
61.881092,521.6983,2.0957432
61.71716,521.981,2.0537498
61.565605,522.269,2.0149865
61.422775,522.5671,1.9814941
61.285187,522.88153,1.9526904
61.14666,523.225,1.926428
61.01352,523.5831,1.9018998
60.87914,523.9714,1.8799113
60.732395,524.4278,1.8610537
60.5824,524.9273,1.8460546
60.44027,525.43243,1.8308978
60.313606,525.9119,1.8127569
60.206215,526.3539,1.7904246
60.109585,526.7855,1.7672826
60.013313,527.26135,1.7468107
59.932907,527.7215,1.7245432
59.860706,528.1873,1.7001194
59.80375,528.63293,1.6735476
59.75875,529.0699,1.6462642
59.72748,529.48627,1.6201428
59.70613,529.9115,1.5948682
59.695175,530.3456,1.571402
59.694572,530.8061,1.5482205
59.705517,531.31,1.5243543
59.730503,531.8576,1.4995694
59.771534,532.4681,1.477669
59.829525,533.09814,1.4573466
59.9078,533.8186,1.4401438
60.00507,534.5876,1.4256951
60.1121,535.32745,1.417523
60.229687,536.08923,1.4119111
60.35277,536.8508,1.402539
60.481094,537.5947,1.3889363
60.614372,538.31366,1.3730577
60.751717,538.9881,1.3547931
60.876667,539.5461,1.336862
61.005363,540.08026,1.3175883
61.139843,540.59296,1.2924547
61.282753,541.08887,1.2609562
61.446564,541.60223,1.2277347
61.63422,542.1283,1.1989033
61.836014,542.6407,1.1646923
62.037502,543.10693,1.1221259
62.217854,543.481,1.0698291
62.37081,543.7629,1.0054624
62.499615,543.967,0.9351212
62.61705,544.1259,0.8371348
62.81228,544.34155,0.7598257
63.095615,544.6099,0.70866954
63.399475,544.87085,0.6627319
63.73617,545.13153,0.6023871
64.107895,545.3859,0.5442584
64.461105,545.6016,0.47341797
64.78324,545.7685,0.42326337
65.17943,545.9474,0.3908387
65.665695,546.14856,0.3723873
66.29635,546.3952,0.36114398
66.834915,546.5988,0.35331377
67.36738,546.7961,0.34852263
67.99889,547.0252,0.34247133
68.743805,547.29065,0.33294204
69.567604,547.5758,0.3210181
70.46089,547.87463,0.3097519
71.32424,548.15076,0.29936832
72.18501,548.41766,0.2918387
72.99293,548.66064,0.28718376
73.827515,548.9069,0.28305212
74.68353,549.15704,0.2794248
75.57111,549.4127,0.27723044
76.53739,549.6868,0.27176273
77.557014,549.97266,0.2641555
78.56448,550.2473,0.25887704
79.58485,550.5181,0.25575602
80.52999,550.76355,0.2533105
81.336494,550.9654,0.25033277
82.22682,551.1943,0.24983998
83.12982,551.42615,0.249765
84.081375,551.6705,0.25120765
85.08048,551.929,0.25400698
86.0645,552.1848,0.2571353
87.017,552.43506,0.2608864
88.035545,552.71063,0.2695578
89.072495,552.9975,0.27899912
90.12458,553.29755,0.28594106
91.227875,553.6265,0.2973252
92.35434,553.9691,0.30893096
93.5413,554.3457,0.32110676
94.72409,554.7352,0.33760446
95.93536,555.15063,0.34392002
97.198875,555.58997,0.34438285
98.497055,556.0422,0.34442782
170.22733,492.8641,-0.47701055
171.4552,492.23193,-0.47905284
172.55412,491.6785,-0.46047977
173.53877,491.20993,-0.44870767
174.43936,490.78033,-0.4545243
175.385,490.31726,-0.46091223
176.42531,489.79834,-0.45760098
177.4324,489.30475,-0.4479768
178.46768,488.80106,-0.45395106
179.48071,488.31046,-0.45785218
180.48334,487.81726,-0.46100023
181.43738,487.34705,-0.4629474
182.37753,486.87747,-0.46621922
183.38354,486.37283,-0.46651348
184.45607,485.83212,-0.46588138
185.56221,485.27194,-0.4673851
186.49925,484.8175,-0.4563023
187.46785,484.34048,-0.4575956
188.51558,483.8193,-0.45814234
189.64624,483.2583,-0.44893235
190.8381,482.6736,-0.4357289
192.03856,482.10913,-0.4281067
193.22203,481.57318,-0.4355379
194.32475,481.0821,-0.4429481
195.33022,480.63123,-0.45043194
196.26907,480.1905,-0.45982814
197.1609,479.75467,-0.4696632
198.05132,479.30106,-0.48176473
198.91948,478.8467,-0.4959792
199.81528,478.36377,-0.5082918
200.74669,477.84976,-0.51572996
201.70909,477.30524,-0.51912767
202.74484,476.7088,-0.5189438
203.83183,476.08,-0.50921404
204.81615,475.56476,-0.4649706
205.63805,475.21677,-0.43262073
206.40115,474.87628,-0.44275925
207.0988,474.55695,-0.4567013
207.72786,474.25232,-0.48177072
208.32434,473.94073,-0.51697826
208.85951,473.63885,-0.55206335
209.34625,473.34024,-0.5943569
209.81998,473.0197,-0.63592464
210.3278,472.63718,-0.6828646
210.8349,472.23404,-0.68781954
211.27324,471.87866,-0.69619966
211.6714,471.54736,-0.7010963
212.0383,471.23853,-0.7046822
212.37299,470.95447,-0.7076034
212.67476,470.6965,-0.7107316
212.96117,470.45016,-0.71411633
213.23734,470.21103,-0.71654177
213.5228,469.96307,-0.71703947
213.82814,469.69684,-0.71441036
214.13887,469.42776,-0.71051234
214.47346,469.13934,-0.70604783
214.82452,468.8401,-0.7000499
215.15741,468.5609,-0.6916019
215.47394,468.29977,-0.68252003
215.76569,468.064,-0.67319787
216.03506,467.851,-0.66352254
216.30792,467.6383,-0.65395164
216.58507,467.42575,-0.64451075
216.91046,467.17853,-0.6367601
217.21622,466.95264,-0.6270436
217.53389,466.72156,-0.61999047
217.80942,466.52722,-0.6125568
218.07635,466.3407,-0.6087855
218.32796,466.16626,-0.6087197
218.55957,466.0064,-0.61100894
218.76105,465.86722,-0.61528385
218.99518,465.70126,-0.6233942
219.27827,465.4955,-0.63237745
219.58195,465.27197,-0.6380812
219.85675,465.06943,-0.6381408
220.13025,464.8667,-0.6370152
220.34184,464.71136,-0.6332892
220.45444,464.6293,-0.6287074
220.51848,464.58282,-0.6232894
220.62077,464.50916,-0.61758363
220.80675,464.37668,-0.61390877
221.07004,464.19083,-0.61144316
221.39651,463.9617,-0.60848075
221.77951,463.69547,-0.60056984
222.18188,463.41913,-0.5903497
222.52527,463.1902,-0.582608
222.86728,462.96393,-0.5813628
223.2631,462.7028,-0.5811328
223.71434,462.4057,-0.58103013
224.16566,462.1093,-0.5813936
224.60002,461.8223,-0.5861424
225.05922,461.5182,-0.59131604
225.5468,461.19168,-0.59275854
226.03737,460.86148,-0.59204865
226.53311,460.52768,-0.5917643
227.00714,460.21066,-0.5888656
227.5315,459.85892,-0.58654666
228.0931,459.4836,-0.58529365
228.72166,459.0634,-0.58672833
273.88013,479.73938,2.3955765
273.17554,480.3903,2.392785
272.55032,480.96988,2.3910098
271.96906,481.51147,2.3884892
271.3841,482.0586,2.3865106
270.80936,482.59976,2.3850553
270.23672,483.13977,2.3835542
269.6779,483.6699,2.3803513
269.17145,484.15063,2.3763285
268.72488,484.57785,2.3703887
268.31866,484.97076,2.362468
267.9363,485.349,2.3500297
267.60526,485.68268,2.3356323
267.3598,485.93753,2.3176622
267.1581,486.15643,2.2889667
266.98175,486.35873,2.2525582
266.81918,486.55942,2.2127109
266.66705,486.7627,2.1729836
266.5183,486.9786,2.1344924
266.3666,487.2179,2.0970812
266.202,487.49988,2.0609171
266.0349,487.81247,2.0272481
265.87213,488.1421,1.9977142
265.70688,488.5027,1.9746268
265.5426,488.88538,1.9575286
265.38486,489.27225,1.9430684
265.23703,489.65033,1.9300265
265.09894,490.0175,1.9184418
264.97003,490.37302,1.9078605
264.85098,490.71335,1.896975
264.7439,491.03394,1.8809012
264.64847,491.3316,1.8631372
264.55994,491.6247,1.8471968
264.47467,491.92392,1.833511
264.39658,492.2119,1.824278
264.3269,492.4827,1.8150101
264.2682,492.7195,1.8038311
264.2195,492.92657,1.7883855
264.1743,493.13297,1.7678008
264.1302,493.35477,1.7434846
264.08768,493.59842,1.7177116
264.0463,493.87613,1.6915569
264.00934,494.18298,1.6623001
263.98093,494.5023,1.626998
263.9609,494.83496,1.5944859
263.95667,495.1592,1.5503945
263.96353,495.39713,1.5025567
263.97534,495.56064,1.4558195
263.98773,495.6585,1.4092953
263.99927,495.73087,1.3622969
264.01434,495.80017,1.3128173
264.02594,495.8423,1.2611915
264.03,495.85425,1.212743
264.03033,495.8553,1.1689448
264.04745,495.89777,1.127398
264.1041,496.0186,1.087897
264.1934,496.18954,1.0502992
264.30338,496.38016,1.0064294
264.42966,496.5778,0.9500878
264.5671,496.7692,0.8850523
264.69943,496.92944,0.8144938
264.84933,497.0891,0.7351071
265.03943,497.26215,0.65783566
265.2681,497.43973,0.58622855
265.43307,497.54504,0.51612616
265.53445,497.60126,0.41857392
265.58987,497.62476,0.31873477
265.57788,497.61902,0.21808305
265.49194,497.5991,0.10517657
265.38464,497.5887,-0.020639071
265.3513,497.58994,-0.12274085
265.35333,497.59,-0.21797568
265.37692,497.58484,-0.3059836
265.41245,497.57376,-0.38945127
265.49472,497.5411,-0.4773073
265.6731,497.44913,-0.5622121
265.8937,497.30945,-0.64761966
266.10995,497.14603,-0.7371196
266.31674,496.9582,-0.8250684
266.51202,496.7476,-0.90853846
266.70233,496.5037,-0.98577815
266.89813,496.20663,-1.0651443
267.07388,495.8881,-1.1437432
267.22006,495.56818,-1.2303582
267.34512,495.21756,-1.3035618
267.4515,494.83353,-1.3524742
267.5434,494.41937,-1.3903399
267.6268,493.964,-1.4243346
267.7015,493.46497,-1.4518507
267.7638,492.9511,-1.4730474
267.81546,492.42554,-1.4924836
267.85715,491.89252,-1.5122182
267.88892,491.35806,-1.5309365
267.9097,490.8331,-1.5491456
267.92102,490.33072,-1.5654253
267.92432,489.851,-1.5783417
267.92197,489.36716,-1.5866222
267.9143,488.8802,-1.592591
267.90277,488.37656,-1.6000973
325.8934,466.65823,-1.3321329
326.04688,466.02762,-1.3426397
326.1864,465.4243,-1.3547772
326.32214,464.8033,-1.3700181
326.452,464.1532,-1.3926841
326.5711,463.4814,-1.4247892
326.67285,462.78845,-1.4610932
326.75067,462.0896,-1.4948798
326.8011,461.41904,-1.528135
326.82657,460.80417,-1.5665488
326.82968,460.1871,-1.6097668
326.80377,459.53314,-1.6488544
326.7492,458.84506,-1.6858677
326.6702,458.1613,-1.7199954
326.5607,457.4375,-1.7554698
326.42233,456.70966,-1.7857546
326.29092,456.08548,-1.8218175
326.17004,455.59253,-1.8870305
326.0111,455.10995,-1.9812181
325.78845,454.59976,-2.0504224
325.508,454.06323,-2.1163769
325.1527,453.48334,-2.1748893
324.75674,452.91003,-2.2171628
324.3611,452.38217,-2.274457
324.00626,451.94812,-2.334994
323.6553,451.5805,-2.431429
323.2463,451.23004,-2.514555
322.78812,450.8987,-2.5822532
322.2704,450.57742,-2.6521192
321.67047,450.26126,-2.705817
320.94583,449.9355,-2.7577438
320.28207,449.64633,-2.7433274
319.7162,449.40576,-2.8163595
319.15573,449.21408,-2.8831105
318.5494,449.05527,-2.945061
317.88086,448.92322,-2.982165
317.16898,448.81165,-3.014792
316.3884,448.7201,-3.0518973
315.62534,448.63986,-3.0471082
314.915,448.5734,-3.0946848
314.2436,448.5322,-3.1198146
313.53467,448.52838,3.09978
312.6955,448.57153,3.0784903
311.9094,448.60757,3.0858288
311.18796,448.6476,3.0312488
310.5186,448.70938,3.0042377
309.85974,448.80997,2.9235427
309.0815,448.99966,2.8656542
308.2478,449.23352,2.8619153
307.43958,449.47437,2.7897706
306.5905,449.79974,2.7302382
305.70947,450.19586,2.6904457
304.83267,450.61557,2.6668553
304.0349,450.9896,2.6399841
303.3073,451.3977,2.5384455
302.6131,451.8504,2.5057442
302.03903,452.23398,2.4591308
301.57645,452.59937,2.3691535
301.14948,453.023,2.272017
300.74887,453.49417,2.2078722
300.41193,453.9466,2.1186001
300.13168,454.40457,2.0231216
299.9013,454.87698,1.9294174
299.73022,455.32703,1.8476819
299.61496,455.72687,1.759361
299.54208,456.10178,1.6776383
299.5002,456.48795,1.6065762
299.48447,456.9463,1.5506371
299.49713,457.49667,1.5077231
299.5251,457.98584,1.4775441
299.56424,458.40765,1.4335115
299.62158,458.82446,1.3928325
299.69,459.20764,1.3516619
299.76416,459.53925,1.3033731
299.8537,459.8643,1.2435234
299.9425,460.1313,1.1999719
300.00333,460.2892,1.1491482
300.06073,460.41782,1.0993603
300.1652,460.62277,1.0420887
300.31622,460.88254,1.0136403
300.45074,461.09775,0.96865207
300.5936,461.3054,0.92927533
300.7459,461.50735,0.8713353
300.9616,461.76175,0.8142761
301.21826,462.03113,0.7467001
301.5123,462.30182,0.6726311
301.80527,462.53717,0.5958455
302.05774,462.71036,0.5101283
302.28094,462.83655,0.42350227
302.53217,462.94876,0.33544523
302.84235,463.05716,0.27300102
303.1649,463.14728,0.21108752
303.53265,463.22525,0.15057021
303.94003,463.28662,0.09837706
304.34833,463.32745,0.047230545
304.73947,463.34735,0.0045374073
305.09927,463.3501,-0.031693157
305.42487,463.3411,-0.060665783
305.69568,463.32587,-0.0806815
320.19797,374.4778,-1.2998205
320.27957,374.1797,-1.326171
320.33356,373.9544,-1.3654071
320.3663,373.78894,-1.4137118
320.38116,373.68332,-1.4689062
320.3844,373.63785,-1.5294145
320.38324,373.6421,-1.5971522
320.38388,373.67755,-1.6685412
320.38858,373.72485,-1.7451273
320.39728,373.77478,-1.8257247
320.41357,373.83844,-1.9094186
320.44254,373.92154,-1.9927914
320.48114,374.00812,-2.0689662
320.514,374.06784,-2.1350205
320.5185,374.07358,-2.195769
320.48337,374.02313,-2.2561743
320.42154,373.94778,-2.320288
320.32162,373.83762,-2.3817968
320.12607,373.64877,-2.441525
319.85516,373.41843,-2.496382
319.5571,373.19382,-2.5470695
319.2721,373.00082,-2.5916483
318.99692,372.83167,-2.6302078
318.70407,372.66617,-2.663924
318.41837,372.5179,-2.691879
318.17892,372.4019,-2.7095413
317.9772,372.30844,-2.7186344
317.75153,372.2061,-2.7238457
317.51883,372.10278,-2.7282672
317.32297,372.01685,-2.7306623
317.16385,371.94763,-2.7316701
317.02945,371.8892,-2.73137
316.8806,371.8243,-2.7299714
316.66693,371.73074,-2.7274609
316.39417,371.61066,-2.7250524
316.07056,371.4672,-2.722066
315.68423,371.2947,-2.719489
315.23203,371.0912,-2.7167926
314.73785,370.86737,-2.7141573
314.22168,370.6318,-2.7108047
313.65164,370.36963,-2.7071636
313.06937,370.09958,-2.7046854
312.49307,369.83182,-2.7049482
311.927,369.56915,-2.7091517
311.33667,369.29678,-2.7152245
310.7464,369.02832,-2.7205794
310.20654,368.78558,-2.7236698
309.71017,368.56363,-2.724042
309.24252,368.35635,-2.724672
308.7746,368.1493,-2.726379
308.345,367.95898,-2.7264042
307.99146,367.80228,-2.7263393
307.64273,367.6488,-2.727725
307.24615,367.47516,-2.729318
306.8797,367.3162,-2.7354608
306.5352,367.16827,-2.7445738
306.1723,367.01608,-2.753675
305.82684,366.87503,-2.7627254
305.56915,366.77173,-2.7696366
305.44406,366.7226,-2.7766535
305.4368,366.71948,-2.783786
305.4766,366.73438,-2.7934625
305.49738,366.74188,-2.8073
305.50433,366.74432,-2.827024
305.48373,366.73724,-2.8549616
305.3978,366.71225,-2.8800428
305.33408,366.69516,-2.914845
305.23877,366.6735,-2.9535198
305.12424,366.65176,-3.0011215
304.97836,366.6314,-3.0481963
304.82858,366.61768,-3.1065981
304.65494,366.61172,3.1139467
304.46954,366.6166,3.0583365
304.30493,366.62997,3.0079546
304.14395,366.65155,2.9592772
303.95062,366.6873,2.920683
303.75653,366.73083,2.8818576
303.54938,366.78592,2.8440135
303.29874,366.86307,2.8130548
302.9871,366.96994,2.783551
302.66443,367.08936,2.7681916
302.4378,367.17633,2.757539
302.28024,367.2393,2.7502627
302.1486,367.29346,2.7457783
302.0009,367.35568,2.7367744
301.67203,367.49585,2.7297845
301.07803,367.75732,2.7228253
300.30414,368.1101,2.708018
299.468,368.49988,2.692978
298.63074,368.90518,2.6689272
297.79065,369.33704,2.6379771
296.9419,369.8079,2.6064286
296.09164,370.3148,2.5703878
295.2653,370.84232,2.5366325
294.486,371.37646,2.5031636
293.75696,371.9151,2.46705
293.04486,372.48798,2.4211192
292.31686,373.13367,2.3784256
291.57208,373.85455,2.3413162
271.6031,296.35406,-1.1429949
272.07867,295.30865,-1.182978
272.50864,294.25754,-1.2281908
272.889,293.18994,-1.2759762
273.22397,292.0763,-1.3233402
273.51596,290.90958,-1.3665502
273.76407,289.69257,-1.408673
273.96756,288.42538,-1.4487342
274.12515,287.13867,-1.484156
274.23727,285.8525,-1.5251614
274.3011,284.5901,-1.560477
274.3151,283.34937,-1.6025336
274.27286,282.09482,-1.6392934
274.18823,280.8473,-1.6744355
274.0528,279.5892,-1.7254335
273.8524,278.31635,-1.765277
273.60773,277.06137,-1.8050766
273.32013,275.8431,-1.8519915
272.99146,274.68094,-1.8918164
272.61,273.53906,-1.9387811
272.1494,272.36127,-1.9737327
271.62637,271.147,-2.0058398
271.05283,269.9218,-2.0359764
270.45187,268.71545,-2.062655
269.84686,267.56418,-2.0895112
269.23392,266.47336,-2.125811
268.6088,265.4467,-2.1648726
267.9702,264.48618,-2.2047899
267.39816,263.65857,-2.2365646
266.7972,262.89835,-2.3132904
266.19946,262.2203,-2.333312
265.73965,261.69907,-2.358202
265.40527,261.35034,-2.4115982
265.17175,261.13507,-2.4788997
264.8918,260.91904,-2.5730767
264.5274,260.68533,-2.6248813
264.10318,260.44446,-2.6821995
263.6099,260.20038,-2.723528
262.92972,259.89706,-2.7617848
262.0447,259.54782,-2.7799594
261.06387,259.1837,-2.8022645
260.24207,258.8785,-2.8127747
259.30173,258.57516,-2.8893077
258.19107,258.3009,-2.9163215
257.14072,258.04895,-2.934096
256.24313,257.84003,-2.975476
255.31342,257.6916,-3.050699
254.22719,257.59924,-3.0990999
253.18823,257.54706,-3.1092858
252.20944,257.51334,3.1281812
251.19623,257.5283,3.083417
250.13957,257.59006,3.0518062
249.06827,257.6866,3.0261052
247.97383,257.81436,3.0010502
246.87816,257.97018,2.9760008
245.7878,258.1521,2.9505367
244.69376,258.36523,2.9228184
243.5561,258.61417,2.8945835
242.37144,258.907,2.8708036
241.16217,259.23993,2.849785
239.9397,259.60495,2.8278244
238.71884,260.00256,2.8012183
237.52876,260.42734,2.7696116
236.38315,260.8776,2.7366006
235.32506,261.33658,2.7067175
234.37071,261.7889,2.679053
233.3825,262.2733,2.6597373
232.34598,262.8136,2.6344056
231.25719,263.41156,2.6097248
230.12831,264.07117,2.589271
228.99243,264.77048,2.570922
228.02585,265.39627,2.552999
227.21901,265.93988,2.5353954
226.5407,266.41473,2.5157273
225.93823,266.8538,2.4906945
225.33804,267.31046,2.4611924
224.7318,267.8017,2.4300785
224.11916,268.3276,2.4008293
223.4159,268.96652,2.3769464
222.57462,269.76947,2.3576531
221.65517,270.68414,2.3420453
220.70126,271.66507,2.3254297
219.75682,272.6672,2.3114996
218.85287,273.65323,2.3064876
217.95824,274.64032,2.3095388
217.031,275.65756,2.3160048
216.10606,276.66306,2.3215492
215.19527,277.6384,2.3169541
214.28485,278.6271,2.3053432
213.38373,279.6269,2.289188
212.52684,280.60693,2.2609947
211.7421,281.54675,2.2212873
211.0222,282.49167,2.1663742
210.34674,283.48898,2.1251585
209.71367,284.50436,2.097774
209.1317,285.48154,2.0796163
208.5824,286.4714,2.052491
208.04211,287.51913,2.0350997
207.49771,288.63043,2.018656
196.889,178.18146,-1.0991455
197.47772,177.02942,-1.1360751
198.02081,175.86371,-1.1634818
198.53789,174.65053,-1.20065
199.03136,173.36667,-1.2224979
199.49835,172.10753,-1.2343376
199.93262,170.87164,-1.264596
200.32666,169.64404,-1.2815789
200.69073,168.41216,-1.3049496
201.03159,167.14859,-1.3259684
201.35468,165.83748,-1.3449845
201.66083,164.50203,-1.3608166
201.94093,163.19687,-1.3789235
202.19083,161.90634,-1.3991082
202.41988,160.58913,-1.4208149
202.62305,159.24872,-1.4404036
202.80045,157.90753,-1.4556494
202.93953,156.67981,-1.4659595
203.06392,155.49844,-1.4739008
203.1771,154.32722,-1.4826543
203.26877,153.24518,-1.49722
203.34613,152.2036,-1.5141054
203.40627,151.09225,-1.5364686
203.44612,149.93352,-1.5588751
203.46083,148.844,-1.5790594
203.44772,147.76161,-1.6161399
203.39284,146.57394,-1.642852
203.31523,145.43608,-1.6562974
203.21371,144.31442,-1.6913619
203.06087,143.07909,-1.703763
202.90271,141.86781,-1.718927
202.72275,140.68352,-1.7518895
202.49947,139.4751,-1.7868639
202.22676,138.24629,-1.8275093
201.89449,136.98972,-1.8634782
201.51524,135.73712,-1.9054332
201.08463,134.50029,-1.9544967
200.59381,133.2866,-2.0112116
200.03658,132.10248,-2.0680845
199.40866,130.947,-2.1225276
198.72952,129.83612,-2.1634252
198.01913,128.77814,-2.2081137
197.27701,127.77374,-2.2530518
196.5226,126.84074,-2.3005366
195.72496,125.950554,-2.353757
194.86421,125.08369,-2.4052591
193.94281,124.24514,-2.4428189
192.98029,123.43476,-2.4650881
192.0008,122.64942,-2.4839764
191.01776,121.88876,-2.5044868
190.03282,121.15842,-2.5206661
189.04674,120.45159,-2.5349853
188.01125,119.73638,-2.549055
186.93301,119.01457,-2.5594301
185.83443,118.29525,-2.5724766
184.7011,117.577614,-2.592947
183.58034,116.888885,-2.6148129
182.4757,116.24025,-2.6543384
181.30293,115.63474,-2.7131512
180.0737,115.076454,-2.7486758
178.9545,114.566895,-2.7631474
177.8774,114.12991,-2.8199594
176.84239,113.767876,-2.868236
175.87422,113.484184,-2.9278197
174.92169,113.2738,-2.997161
173.9373,113.1313,-3.0572371
172.88211,113.047745,-3.105282
171.74983,113.013725,-3.1380885
170.57808,113.0146,3.121656
169.38228,113.04172,3.097923
168.15996,113.10021,3.0707486
167.04411,113.16579,3.050414
165.95316,113.2611,3.02557
164.81995,113.39508,2.9993083
163.60236,113.57392,2.9780412
162.54512,113.7387,2.9719539
161.49817,113.91499,2.9494178
160.4827,114.11187,2.9222305
159.51382,114.322525,2.8919024
158.54773,114.568924,2.8557398
157.71585,114.79451,2.8336341
156.92683,115.03879,2.7955418
156.16328,115.31267,2.751472
155.384,115.63307,2.7096815
154.57684,116.00536,2.671365
153.78429,116.40914,2.633125
153.02962,116.830315,2.5931463
152.28767,117.28396,2.5518644
151.45369,117.834915,2.5130548
150.52505,118.49793,2.4844658
149.6107,119.20611,2.4638343
148.70377,119.937225,2.4423862
147.79172,120.70737,2.4210606
146.8833,121.507034,2.4064257
145.96417,122.34333,2.392494
145.07045,123.172005,2.3815436
144.26585,123.915245,2.3729882
143.50397,124.643845,2.3522677
142.74742,125.40551,2.3300786
116.968475,60.021957,-0.79182345
117.77832,59.19894,-0.8067697
118.47807,58.46978,-0.82294476
119.142784,57.75283,-0.84161913
119.781815,57.03769,-0.8632475
120.422066,56.288765,-0.88709074
121.04121,55.527134,-0.911589
121.69003,54.681416,-0.94274914
122.34774,53.7658,-0.9747539
123.018814,52.768333,-1.0022933
123.64676,51.779446,-1.0234777
124.25517,50.777466,-1.0477277
124.794174,49.849777,-1.0738952
125.36246,48.796936,-1.1053593
125.897026,47.73231,-1.1297808
126.42335,46.616005,-1.1508526
126.92371,45.488216,-1.1710737
127.41859,44.305496,-1.1973834
127.86902,43.156097,-1.2243588
128.27399,42.044468,-1.2579031
128.6247,40.983906,-1.2941133
128.92595,39.941273,-1.3317456
129.18575,38.89739,-1.3658938
129.3981,37.916817,-1.3894949
129.58844,36.886974,-1.4128681
129.75082,35.89,-1.4305137
129.89238,34.96074,-1.4431971
130.01793,34.011723,-1.4579933
130.12842,33.005756,-1.4760422
130.21927,31.986897,-1.4978712
130.29091,30.967354,-1.5244182
130.33188,29.864483,-1.5568012
130.33821,28.706821,-1.5880797
130.31093,27.55455,-1.6169963
130.24101,26.310637,-1.6509284
130.13467,25.10007,-1.6864005
129.9615,23.74438,-1.7302898
129.73366,22.387121,-1.7641857
129.47382,21.079966,-1.7973951
129.16621,19.761457,-1.8403498
128.82043,18.493807,-1.8810583
128.43925,17.277632,-1.9213533
128.03308,16.130924,-1.9567616
127.61813,15.067103,-1.987222
127.17321,14.037883,-2.015243
126.69923,13.034997,-2.0387602
126.21395,12.066084,-2.061288
125.72664,11.144386,-2.0860686
125.262634,10.309114,-2.1176717
124.86213,9.623489,-2.148134
124.48974,9.047898,-2.1888785
124.08332,8.476305,-2.221404
123.592735,7.842055,-2.2591627
122.95182,7.08655,-2.277892
122.3482,6.3453307,-2.2712605
121.78158,5.6871076,-2.343578
121.08455,4.983533,-2.3953428
120.353485,4.3082247,-2.442306
119.54975,3.6336377,-2.5019088
118.693565,2.9974303,-2.5358787
117.8618,2.4215255,-2.6015854
117.0295,1.9198396,-2.6698186
116.19862,1.4942518,-2.745087
115.35602,1.1395454,-2.8121958
114.48586,0.84251934,-2.8817363
113.56534,0.59786475,-2.936555
112.68125,0.40895858,-2.9841216
111.86966,0.27679336,-3.058508
111.05983,0.21057567,-3.1413507
110.17897,0.21297193,3.0668354
109.178116,0.29117024,3.0013244
108.029396,0.45924646,2.9411764
106.75373,0.72789025,2.9040124
105.504005,1.0268005,2.879236
104.23744,1.3738484,2.8146892
103.190765,1.676764,2.8197145
102.35485,1.9326674,2.712116
101.574265,2.3032904,2.5696716
100.69701,2.8923876,2.495524
99.77247,3.5866995,2.4806495
98.90082,4.287084,2.386239
98.063446,4.95997,2.455094
97.346695,5.5713453,2.3344488
96.647675,6.2395873,2.3383484
96.07467,6.838165,2.2622986
95.51141,7.52379,2.2142038
94.95287,8.284463,2.1531188
94.39186,9.104176,2.158316
93.9572,9.7348795,2.1122653
93.61233,10.318117,2.0346925
93.2711,10.996014,1.9832852
92.980095,11.65667,1.9393017
92.74096,12.2697525,1.9023278
92.53593,12.859851,1.8756893
92.336235,13.490201,1.864999
92.13029,14.167513,1.8647854
91.91887,14.864314,1.8679998
91.71354,15.54455,1.86501
91.535835,16.149466,1.8463848
20.81744,-38.187973,-0.66248465
21.216736,-38.499805,-0.7102508
21.555038,-38.791653,-0.75960577
21.852604,-39.073776,-0.80902064
22.11906,-39.352837,-0.8554205
22.354067,-39.622402,-0.89745927
22.566957,-39.887825,-0.93256885
22.765984,-40.155582,-0.9616624
22.949059,-40.4175,-0.9868862
23.1206,-40.677334,-1.0109986
23.289131,-40.947937,-1.0417029
23.448586,-41.22235,-1.0827122
23.591593,-41.494316,-1.1359345
23.71318,-41.75765,-1.200135
23.812675,-42.01452,-1.2710531
23.89302,-42.27341,-1.3418412
23.953886,-42.531376,-1.4013023
23.997513,-42.782818,-1.4450458
24.029427,-43.030884,-1.4771152
24.054464,-43.28852,-1.4985963
24.074718,-43.564945,-1.5138931
24.091286,-43.868484,-1.5337737
24.103441,-44.204346,-1.5593266
24.105005,-44.548252,-1.5977823
24.09296,-44.88683,-1.6574109
24.06386,-45.20878,-1.7320392
24.015383,-45.50036,-1.8155748
23.951378,-45.757374,-1.8997482
23.875154,-45.9806,-1.9769638
23.790314,-46.178837,-2.047847
23.692722,-46.368416,-2.1116812
23.583237,-46.552452,-2.164862
23.459476,-46.73766,-2.2024562
23.324053,-46.923824,-2.2291758
23.173386,-47.119,-2.252265
23.005772,-47.325676,-2.275207
22.816902,-47.549496,-2.293543
22.598534,-47.798283,-2.305277
22.347307,-48.077274,-2.3134935
22.069351,-48.380615,-2.3200023
21.783474,-48.688347,-2.324789
21.494726,-48.996124,-2.328118
21.196703,-49.311615,-2.33038
20.89794,-49.626083,-2.3325546
20.599213,-49.938923,-2.3358297
20.300415,-50.249985,-2.3401008
20.013538,-50.545547,-2.3460953
19.73952,-50.824524,-2.3542619
19.462393,-51.102688,-2.3635728
19.185032,-51.375862,-2.3733234
18.903732,-51.64784,-2.3828294
18.62604,-51.909874,-2.3956053
18.363379,-52.151596,-2.4128392
18.105043,-52.38215,-2.4315941
17.855701,-52.595585,-2.45259
17.613564,-52.794025,-2.4791834
17.370626,-52.982555,-2.513429
17.127552,-53.1584,-2.5550392
16.880716,-53.32237,-2.6015017
16.61823,-53.480152,-2.6469345
16.329636,-53.636173,-2.685379
16.03473,-53.781017,-2.717191
15.7464285,-53.91172,-2.746606
15.477107,-54.024673,-2.7697396
15.21234,-54.128307,-2.7885778
14.913007,-54.239044,-2.80308
14.5850525,-54.35441,-2.8142202
14.26176,-54.46355,-2.8284647
13.95646,-54.561966,-2.8472402
13.674197,-54.64776,-2.8665671
13.430618,-54.716164,-2.8864455
13.237732,-54.766666,-2.907992
13.082848,-54.803684,-2.9289517
12.949543,-54.832363,-2.9520388
12.824369,-54.856373,-2.9780195
12.708835,-54.875362,-3.0057712
12.605839,-54.889435,-3.039059
12.503646,-54.899925,-3.0719101
12.409399,-54.90642,-3.1085885
12.32262,-54.90914,3.1313372
12.248002,-54.908245,3.0777051
12.177552,-54.903812,3.017514
12.099497,-54.894173,2.9635735
12.008736,-54.87802,2.915823
11.896066,-54.852337,2.8736217
11.757304,-54.81441,2.8346393
11.596869,-54.763866,2.801342
11.422872,-54.702568,2.7760212
11.261592,-54.64081,2.7558172
