predicted_x,predicted_y,predicted_theta
0.002650019,0.9012305,1.5716522
0.0024532902,0.97152126,1.5712006
0.0024014926,0.9916186,1.5725516
0.0023474789,1.0197746,1.5753845
0.0021696568,1.0628374,1.5785284
0.0017680441,1.1160473,1.5818537
0.0011133014,1.1764661,1.5852648
8.94923e-05,1.2498816,1.588701
-0.0014224827,1.3386502,1.5915486
-0.0033880153,1.436067,1.5937467
-0.005423107,1.5229267,1.5955925
-0.007574428,1.6116918,1.5965782
-0.011029641,1.7500249,1.5989318
-0.015945,1.9268941,1.6029179
-0.02143676,2.0953648,1.607242
-0.027269453,2.2581558,1.609864
-0.034119315,2.4345124,1.612938
-0.041823775,2.6181662,1.6160169
-0.051532406,2.8419263,1.617943
-0.06285475,3.0816376,1.6211023
-0.07338044,3.2868922,1.6234694
-0.083370976,3.4792495,1.6234406
-0.09358043,3.6730344,1.6230837
-0.10507512,3.894609,1.6227291
-0.11946753,4.1751914,1.6233616
-0.13687137,4.5090256,1.6246628
-0.15620801,4.8687468,1.6266388
-0.17657405,5.2332373,1.6286861
-0.19905365,5.623303,1.6308024
-0.22425872,6.041115,1.634277
-0.25179598,6.4746656,1.6384213
-0.2848904,6.9721093,1.6417537
-0.32285285,7.507922,1.6448166
-0.36372912,8.058649,1.6480064
-0.4080106,8.632171,1.651154
-0.45550314,9.220029,1.654647
-0.5046206,9.802811,1.6586165
-0.5481187,10.295969,1.6624103
-0.58756685,10.725338,1.6661323
-0.62377083,11.105354,1.6694169
-0.65791464,11.4506,1.6725575
-0.6916885,11.7804985,1.67614
-0.72897905,12.132115,1.6804779
-0.774408,12.5443,1.6851736
-0.8288987,13.019646,1.6892685
-0.8874214,13.512446,1.6925584
-0.9522568,14.043033,1.6955013
-1.0257988,14.6288595,1.6987629
-1.1075867,15.264332,1.7027477
-1.1945418,15.916792,1.7082953
-1.2826298,16.553644,1.714163
-1.3744136,17.192104,1.7189784
-1.4686339,17.825487,1.7225676
-1.5647548,18.454548,1.7254082
-1.665424,19.10394,1.7271589
-1.7701396,19.769682,1.7284012
-1.8777742,20.447716,1.729757
-1.9924858,21.164486,1.7318127
-2.1140354,21.916744,1.7347709
-2.2366424,22.657112,1.7385318
-2.364922,23.416975,1.7420881
-2.4849093,24.11029,1.7445071
-2.6119561,24.835066,1.7464529
-2.7475345,25.598158,1.7490208
-2.8908937,26.39223,1.7524738
-3.0399964,27.202517,1.756556
-3.193699,28.022207,1.7601479
-3.347314,28.82479,1.7631049
-3.4979208,29.599806,1.7654241
-3.6533904,30.387215,1.7680259
-3.8026373,31.134092,1.7706795
-3.9439652,31.831566,1.7731154
-4.087616,32.533173,1.7749639
-4.232944,33.234062,1.7769743
-4.3787217,33.92936,1.7798079
-4.517295,34.580784,1.7832485
-4.6590014,35.236736,1.7870177
-4.809361,35.92158,1.7912248
-4.965932,36.621044,1.7956678
-5.1223826,37.304535,1.8002478
-5.2787123,37.9736,1.8045708
-5.4299645,38.608036,1.8083637
-5.5779653,39.21801,1.811986
-5.7267528,39.81996,1.8168749
-5.881444,40.434387,1.8232654
-6.031231,41.013935,1.8300954
-6.1772943,41.56429,1.8363
-6.326067,42.111465,1.8420764
-6.4774294,42.65641,1.847261
-6.631547,43.20129,1.851005
-6.787159,43.74347,1.8530791
-6.931836,44.241226,1.8544414
-7.064907,44.696537,1.8544371
-7.191686,45.130085,1.8533593
-7.3215003,45.57714,1.8520755
-7.4463935,46.008896,1.8515847
-7.5684643,46.431732,1.8504318
-7.679532,46.81672,1.8493229
-7.786736,47.19094,1.8474398
-7.8916454,47.560265,1.8454823
-7.9994483,47.943157,1.8433822
-8.1070595,48.328205,1.8416766
-8.208923,48.69416,1.8403509
-8.304427,49.038784,1.839292
-8.3880825,49.340996,1.8392327
-8.449183,49.561302,1.8394544
-8.488423,49.70372,1.8384768
-8.510641,49.784855,1.8367398
-8.519243,49.816547,1.8345726
-8.518396,49.8135,1.8319482
-8.51274,49.79235,1.8283712
-8.506669,49.769287,1.8237127
-8.498901,49.73927,1.8184896
-8.487349,49.693676,1.8134692
-8.470812,49.627144,1.8097992
-8.446246,49.526676,1.807445
-8.413048,49.389496,1.8063043
-8.375101,49.23127,1.8050969
-8.332521,49.053055,1.8039348
-8.283463,48.846844,1.8032056
-8.226065,48.59917,1.7955991
-8.165726,48.326595,1.7775438
-8.111376,48.05554,1.747472
-8.064762,47.783886,1.7083851
-8.037611,47.576572,1.6621591
-8.027177,47.45924,1.6147224
-8.025585,47.40929,1.5628555
-8.025795,47.396988,1.5100827
-8.024001,47.42909,1.4603072
-8.014178,47.52019,1.4144691
-7.990703,47.67129,1.3707678
-7.947723,47.88819,1.3358641
-7.8824863,48.16283,1.3091296
-7.804446,48.455444,1.2881272
-7.724421,48.73263,1.2700945
-7.637937,49.011185,1.2543483
-7.545415,49.292603,1.2354168
-7.4463983,49.571407,1.2055991
-7.3493085,49.822906,1.1642851
-7.2492595,50.055565,1.1196202
-7.1303654,50.30323,1.0800834
-6.9793644,50.58737,1.0508347
-6.8016353,50.89697,1.0249695
-6.6028423,51.22322,0.9953014
-6.374209,51.576492,0.9660878
-6.1211205,51.943077,0.9395326
-5.855115,52.30657,0.91263753
-5.5909595,52.649498,0.8889027
-5.32795,52.97309,0.86645645
-5.055064,53.292995,0.8401876
-4.772567,53.608482,0.81247306
-4.484306,53.91417,0.7888487
-4.1817846,54.219616,0.7689977
-3.8605509,54.530697,0.75001293
-3.530206,54.837097,0.72749364
-3.1872606,55.143524,0.70530814
-2.8381405,55.441944,0.6874756
-2.471049,55.744705,0.67398757
-2.1221418,56.02075,0.65661675
-1.8019563,56.267624,0.63881
-1.4909873,56.49913,0.62416965
-1.1777873,56.724518,0.61013436
-0.82448584,56.972927,0.5981734
-0.46562734,57.216957,0.58642584
-0.09634148,57.46301,0.5759831
0.28490508,57.711155,0.56755483
0.6713097,57.95809,0.56165123
1.0884874,58.221478,0.55816597
1.556497,58.51455,0.55653894
2.021879,58.80391,0.55496687
2.467102,59.079964,0.55415106
2.8812222,59.336136,0.55397046
3.2697625,59.576405,0.5543912
3.635464,59.802773,0.5551281
4.000557,60.02895,0.5553457
4.375579,60.26149,0.5544134
4.7713614,60.50662,0.5531287
5.169287,60.752346,0.5520042
5.5554495,60.9905,0.55192405
5.9301705,61.220913,0.5514131
6.2997894,61.448093,0.54990035
6.699915,61.69253,0.5454377
7.1073384,61.939575,0.5387632
7.5224547,62.187202,0.5301836
7.914372,62.416416,0.5196639
8.2979145,62.634457,0.50482655
8.654932,62.83067,0.4846947
9.016412,63.02215,0.46581677
9.389786,63.21039,0.452845
9.769259,63.395306,0.44297338
10.148019,63.57498,0.4341217
10.530992,63.751717,0.42180878
10.893828,63.914673,0.40780175
11.260802,64.074005,0.3971688
11.635918,64.23005,0.38364267
12.011647,64.381775,0.36641628
12.425339,64.54171,0.35231602
12.863643,64.702545,0.33859733
13.250507,64.83981,0.32979485
13.637633,64.972305,0.3242437
14.063188,65.11453,0.31386337
14.513933,65.26054,0.29891655
14.985674,65.40457,0.27773693
15.479267,65.54538,0.25248906
15.990408,65.67747,0.22718206
16.487316,65.79202,0.20233326
16.982857,65.893585,0.17734875
17.472662,65.98159,0.1533377
17.963543,66.05733,0.12985355
18.453203,66.12133,0.10638736
18.937342,66.17274,0.08248049
19.428991,66.21291,0.055750307
19.924213,66.24095,0.029103978
20.42057,66.2564,0.0068187797
20.908516,66.260086,-0.011617618
21.387154,66.254684,-0.028521014
21.858852,66.24143,-0.04422714
22.308737,66.221535,-0.05899277
22.743427,66.19552,-0.07492061
23.18582,66.16237,-0.09188978
23.654396,66.11922,-0.10899525
24.109795,66.06913,-0.1262874
24.55632,66.01405,-0.13830946
25.021013,65.94976,-0.14504194
25.515923,65.87772,-0.1503521
26.015675,65.80197,-0.15520893
26.501371,65.72572,-0.16088015
26.97725,65.64779,-0.16958632
27.460848,65.564316,-0.18285008
27.954226,65.472786,-0.19942762
28.44629,65.37333,-0.2169611
28.940987,65.264656,-0.23325461
29.435623,65.147095,-0.24824424
29.913792,65.025665,-0.2637519
30.404884,64.89419,-0.27605563
30.905254,64.75264,-0.28462988
31.391212,64.61101,-0.29019475
31.850048,64.474045,-0.29290855
32.29826,64.33773,-0.29925892
32.730663,64.20442,-0.30898824
33.160053,64.068,-0.31623074
33.59568,63.925705,-0.32017928
34.008038,63.788994,-0.32329664
34.40773,63.654793,-0.32818073
34.803093,63.519753,-0.33547762
35.19482,63.382565,-0.34606168
35.55986,63.25036,-0.35971844
35.91793,63.116283,-0.3721068
36.263508,62.981285,-0.38301378
36.590046,62.84834,-0.39886963
36.929443,62.706226,-0.4148883
37.254696,62.561867,-0.43263215
37.561237,62.420177,-0.45226943
37.846275,62.281715,-0.47062498
38.143986,62.13149,-0.48441115
38.445614,61.972107,-0.49891466
38.79084,61.784805,-0.5143825
39.144176,61.58432,-0.5325217
39.493668,61.37825,-0.5523549
39.893974,61.135452,-0.56334484
40.30112,60.877884,-0.57089514
40.72953,60.60385,-0.5766368
41.11629,60.35089,-0.5838147
41.50554,60.094185,-0.591491
41.937893,59.80413,-0.5985138
42.37213,59.509186,-0.60205495
42.748344,59.250874,-0.6027009
43.118908,58.99596,-0.6024495
43.4955,58.73704,-0.602074
43.87348,58.477325,-0.60147345
44.212708,58.244297,-0.6011922
44.462917,58.072212,-0.6012382
44.671047,57.92946,-0.600568
44.82775,57.822044,-0.59972316
44.978455,57.71908,-0.5981629
45.072002,57.655403,-0.5961287
45.10353,57.633987,-0.59353215
45.13854,57.610367,-0.59047496
45.187035,57.577843,-0.588026
45.268764,57.523315,-0.5855439
45.430637,57.415936,-0.58354706
45.659706,57.264618,-0.58263445
45.93794,57.08113,-0.582701
46.24553,56.87817,-0.5841501
46.56447,56.66738,-0.58591205
46.903294,56.4426,-0.5871696
47.26339,56.20315,-0.5875076
47.63732,55.95319,-0.5904126
48.02827,55.689957,-0.59908044
48.41297,55.427876,-0.6082743
48.814503,55.149452,-0.613408
49.230183,54.855797,-0.6194058
49.6483,54.557625,-0.6272499
50.07365,54.24869,-0.6368796
50.50041,53.93325,-0.647018
50.922115,53.614693,-0.6566716
51.34434,53.28883,-0.6673474
51.75614,52.964104,-0.6789991
52.163887,52.63565,-0.68948966
52.56708,52.30201,-0.70199484
52.966824,51.964863,-0.71402174
53.352062,51.6303,-0.7262506
53.736614,51.287518,-0.7423472
54.116165,50.93741,-0.76438576
54.469257,50.595116,-0.7959113
54.78935,50.26673,-0.83264816
55.075375,49.95108,-0.87082136
55.346928,49.627407,-0.91335315
55.606983,49.289505,-0.96085256
55.853516,48.938023,-1.0074805
56.079277,48.5781,-1.0567553
56.279457,48.22262,-1.1099076
56.438774,47.902172,-1.1584383
56.543037,47.66211,-1.2000488
56.611492,47.487118,-1.2347325
56.66988,47.322876,-1.2593455
56.718918,47.17088,-1.2761334
56.763306,47.026237,-1.2877451
56.815742,46.847942,-1.2942165
56.884975,46.604523,-1.2996025
56.97371,46.286358,-1.3038994
57.06815,45.93897,-1.309838
57.159195,45.59503,-1.320089
57.244316,45.258335,-1.3369505
57.3223,44.925686,-1.3624423
57.392803,44.594105,-1.3902981
57.458237,44.22892,-1.4220814
57.519054,43.817642,-1.4565318
57.567524,43.390545,-1.4927632
57.60276,42.956013,-1.5258381
57.622845,42.51689,-1.5498209
57.63254,42.116463,-1.5691922
57.63483,41.749752,-1.5831069
57.63106,41.3783,-1.588187
57.62402,40.98251,-1.5904061
57.616394,40.578358,-1.5909188
57.607956,40.17656,-1.5921626
57.600273,39.787178,-1.5919445
57.592804,39.413853,-1.5893694
57.586277,39.06028,-1.5862468
57.58078,38.723263,-1.5845591
57.576855,38.377213,-1.5797431
57.573154,37.990124,-1.5730594
57.57213,37.577957,-1.5663086
57.573826,37.1644,-1.5602838
57.57856,36.75015,-1.5531601
57.586014,36.323475,-1.5448283
57.597244,35.890244,-1.536085
57.6121,35.457863,-1.528093
57.62972,35.02185,-1.5242659
57.649963,34.577827,-1.5242898
57.67053,34.12781,-1.5265906
57.690796,33.67384,-1.5290613
57.70956,33.209442,-1.5331532
57.727734,32.733173,-1.5376544
57.74334,32.26294,-1.541305
57.75685,31.792873,-1.5464627
57.767952,31.321455,-1.5536588
57.776653,30.853884,-1.5594076
57.78195,30.392544,-1.5636246
57.78545,29.93216,-1.5672846
57.787033,29.462801,-1.570196
57.78786,28.987913,-1.5709275
57.78733,28.519073,-1.5723705
57.785915,28.068306,-1.5782657
57.78339,27.617922,-1.5827807
57.778133,27.153368,-1.5840089
57.772163,26.689674,-1.5841161
57.766117,26.230145,-1.5839136
57.760345,25.77942,-1.5834532
57.755234,25.343939,-1.5819409
57.750908,24.92348,-1.5788937
57.74786,24.512794,-1.5743707
57.746758,24.126488,-1.5687908
57.747715,23.770706,-1.5628635
57.750584,23.435154,-1.5562238
57.755302,23.10046,-1.5499647
57.76211,22.77589,-1.5441347
57.77034,22.46658,-1.5387877
57.77975,22.16761,-1.5345926
57.789597,21.892586,-1.532116
57.80026,21.610662,-1.5315461
57.8123,21.291874,-1.5338606
57.823997,20.967672,-1.5389072
57.83284,20.676613,-1.5470563
57.83864,20.42204,-1.5579908
57.841866,20.162764,-1.5709093
57.841747,19.89918,-1.5844253
57.838104,19.634335,-1.5986408
57.830307,19.354229,-1.6133778
57.818096,19.07044,-1.6284974
57.802147,18.794123,-1.6438559
57.78247,18.52607,-1.6594955
57.755997,18.230553,-1.6776197
57.71907,17.885735,-1.6961097
57.67192,17.510817,-1.7126862
57.6169,17.124704,-1.7280439
57.555252,16.734924,-1.7421902
57.488304,16.347294,-1.7551184
57.416656,15.961611,-1.7664627
57.340866,15.57794,-1.7758842
57.26386,15.20909,-1.7857121
57.186584,14.856413,-1.7982886
57.105885,14.508292,-1.8125087
57.019226,14.158764,-1.8293854
56.926403,13.808546,-1.848647
56.82802,13.46406,-1.8692274
56.72981,13.146636,-1.8929853
56.63412,12.857832,-1.916785
56.53939,12.593335,-1.9348238
56.448933,12.355003,-1.950249
56.375484,12.16793,-1.9595113
56.335594,12.068483,-1.9667021
56.322227,12.036069,-1.9737513
56.31357,12.015759,-1.9792548
56.2954,11.973904,-1.9870995
56.263683,11.902231,-1.9970361
56.23315,11.834944,-2.0067427
56.213932,11.793597,-2.0137107
56.20032,11.764797,-2.0166273
56.177197,11.71632,-2.0152242
56.145386,11.649404,-2.0098832
56.10433,11.561942,-2.0010104
56.049503,11.442584,-1.9901578
55.98646,11.301087,-1.977797
55.926373,11.1616125,-1.9647926
55.86932,11.024447,-1.952134
55.809956,10.877322,-1.9427489
55.751953,10.728147,-1.9333999
55.70324,10.599008,-1.9221534
55.666912,10.498099,-1.9051704
55.63412,10.403788,-1.8851727
55.5994,10.297627,-1.86685
55.56637,10.189388,-1.8498291
55.533382,10.074676,-1.8333956
55.4963,9.939001,-1.8222642
55.454975,9.780281,-1.8170186
55.40992,9.601686,-1.8139589
55.359562,9.401651,-1.8160528
55.30983,9.2002735,-1.8153838
55.266857,9.028864,-1.8151631
55.226547,8.868184,-1.8185321
55.187393,8.714263,-1.824094
55.15675,8.595435,-1.8312848
55.139965,8.53198,-1.8373681
55.140347,8.533067,-1.8424962
55.142,8.538836,-1.8437223
55.141792,8.538105,-1.8424196
55.144253,8.546945,-1.8409864
55.14659,8.555363,-1.8399262
55.150257,8.5686655,-1.8392771
55.15183,8.57439,-1.8381093
55.148003,8.560453,-1.8364846
55.132988,8.505384,-1.8353596
55.12422,8.472896,-1.8342545
55.118668,8.452389,-1.8347504
55.10963,8.419014,-1.8360151
55.083923,8.3243,-1.8368492
55.05239,8.209051,-1.8379976
55.016663,8.0791235,-1.8422256
54.972095,7.919415,-1.8477896
54.92674,7.760005,-1.8532703
54.881386,7.6034026,-1.8584701
54.83567,7.4486146,-1.8624266
54.788586,7.2911024,-1.8643667
54.744957,7.1467233,-1.8652902
54.71253,7.039167,-1.8656063
54.6875,6.956551,-1.8665663
54.667465,6.8906045,-1.867495
54.64933,6.831145,-1.8677081
54.631153,6.7715683,-1.8663794
54.60666,6.6911373,-1.8638195
54.580708,6.6050467,-1.8602204
54.56111,6.5391603,-1.8569905
54.5393,6.465263,-1.8544687
54.507557,6.3566375,-1.8521855
54.4672,6.2172003,-1.8499024
54.433353,6.0989723,-1.8479023
54.415653,6.036583,-1.8469466
54.40678,6.005332,-1.8468751
54.402412,5.9899406,-1.8473907
54.403576,5.994064,-1.8483251
54.404606,5.9976597,-1.8491961
54.40417,5.996141,-1.8504232
54.406,6.002522,-1.8518965
54.410076,6.0166507,-1.8534964
54.414444,6.031678,-1.8552232
54.414757,6.0327096,-1.8571491
54.403294,5.993686,-1.8590199
54.386524,5.9371815,-1.8614098
54.38354,5.9274116,-1.8637395
54.398483,5.9770465,-1.8651296
54.428116,6.0748754,-1.8658625
54.470093,6.2130136,-1.8663309
54.51668,6.366139,-1.8664753
54.56693,6.5312376,-1.8662951
54.621265,6.7097774,-1.8660874
54.67794,6.8962026,-1.86587
54.728394,7.062221,-1.8651365
54.775833,7.2189217,-1.8637239
54.81803,7.3588686,-1.8615096
54.862232,7.5068507,-1.8588098
54.91404,7.682046,-1.8561558
54.971317,7.8774133,-1.8537736
55.02688,8.068517,-1.8510919
55.08354,8.2653885,-1.8484883
55.142406,8.4718275,-1.8462094
55.20325,8.6870575,-1.8443236
55.264366,8.904437,-1.8432183
55.318428,9.0974655,-1.8427211
55.36547,9.265876,-1.8424078
55.4089,9.421784,-1.8420706
55.449097,9.566153,-1.8418787
55.48365,9.690231,-1.8420557
55.51071,9.787579,-1.8416958
55.53348,9.869667,-1.8406541
55.546265,9.915903,-1.8388386
55.541428,9.89822,-1.8369
55.518574,9.81451,-1.835953
55.486267,9.695664,-1.8354576
55.448643,9.55579,-1.8311799
55.4027,9.381005,-1.8184549
55.352406,9.182724,-1.8037492
55.314453,9.021079,-1.7891376
55.29109,8.92108,-1.7882527
55.27525,8.851957,-1.7999762
55.260033,8.787601,-1.8178371
55.24626,8.730773,-1.8261622
55.236874,8.692021,-1.8134605
55.22438,8.641212,-1.7887698
55.19857,8.526273,-1.7603799
55.16324,8.344342,-1.730693
55.131187,8.150541,-1.7090523
55.103165,7.953071,-1.6963754
55.076763,7.748954,-1.6916877
55.051697,7.5395565,-1.6859983
55.025986,7.3185534,-1.6765878
55.00185,7.0871835,-1.6599569
54.981453,6.8588247,-1.641813
54.96643,6.6388392,-1.621087
54.96123,6.4771547,-1.5892165
54.959614,6.396688,-1.5713636
54.959408,6.319102,-1.5580981
54.960335,6.2553005,-1.5473456
54.961437,6.2140603,-1.5362635
54.961826,6.2023563,-1.5271767
54.96277,6.1811385,-1.5167551
54.96406,6.1580505,-1.504111
54.9636,6.165053,-1.493677
54.960693,6.2026606,-1.4847268
54.956802,6.2478595,-1.4761362
54.952023,6.2982197,-1.4681529
54.949436,6.3236127,-1.4614359
54.95483,6.2742376,-1.4565465
54.965237,6.182435,-1.4546874
54.979576,6.05745,-1.456538
54.997856,5.894764,-1.461274
55.01903,5.6962743,-1.472048
55.042686,5.4513044,-1.4844959
55.06815,5.1366086,-1.5035461
55.092007,4.7519703,-1.5254178
55.10959,4.3370485,-1.552415
55.116924,3.9223905,-1.5822126
55.11124,3.4984672,-1.6180863
55.089935,3.0589283,-1.6549591
55.054123,2.6311805,-1.6921184
55.00249,2.2060864,-1.7297485
54.934593,1.7840123,-1.7662497
54.84889,1.3524313,-1.806096
54.74007,0.8976961,-1.8449421
54.61032,0.43255758,-1.8780285
54.463226,-0.033514474,-1.9046301
54.30238,-0.49392954,-1.9330769
54.12844,-0.9541104,-1.9631195
53.940815,-1.4074832,-1.9919689
53.732056,-1.8769051,-2.0173728
53.512936,-2.331584,-2.0431135
53.289516,-2.7682848,-2.0716264
53.054543,-3.1979623,-2.1002262
52.80826,-3.6173918,-2.130787
52.560326,-4.0112395,-2.1663587
52.318733,-4.3673863,-2.2052293
52.068367,-4.7099047,-2.2408235
51.782635,-5.0720496,-2.2663517
51.475937,-5.4404254,-2.2824817
51.154373,-5.8133736,-2.2963226
50.82211,-6.187777,-2.3097017
50.493843,-6.5479407,-2.3236713
50.147133,-6.91971,-2.3343835
49.76266,-7.3218136,-2.339246
49.353287,-7.745808,-2.3411996
48.92491,-8.18797,-2.341163
48.46994,-8.657586,-2.3397322
48.004833,-9.138472,-2.33819
47.515705,-9.646444,-2.3355923
47.017117,-10.165695,-2.333845
46.53091,-10.673318,-2.3333879
46.05836,-11.167248,-2.333591
45.63897,-11.604159,-2.3350406
45.284138,-11.971624,-2.3379252
44.959675,-12.30671,-2.342451
44.64444,-12.631576,-2.345864
44.33976,-12.94241,-2.3486226
44.013912,-13.271599,-2.355992
43.672966,-13.612062,-2.367897
43.3181,-13.958513,-2.3812664
42.95086,-14.308049,-2.394174
42.56602,-14.664034,-2.4078474
42.176495,-15.014916,-2.4228091
41.790474,-15.352476,-2.439256
41.43486,-15.6527405,-2.4581654
41.066277,-15.953482,-2.479571
40.660866,-16.269669,-2.4963944
40.227226,-16.596153,-2.5107312
39.760036,-16.937214,-2.5247974
39.29377,-17.266409,-2.5418952
38.81642,-17.59316,-2.5607867
38.320614,-17.917953,-2.5804985
37.82004,-18.231241,-2.6045668
37.314255,-18.532158,-2.6317983
36.786186,-18.826952,-2.661201
36.249187,-19.105934,-2.693794
35.70723,-19.36619,-2.728954
35.148796,-19.610985,-2.7636278
34.61053,-19.826096,-2.7915647
34.09477,-20.015793,-2.8111553
33.54199,-20.206284,-2.8247416
33.017574,-20.376846,-2.8394475
32.563446,-20.519047,-2.8519905
32.16319,-20.638529,-2.860558
31.792027,-20.745789,-2.8668735
31.440964,-20.84471,-2.8722184
31.122663,-20.931833,-2.8794692
30.836136,-21.008814,-2.885972
30.560555,-21.08086,-2.8913646
30.260906,-21.1578,-2.895587
29.951138,-21.235172,-2.901778
29.60962,-21.318722,-2.9097238
29.178207,-21.420767,-2.9205844
28.674118,-21.53392,-2.933667
28.118982,-21.650139,-2.9517448
27.544115,-21.759682,-2.975698
27.094814,-21.832348,-3.0047166
26.685757,-21.889017,-3.0391343
26.188818,-21.94075,-3.07311
25.60405,-21.982021,-3.1013653
24.994167,-22.0073,-3.125334
24.358433,-22.017256,-3.1501591
23.698572,-22.012362,-3.175352
23.029224,-21.989925,-3.1997805
22.354485,-21.951313,-3.2227583
21.66992,-21.89671,-3.2426
20.976469,-21.827774,-3.2581728
20.265223,-21.745958,-3.2691598
19.549934,-21.655378,-3.27618
18.843136,-21.559568,-3.2812958
18.143408,-21.462,-3.2841666
17.45816,-21.363302,-3.2859805
16.753265,-21.261711,-3.2862885
16.012875,-21.15454,-3.2865856
15.238631,-21.042343,-3.2867255
14.4578085,-20.928322,-3.287301
13.698669,-20.816269,-3.288199
13.02654,-20.713022,-3.2935042
12.365205,-20.611374,-3.2992532
11.777742,-20.51495,-3.3098648
11.212093,-20.420515,-3.3171039
10.676949,-20.325966,-3.3202538
10.116069,-20.225443,-3.3206804
9.534177,-20.120373,-3.3206835
8.976001,-20.019192,-3.320312
8.398146,-19.915258,-3.3186378
7.831108,-19.811907,-3.3217463
7.3167615,-19.715002,-3.3328624
6.827589,-19.618862,-3.349624
6.3045077,-19.508257,-3.371
5.7609344,-19.380959,-3.3952374
5.221354,-19.240227,-3.423075
4.693769,-19.08735,-3.4538796
4.1683507,-18.917494,-3.4867618
3.6277175,-18.722925,-3.5217388
3.1139572,-18.516531,-3.5591948
2.5854325,-18.282133,-3.6011887
2.0468016,-18.015701,-3.6430957
1.5161484,-17.725607,-3.6817827
0.9739292,-17.40166,-3.7158206
0.5190368,-17.104465,-3.7496822
0.085478716,-16.803654,-3.7875404
-0.36360916,-16.46618,-3.8196938
-0.78188944,-16.128546,-3.8490098
-1.146271,-15.816026,-3.882342
-1.495101,-15.496585,-3.921379
-1.8290355,-15.167258,-3.9575791
-2.1084204,-14.871255,-3.9881516
-2.3703365,-14.576539,-4.0159597
-2.662376,-14.228646,-4.0347905
-2.9457216,-13.87592,-4.0499153
-3.2068994,-13.54254,-4.0624995
-3.4628804,-13.206692,-4.0703225
-3.7214487,-12.860861,-4.0768995
-3.988961,-12.499165,-4.081733
-4.2345386,-12.162009,-4.086507
-4.415858,-11.909397,-4.0922103
-4.5474644,-11.725234,-4.0955725
-4.6862907,-11.52977,-4.0976887
-4.8530006,-11.292412,-4.105337
-5.028092,-11.04011,-4.1163526
-5.2191195,-10.758654,-4.1282067
-5.4377427,-10.427274,-4.1426544
-5.6313977,-10.123383,-4.160509
-5.798428,-9.851839,-4.181612
-5.989398,-9.527258,-4.20292
-6.1971173,-9.153934,-4.225118
-6.4043703,-8.762359,-4.251056
-6.607656,-8.354001,-4.276477
-6.8171616,-7.904644,-4.301602
-7.037721,-7.3965874,-4.328369
-7.2475667,-6.8752375,-4.3588133
-7.429665,-6.378661,-4.394759
-7.598667,-5.866585,-4.4335437
-7.760149,-5.3034196,-4.4697895
-7.907638,-4.7081933,-4.505319
-8.039236,-4.08292,-4.5406175
-8.137557,-3.512637,-4.5740194
-8.219998,-2.928449,-4.606964
-8.288251,-2.2921748,-4.634183
-8.340614,-1.6316062,-4.6572475
-8.378595,-0.94892836,-4.6785913
-8.400657,-0.28814238,-4.6992807
-8.40453,0.2561562,-4.727027
-8.40008,0.6806166,-4.7559495
-8.386658,1.0121319,-4.781015
-8.366836,1.3031812,-4.806028
-8.337509,1.6151848,-4.8305635
-8.296514,1.9586906,-4.8551826
-8.238777,2.3598096,-4.880191
-8.152329,2.866273,-4.9041986
-8.055877,3.351985,-4.9328356
-7.947116,3.8374493,-4.970523
-7.8292704,4.2767572,-5.0101223
-7.6958704,4.7138205,-5.061389
-7.5296397,5.17118,-5.098921
-7.3658643,5.5748844,-5.134997
-7.176302,5.996973,-5.17282
-6.939526,6.47356,-5.204182
-6.6804085,6.956298,-5.234283
-6.4066753,7.4309344,-5.2687817
-6.118527,7.891919,-5.3093963
-5.816062,8.336726,-5.355249
-5.514953,8.739109,-5.401168
-5.2085905,9.111615,-5.452924
-4.8947372,9.455202,-5.5040894
-4.5611954,9.784145,-5.56025
-4.186329,10.114186,-5.615984
-3.7720182,10.4396105,-5.6693726
-3.3361955,10.746668,-5.7227197
-2.8782074,11.034447,-5.774939
-2.389447,11.306533,-5.821439
-1.8826436,11.558771,-5.863719
-1.38935,11.778907,-5.908709
-0.9217628,11.963109,-5.9603906
-0.46152228,12.117091,-6.019903
-0.025199667,12.234973,-6.0807056
0.4106343,12.3245945,-6.147184
0.84358543,12.383627,-6.2152243
1.2701854,12.412597,-6.2895355
1.7149694,12.409344,-6.3662143
2.1587138,12.3730755,-6.42914
2.5279326,12.321419,-6.496447
2.816624,12.260594,-6.5662107
3.0209024,12.202879,-6.630146
3.136901,12.161572,-6.6973467
3.2131486,12.128263,-6.755852
3.2744503,12.097168,-6.8032036
3.3247852,12.068361,-6.8359976
3.355103,12.049739,-6.8583283
3.3664603,12.042275,-6.8746552
3.3450737,12.056507,-6.8875175
3.2796373,12.101577,-6.8991203
3.1640823,12.183407,-6.9100676
3.0093882,12.295598,-6.920804
2.8188345,12.4370985,-6.932029
2.5893111,12.611459,-6.942982
2.3265963,12.815648,-6.953949
2.0507562,13.035329,-6.9663253
1.7773138,13.25833,-6.9794555
1.5133245,13.479747,-6.994176
1.2477626,13.708134,-7.0079455
0.9830238,13.942884,-7.022388
0.70940906,14.197561,-7.045685
0.42066962,14.4795685,-7.077155
0.11853386,14.798139,-7.1231623
-0.20966378,15.177599,-7.1849775
-0.5099711,15.567486,-7.2503967
-0.8059626,16.0103,-7.329097
-1.0743927,16.485048,-7.41482
-1.2998993,16.977303,-7.5073504
-1.4656609,17.462387,-7.613012
-1.5615982,17.928274,-7.7472105
-1.5918127,18.344913,-7.904542
-1.5693878,18.67405,-8.070033
-1.5150445,18.91535,-8.235824
-1.4545227,19.069298,-8.388497
-1.4074602,19.151043,-8.520819
-1.3793161,19.187843,-8.630667
-1.3767351,19.189957,-8.718856
-1.4107473,19.1599,-8.788879
-1.4935093,19.096735,-8.843263
-1.6351358,19.001898,-8.888538
-1.8418849,18.876226,-8.921687
-2.118784,18.721746,-8.944879
-2.4405282,18.552021,-8.957579
-2.770549,18.38469,-8.963748
-3.1056144,18.217495,-8.966072
-3.4523444,18.046534,-8.968262
-3.784291,17.882797,-8.968345
-4.109017,17.723501,-8.967727
-4.431126,17.56601,-8.970524
-4.7642694,17.403519,-8.975633
-5.092428,17.245726,-8.982234
-5.3881264,17.105768,-8.989552
-5.6613994,16.97867,-8.996666
-5.918542,16.861338,-9.003426
-6.149363,16.757708,-9.008835
-6.3473,16.670057,-9.01213
-6.526816,16.591236,-9.013414
-6.6963167,16.51716,-9.013218
-6.8512406,16.449451,-9.01209
-6.9757266,16.3949,-9.010515
-7.046857,16.363525,-9.008904
-7.0610843,16.357141,-9.007217
-7.0342107,16.369043,-9.00587
-6.9988117,16.384808,-9.004867
-6.9840574,16.391394,-9.00407
-6.9884367,16.389437,-9.003475
-7.020327,16.375153,-9.003002
-7.0960875,16.341166,-9.002705
-7.245669,16.273932,-9.001325
-7.482328,16.16729,-8.999766
-7.7780013,16.033356,-8.99747
-8.102818,15.885505,-8.9951
-8.456269,15.723241,-8.991541
-8.825509,15.552282,-8.986962
-9.205026,15.374685,-8.98228
-9.58775,15.193567,-8.978285
-9.96766,15.01171,-8.974594
-10.353321,14.825545,-8.971481
-10.742536,14.635954,-8.968564
-11.128234,14.447233,-8.967248
-11.524632,14.252552,-8.967842
-11.94104,14.048093,-8.969772
-12.36366,13.841401,-8.972197
-12.787191,13.635553,-8.974908
-13.205848,13.433164,-8.977167
-13.620602,13.233854,-8.978796
-14.0485115,13.029845,-8.981757
-14.489059,12.821642,-8.987349
-14.921566,12.620856,-8.998122
-15.315528,12.4425,-9.014042
-15.676616,12.28485,-9.03209
-16.01272,12.145398,-9.050324
-16.334517,12.01843,-9.067635
-16.667046,11.89391,-9.083023
-17.009918,11.771409,-9.094248
-17.360785,11.650771,-9.102188
-17.740982,11.52366,-9.108504
-18.13398,11.394949,-9.112247
-18.532654,11.266024,-9.115063
-18.937143,11.136417,-9.116737
-19.34658,11.0059595,-9.117185
-19.759422,10.874865,-9.117256
-20.107601,10.763444,-9.115952
-20.389847,10.673675,-9.117029
-20.594517,10.608543,-9.119654
-20.689564,10.578741,-9.1240015
-20.6934,10.578131,-9.135265
-20.641697,10.5936165,-9.152817
-20.571424,10.613174,-9.174719
-20.496876,10.632328,-9.194798
-20.409332,10.653111,-9.210385
-20.275564,10.682575,-9.221264
-20.120834,10.715105,-9.2247715
-19.958656,10.748417,-9.222728
-19.777485,10.784978,-9.223671
-19.588833,10.823367,-9.225949
-19.386765,10.865179,-9.22152
-19.181286,10.908632,-9.209501
-18.97261,10.954549,-9.194967
-18.74703,11.00575,-9.187818
-18.515804,11.059946,-9.188823
-18.269125,11.117569,-9.197282
-18.075863,11.160789,-9.21394
-17.90434,11.196194,-9.23859
-17.758276,11.222937,-9.269164
-17.644049,11.239525,-9.31163
-17.52914,11.25154,-9.36744
-17.406528,11.257946,-9.433026
-17.303408,11.256546,-9.503996
-17.270168,11.253899,-9.572385
-17.263144,11.253019,-9.638042
-17.253256,11.250779,-9.694986
-17.283228,11.258728,-9.742627
-17.376621,11.288474,-9.781314
-17.571365,11.359815,-9.8117
-17.852413,11.473544,-9.835373
-18.182934,11.61746,-9.85739
-18.552565,11.788694,-9.882771
-18.92191,11.970442,-9.907132
-19.295464,12.165218,-9.927987
-19.652449,12.361092,-9.944385
-19.995987,12.555924,-9.953363
-20.32586,12.747821,-9.955826
-20.645054,12.935082,-9.956093
-20.945732,13.112245,-9.957668
-21.230093,13.280243,-9.961331
-21.49798,13.439778,-9.966422
-21.760143,13.598189,-9.975251
-22.046576,13.774181,-9.987282
-22.364555,13.974747,-10.000693
-22.70895,14.197887,-10.013525
-23.05757,14.43056,-10.025381
-23.37148,14.64648,-10.038438
-23.691923,14.871954,-10.05225
-24.003126,15.097955,-10.066445
-24.343924,15.351738,-10.079968
-24.732845,15.649486,-10.091046
-25.151726,15.978217,-10.10023
-25.58818,16.327604,-10.108801
-26.033905,16.69084,-10.1172
-26.46736,17.050798,-10.126183
-26.902943,17.417816,-10.133655
-27.325197,17.780304,-10.140851
-27.738821,18.139898,-10.14725
-28.132498,18.487562,-10.154156
-28.517397,18.832117,-10.162158
-28.892153,19.172619,-10.170661
-29.275053,19.525965,-10.17862
-29.676413,19.902382,-10.186049
-30.102186,20.306704,-10.191136
-30.528584,20.716442,-10.194031
-30.95781,21.131481,-10.195474
-31.373566,21.535063,-10.196296
-31.78559,21.935595,-10.196662
-32.184998,22.32423,-10.196702
-32.562634,22.691616,-10.196404
-32.91259,23.031895,-10.195693
-33.241898,23.351265,-10.19388
-33.533424,23.632996,-10.190959
-33.815575,23.904676,-10.188288
-34.101562,24.178417,-10.185782
-34.40617,24.46925,-10.184931
-34.67925,24.728785,-10.184936
-34.935333,24.972605,-10.186146
-35.17691,25.203218,-10.188799
-35.430534,25.446543,-10.192929
-35.70931,25.716473,-10.19978
-36.00851,26.01005,-10.209401
-36.342213,26.342337,-10.21865
-36.703148,26.708717,-10.227002
-37.0759,27.09491,-10.237017
-37.42801,27.465973,-10.246242
-37.75991,27.822035,-10.252912
-38.090244,28.181873,-10.258877
-38.406006,28.530397,-10.265414
-38.694153,28.852705,-10.272734
-38.99006,29.188412,-10.281216
-39.313072,29.561514,-10.292216
-39.637638,29.944345,-10.30443
-39.96168,30.336266,-10.317296
-40.280453,30.73166,-10.330108
-40.5922,31.12785,-10.340913
-40.904354,31.534554,-10.351163
-41.227623,31.96461,-10.362243
-41.539593,32.388855,-10.372254
-41.81504,32.772827,-10.38091
-42.069305,33.133087,-10.388312
-42.29802,33.462864,-10.395267
-42.523693,33.791927,-10.4006815
-42.763004,34.144997,-10.405624
-43.006207,34.508823,-10.412242
-43.25069,34.879864,-10.420761
-43.508278,35.27648,-10.429363
-43.74919,35.655636,-10.437587
-43.97295,36.01517,-10.44531
-44.17266,36.342144,-10.452751
-44.358864,36.651543,-10.459508
-44.53058,36.940784,-10.465078
-44.69761,37.22487,-10.468208
-44.857937,37.50003,-10.46995
-45.007492,37.758354,-10.471591
-45.15959,38.021828,-10.47402
-45.3183,38.29824,-10.478061
-45.48591,38.59207,-10.4819355
-45.662354,38.90446,-10.485554
-45.84421,39.229534,-10.489784
-46.029495,39.56385,-10.494172
-46.21691,39.90577,-10.498814
-46.40842,40.259235,-10.504442
-46.607475,40.631126,-10.510852
-46.813408,41.02132,-10.516978
-47.037815,41.45251,-10.522475
-47.26523,41.896297,-10.527867
-47.486065,42.33307,-10.532083
-47.70564,42.772762,-10.536289
-47.92712,43.219685,-10.539784
-48.15433,43.682983,-10.542848
-48.379906,44.145954,-10.54501
-48.60735,44.616272,-10.546892
-48.837425,45.094055,-10.548913
-49.067875,45.575794,-10.551687
-49.296223,46.05754,-10.556683
-49.521496,46.537968,-10.563137
-49.73389,46.997707,-10.568852
-49.934578,47.439598,-10.574005
-50.133305,47.883644,-10.58039
-50.32317,48.314224,-10.5869465
-50.49758,48.717796,-10.593441
-50.66418,49.10976,-10.6001425
-50.81018,49.459335,-10.605553
-50.94051,49.7762,-10.609022
-51.068512,50.091362,-10.613231
-51.19805,50.413883,-10.618812
-51.328804,50.744553,-10.625227
-51.461327,51.08588,-10.63213
-51.601707,51.45454,-10.639235
-51.745037,51.83958,-10.646851
-51.893734,52.24648,-10.652582
-52.044968,52.669815,-10.657577
-52.204094,53.12193,-10.662644
-52.366753,53.592823,-10.668801
-52.53375,54.084404,-10.674781
-52.701805,54.588634,-10.679504
-52.87122,55.104637,-10.6822605
-53.04248,55.63108,-10.68289
-53.20955,56.146175,-10.681277
-53.366985,56.630188,-10.677988
-53.50499,57.050133,-10.674131
-53.641926,57.461643,-10.670433
-53.778732,57.867535,-10.66701
-53.907753,58.246014,-10.6639805
-54.024654,58.585995,-10.662041
-54.1192,58.85979,-10.662077
-54.209145,59.11978,-10.663082
-54.29589,59.37195,-10.666009
-54.367046,59.57973,-10.668585
-54.442776,59.802166,-10.669116
-54.524765,60.046684,-10.674108
-54.61757,60.324394,-10.680391
-54.72817,60.661156,-10.682673
-54.852478,61.044556,-10.682474
-54.989933,61.468987,-10.682185
-55.14161,61.938377,-10.683876
-55.300224,62.434032,-10.690344
-55.46079,62.945564,-10.700832
-55.611595,63.443077,-10.712765
-55.752377,63.928085,-10.725113
-55.89537,64.442825,-10.737636
-56.00433,64.870476,-10.758712
-56.110157,65.30366,-10.781702
-56.213203,65.77928,-10.803533
-56.31319,66.29827,-10.829621
-56.40341,66.83617,-10.857306
-56.47168,67.33096,-10.884967
-56.52851,67.84152,-10.916626
-56.57057,68.36925,-10.945499
-56.596527,68.87,-10.969293
-56.60982,69.36451,-10.9908085
-56.612026,69.86665,-11.012352
-56.603657,70.36323,-11.0341
-56.585583,70.85862,-11.052493
-56.558434,71.36167,-11.061999
-56.525467,71.87113,-11.06337
-56.490524,72.39356,-11.060484
-56.453636,72.94955,-11.058349
-56.417778,73.51414,-11.058326
-56.389076,73.97175,-11.059065
-56.36182,74.39716,-11.059114
-56.33679,74.78074,-11.059545
-56.310867,75.19466,-11.057776
-56.283173,75.63846,-11.057426
-56.253757,76.13018,-11.056617
-56.22226,76.65923,-11.055474
-56.190357,77.19374,-11.054373
-56.158264,77.741455,-11.053197
-56.125248,78.32077,-11.051778
-56.09133,78.9206,-11.050945
-56.059242,79.50173,-11.050057
-56.0284,80.06692,-11.049389
-55.99935,80.60733,-11.049228
-55.97105,81.125275,-11.051286
-55.94245,81.64129,-11.054364
-55.91158,82.16345,-11.057707
-55.878998,82.69607,-11.059377
-55.845627,83.22293,-11.059069
-55.813774,83.72723,-11.058291
-55.78289,84.2205,-11.058002
-55.751854,84.71046,-11.059499
-55.72092,85.18875,-11.062862
-55.68819,85.6604,-11.069968
-55.651394,86.133934,-11.0844555
-55.610107,86.59371,-11.103255
-55.560226,87.04791,-11.125889
-55.501503,87.48481,-11.15578
-55.43283,87.90575,-11.192068
-55.35167,88.30752,-11.233926
-55.256886,88.69731,-11.279344
-55.136364,89.11322,-11.325092
-54.99787,89.521095,-11.366397
-54.833084,89.94754,-11.402115
-54.646015,90.38332,-11.4374275
-54.440987,90.81834,-11.470602
-54.259956,91.167465,-11.496952
-54.110733,91.43862,-11.517759
-54.011223,91.60952,-11.531006
-53.914593,91.77324,-11.539261
-53.815285,91.93813,-11.541945
-53.70212,92.12398,-11.544235
-53.561058,92.35469,-11.546213
-53.39081,92.631165,-11.548317
-53.184868,92.96321,-11.553826
-52.960976,93.32028,-11.561923
-52.723934,93.69244,-11.572135
-52.476067,94.07322,-11.583125
-52.21317,94.469086,-11.591567
-51.948093,94.86081,-11.595691
-51.710976,95.20498,-11.603634
-51.4666,95.55553,-11.616651
-51.220093,95.899574,-11.631292
-50.963516,96.24876,-11.643487
-50.711468,96.58115,-11.654057
-50.450974,96.91832,-11.665353
-50.187466,97.25154,-11.6738
-49.931114,97.56997,-11.68089
-49.669777,97.88964,-11.688398
-49.387917,98.22937,-11.694647
-49.102276,98.56966,-11.697193
-48.76834,98.96267,-11.701815
-48.42154,99.369606,-11.704156
-48.045147,99.807434,-11.706412
-47.701626,100.207306,-11.708035
-47.340347,100.625336,-11.709946
-46.96404,101.05928,-11.711467
-46.58786,101.49172,-11.71294
-46.207092,101.928215,-11.714367
-45.8784,102.30266,-11.718513
-45.548454,102.67784,-11.723851
-45.190258,103.07985,-11.725066
-44.817574,103.49707,-11.724249
-44.437016,103.92367,-11.722216
-44.06225,104.34489,-11.720617
-43.688843,104.76575,-11.72072
-43.311626,105.191154,-11.721751
-43.025814,105.51458,-11.7224655
-42.746334,105.828896,-11.726058
-42.440697,106.170364,-11.728256
-42.11429,106.53456,-11.72477
-41.77772,106.90972,-11.721837
-41.44702,107.282295,-11.720599
-41.14009,107.62849,-11.719939
-40.848656,107.9579,-11.71967
-40.566376,108.27725,-11.718933
-40.29495,108.58514,-11.716674
-40.028965,108.88772,-11.713694
-39.773087,109.18071,-11.710482
-39.52506,109.46657,-11.706813
-39.29047,109.7388,-11.703147
-39.06555,110.001686,-11.69975
-38.850433,110.254906,-11.696518
-38.645924,110.49707,-11.693652
-38.45358,110.72616,-11.691228
-38.27415,110.94078,-11.689493
-38.108402,111.13962,-11.68868
-37.973927,111.30128,-11.688176
-37.85147,111.44866,-11.687502
-37.746098,111.57558,-11.686965
-37.65436,111.68628,-11.686089
-37.57301,111.78483,-11.6838665
-37.50114,111.8721,-11.681409
-37.433445,111.95467,-11.679505
-37.372063,112.02988,-11.678104
-37.333923,112.07661,-11.677105
-37.309555,112.106544,-11.675311
-37.32905,112.08221,-11.674953
-37.353447,112.052,-11.672
-37.380848,112.01788,-11.669668
-37.420094,111.96886,-11.667616
-37.479,111.89501,-11.665751
-37.556004,111.79812,-11.66386
-37.679707,111.642334,-11.663511
-37.841377,111.43837,-11.662289
-38.02675,111.20366,-11.660701
-38.218586,110.95944,-11.658817
-38.427933,110.69288,-11.658968
-38.646473,110.41437,-11.659931
-38.86216,110.141106,-11.665313
-39.072678,109.87691,-11.674575
-39.26698,109.63748,-11.687618
-39.439552,109.4306,-11.705863
-39.598057,109.24846,-11.731412
-39.736923,109.0953,-11.758962
-39.85493,108.97299,-11.791368
-39.930744,108.89971,-11.826661
-39.960384,108.87388,-11.868667
-39.97326,108.863556,-11.920559
-39.97464,108.863014,-11.976727
-39.963215,108.87082,-12.034657
-39.92962,108.89131,-12.096599
-39.856133,108.929375,-12.162903
-39.734043,108.9826,-12.232607
-39.548756,109.048546,-12.3033495
-39.328556,109.1083,-12.371099
-39.10277,109.153305,-12.431985
-38.87978,109.183655,-12.485921
-38.64804,109.20248,-12.539127
-38.408443,109.20937,-12.590327
-38.162,109.20415,-12.634828
-37.943962,109.18854,-12.673919
-37.821182,109.17313,-12.712269
-37.807426,109.16948,-12.750059
-37.852627,109.177536,-12.789669
-37.93649,109.19601,-12.833244
-38.055885,109.22859,-12.878948
-38.169468,109.265625,-12.926054
-38.243214,109.29375,-12.97243
-38.25973,109.30146,-13.0187235
-38.191193,109.2693,-13.065539
-38.03428,109.18433,-13.112779
-37.84086,109.067276,-13.158476
-37.636154,108.9301,-13.2013
-37.432137,108.78018,-13.241252
-37.218502,108.61072,-13.275312
-36.976948,108.40458,-13.305417
-36.703682,108.15713,-13.331379
-36.393696,107.86157,-13.351504
-36.084583,107.55468,-13.362863
-35.76849,107.233086,-13.367681
-35.4615,106.91773,-13.366643
-35.172424,106.62049,-13.3621025
-34.910686,106.353546,-13.355914
-34.684135,106.12527,-13.347796
-34.483776,105.92479,-13.3436165
-34.300182,105.74356,-13.342956
-34.144676,105.59086,-13.341007
-33.999676,105.44845,-13.33855
-33.832787,105.28634,-13.337736
-33.66541,105.123825,-13.336025
-33.50359,104.96735,-13.330562
-33.303616,104.77615,-13.323705
-33.035248,104.52255,-13.31879
-32.736366,104.24331,-13.314234
-32.42087,103.95063,-13.308835
-32.092514,103.64931,-13.303912
-31.747387,103.33565,-13.299178
-31.379091,103.00412,-13.294698
-31.023956,102.68727,-13.290797
-30.63673,102.34428,-13.287489
-30.241405,101.996605,-13.284962
-29.852692,101.6565,-13.282924
-29.463013,101.316864,-13.281524
-29.09332,100.995735,-13.280567
-28.734528,100.68495,-13.279547
-28.383966,100.38187,-13.278453
-28.036785,100.0822,-13.277482
-27.694235,99.78678,-13.277526
-27.34201,99.481926,-13.281113
-27.009615,99.19388,-13.285165
-26.69859,98.92175,-13.289854
-26.404114,98.66202,-13.294268
-26.123192,98.411736,-13.298724
-25.85205,98.168045,-13.303606
-25.598171,97.93738,-13.309379
-25.355646,97.714325,-13.316858
-25.13062,97.50456,-13.32571
-24.949768,97.332466,-13.337473
-24.842932,97.22868,-13.351891
-24.773632,97.15921,-13.371336
-24.777851,97.16274,-13.391583
-24.809565,97.19662,-13.413269
-24.845974,97.23775,-13.434964
-24.883146,97.281555,-13.454617
-24.922241,97.32949,-13.4721365
-24.960827,97.378525,-13.485817
-24.994114,97.42207,-13.494622
-25.016245,97.45156,-13.498322
-25.027475,97.46661,-13.497999
-25.041876,97.48595,-13.496077
-25.058674,97.50852,-13.495433
-25.080168,97.53751,-13.503215
-25.118376,97.58993,-13.520789
-25.16116,97.650955,-13.549809
-25.212774,97.729515,-13.591978
-25.264101,97.81488,-13.641791
-25.300922,97.88415,-13.697831
-25.319075,97.92329,-13.756806
-25.32547,97.940834,-13.826879
-25.31543,97.91156,-13.915168
-25.295145,97.82013,-14.023273
-25.284603,97.72087,-14.146402
-25.285223,97.676476,-14.268087
-25.28748,97.65247,-14.389501
-25.313349,97.54818,-14.517322
-25.378317,97.38415,-14.650328
-25.488335,97.18549,-14.774555
-25.654177,96.95952,-14.88249
-25.855625,96.73853,-14.974346
-26.097794,96.51879,-15.055131
-26.368849,96.31218,-15.133046
-26.649963,96.130745,-15.217154
-26.957659,95.96479,-15.298316
-27.28563,95.82032,-15.360703
-27.662262,95.68165,-15.404527
-28.050255,95.559364,-15.433564
-28.466055,95.44285,-15.462574
-28.891127,95.33639,-15.493115
-29.321924,95.24195,-15.521807
-29.731726,95.163445,-15.543678
-30.12868,95.09726,-15.560892
-30.526754,95.037796,-15.575993
-30.948025,94.98216,-15.590352
-31.379103,94.93234,-15.609027
-31.816725,94.88871,-15.6300335
-32.269245,94.85301,-15.64812
-32.733963,94.825195,-15.664095
-33.21405,94.80411,-15.679412
-33.708088,94.78956,-15.692368
-34.200157,94.782486,-15.706075
-34.682934,94.78234,-15.723839
-35.16756,94.78961,-15.742276
-35.659874,94.80605,-15.757711
-36.152473,94.83078,-15.772495
-36.658684,94.86235,-15.784003
-37.184387,94.90215,-15.791267
-37.70503,94.94734,-15.803339
-38.248093,94.99815,-15.815583
-38.786583,95.05694,-15.827474
-39.29759,95.11976,-15.843484
-39.78703,95.187096,-15.863115
-40.29039,95.265175,-15.882632
-40.80402,95.35648,-15.901914
-41.256123,95.44734,-15.928682
-41.688248,95.54277,-15.957296
-42.156055,95.66089,-15.976548
-42.642883,95.7943,-15.987386
-43.13718,95.935875,-15.995567
-43.63066,96.08227,-16.00422
-44.11658,96.2303,-16.012897
-44.620304,96.387825,-16.017982
-45.16036,96.56067,-16.019642
-45.729965,96.74403,-16.020172
-46.339417,96.94013,-16.019297
-46.985558,97.14762,-16.017824
-47.62691,97.35287,-16.016193
-48.29485,97.56525,-16.013948
-48.938267,97.76929,-16.01344
-49.559887,97.96593,-16.013647
-50.16674,98.15804,-16.015
-50.651535,98.315094,-16.021292
-51.073402,98.4524,-16.026875
-51.488583,98.58934,-16.032375
-51.89289,98.72507,-16.036713
-52.310158,98.86801,-16.042898
-52.742794,99.01879,-16.050627
-53.169388,99.17113,-16.059202
-53.59254,99.32596,-16.067638
-54.0451,99.49686,-16.077597
-54.51432,99.67948,-16.090088
-54.981373,99.86737,-16.104803
-55.406666,100.046104,-16.121458
-55.84876,100.2399,-16.140854
-56.339085,100.46628,-16.156397
-56.852825,100.713425,-16.169493
-57.38118,100.976395,-16.182888
-57.915638,101.25163,-16.197823
-58.451477,101.53839,-16.216362
-58.95303,101.818535,-16.237457
-59.44524,102.10666,-16.260094
-59.955814,102.42173,-16.284977
-60.460445,102.751724,-16.31475
-60.95767,103.0965,-16.347334
-61.455265,103.46641,-16.37885
-61.90226,103.81901,-16.402885
-62.308968,104.156235,-16.418116
-62.750824,104.53502,-16.42758
-63.162296,104.89776,-16.439598
-63.50404,105.20379,-16.448816
-63.825024,105.49691,-16.454247
-64.128365,105.77778,-16.459488
-64.40907,106.04025,-16.464346
-64.677055,106.29366,-16.470135
-64.937256,106.54169,-16.47522
-65.21772,106.81173,-16.479275
-65.51255,107.09831,-16.483988
-65.80393,107.385475,-16.4921
-66.13339,107.71286,-16.5007
-66.51813,108.10245,-16.508442
-66.936134,108.53456,-16.520098
-67.35465,108.97826,-16.538912
-67.701195,109.36159,-16.563646
-68.01093,109.717896,-16.590364
-68.35317,110.13186,-16.61486
-68.72794,110.60905,-16.634739
-69.11146,111.118675,-16.651922
-69.49607,111.65242,-16.67323
-69.87442,112.195366,-16.692495
-70.24477,112.75272,-16.708508
-70.62403,113.34189,-16.723623
-71.002335,113.94998,-16.736557
-71.37924,114.57293,-16.74549
-71.74831,115.19705,-16.751701
-72.11457,115.82525,-16.755535
-72.4752,116.44939,-16.75759
-72.83226,117.071335,-16.75849
-73.198494,117.70931,-16.758797
-73.58401,118.38087,-16.758846
-73.97708,119.06701,-16.759632
-74.3684,119.75191,-16.760393
-74.70866,120.35702,-16.76594
-75.048256,120.960205,-16.770885
-75.35839,121.522766,-16.780401
-75.644966,122.04729,-16.786852
-75.93627,122.58906,-16.78954
-76.24874,123.173805,-16.790367
-76.561386,123.76181,-16.790571
-76.849144,124.30518,-16.790842
-77.11408,124.80714,-16.792236
-77.36787,125.29101,-16.798183
-77.61724,125.77365,-16.811228
-77.88217,126.29795,-16.828386
-78.13558,126.82503,-16.849493
-78.38009,127.36022,-16.8744
-78.61788,127.91708,-16.902235
-78.83744,128.47246,-16.930906
-79.03124,129.0091,-16.960981
-79.21474,129.56676,-16.993935
-79.38977,130.16376,-17.02629
-79.54545,130.76819,-17.058132
-79.689545,131.40259,-17.08643
-79.785866,131.91806,-17.1168
-79.87579,132.46028,-17.15467
-79.95646,133.10248,-17.185085
-80.00756,133.65822,-17.213507
-80.042,134.17905,-17.244928
-80.0595,134.68198,-17.271784
-80.062485,135.12001,-17.2971
-80.05547,135.54951,-17.320185
-80.03724,136.00496,-17.337933
-80.00914,136.49246,-17.351486
-79.97325,136.99403,-17.361225
-79.92969,137.53685,-17.366405
-79.88189,138.0834,-17.369669
-79.834564,138.60332,-17.371035
-79.78956,139.08359,-17.372305
-79.75482,139.43332,-17.375704
-79.72372,139.75055,-17.378511
-79.686005,140.12917,-17.384094
-79.6406,140.55809,-17.391546
-79.589035,141.01256,-17.400629
-79.53797,141.42242,-17.41182
-79.486984,141.79971,-17.425497
-79.42515,142.22249,-17.439217
-79.34911,142.68802,-17.454157
-79.26161,143.18481,-17.469664
-79.15564,143.73238,-17.48489
-79.03297,144.3143,-17.503874
-78.8995,144.89334,-17.527153
-78.75696,145.44862,-17.557133
-78.59603,146.01216,-17.591417
-78.404785,146.60655,-17.623234
-78.18478,147.22032,-17.652857
-77.96219,147.78645,-17.68107
-77.7209,148.35512,-17.709215
-77.44594,148.95572,-17.733702
-77.14148,149.5804,-17.753916
-76.829926,150.1848,-17.772907
-76.51757,150.76453,-17.792505
-76.26304,151.2117,-17.81449
-76.056755,151.56197,-17.837315
-75.85912,151.87897,-17.8566
-75.65017,152.19963,-17.874567
-75.411514,152.5516,-17.891857
-75.10862,152.98135,-17.909883
-74.80242,153.39583,-17.933962
-74.48587,153.80777,-17.966413
-74.15788,154.20381,-18.002481
-73.82736,154.57753,-18.047728
-73.48216,154.93617,-18.088583
-73.13751,155.26462,-18.122637
-72.7644,155.59697,-18.158058
-72.34556,155.94286,-18.187948
-71.90873,156.28238,-18.220106
-71.46422,156.60468,-18.257902
-71.00869,156.91043,-18.30099
-70.555435,157.18738,-18.345009
-70.12106,157.42686,-18.394339
-69.69144,157.63786,-18.44878
-69.243576,157.82721,-18.50256
-68.768234,157.99864,-18.557293
-68.25825,158.15169,-18.610874
-67.72918,158.2807,-18.65805
-67.18568,158.38635,-18.702988
-66.615234,158.47096,-18.740313
-66.03095,158.53534,-18.770496
-65.46527,158.58012,-18.801126
-64.918526,158.60635,-18.837475
-64.38001,158.61319,-18.87489
-63.85144,158.59998,-18.912357
-63.344162,158.56812,-18.951727
-62.849705,158.5166,-18.998613
-62.395367,158.44997,-19.043158
-62.05354,158.38528,-19.090292
-61.83673,158.33322,-19.144127
-61.705883,158.29416,-19.202902
-61.62779,158.26523,-19.255161
-61.595936,158.25148,-19.30759
-61.596046,158.25133,-19.354317
-61.634327,158.27219,-19.3924
-61.693813,158.30797,-19.422422
-61.761703,158.35138,-19.446764
-61.873875,158.4273,-19.46556
-61.996048,158.51376,-19.482454
-62.12385,158.60713,-19.496931
-62.291534,158.73369,-19.508095
-62.49654,158.89235,-19.517805
-62.739204,159.08397,-19.526276
-63.00645,159.299,-19.53496
-63.297432,159.53745,-19.544113
-63.61782,159.80515,-19.554049
-63.964058,160.10002,-19.56422
-64.31583,160.40695,-19.576973
-64.669014,160.7236,-19.592812
-65.02095,161.04851,-19.610441
-65.36339,161.37576,-19.629755
-65.70604,161.71523,-19.64937
-66.04499,162.06416,-19.669128
-66.375305,162.4186,-19.689892
-66.69384,162.77448,-19.710997
-67.00493,163.13716,-19.732515
-67.30218,163.50008,-19.755556
-67.58748,163.86467,-19.779469
-67.86375,164.2347,-19.802961
-68.131676,164.6122,-19.826576
-68.389145,164.99374,-19.850359
-68.64108,165.38608,-19.873287
-68.88705,165.78896,-19.894981
-69.12901,166.20474,-19.91471
-69.35701,166.61462,-19.931677
-69.58134,167.03494,-19.946583
-69.79554,167.45367,-19.962261
-69.98688,167.84254,-19.978611
-70.16858,168.2244,-19.992352
-70.35377,168.62938,-20.004978
-70.53126,169.03027,-20.015583
-70.69016,169.40028,-20.024086
-70.838326,169.75333,-20.030737
-70.9761,170.08817,-20.035809
-71.10164,170.3982,-20.039818
-71.20558,170.65758,-20.041847
-71.29021,170.87013,-20.041958
-71.360664,171.04727,-20.040668
-71.41892,171.19336,-20.038607
-71.46505,171.30855,-20.036572
-71.500916,171.3977,-20.035322
-71.53612,171.48459,-20.03445
-71.57233,171.5739,-20.034706
-71.59394,171.6274,-20.035797
-71.600655,171.64403,-20.036642
-71.59557,171.6315,-20.037882
-71.57479,171.57982,-20.039862
-71.54056,171.49419,-20.041563
-71.49505,171.37964,-20.043837
-71.438324,171.23538,-20.048878
-71.377594,171.0787,-20.057592
-71.31248,170.90596,-20.070621
-71.242065,170.71072,-20.090816
-71.17395,170.50957,-20.11767
-71.10638,170.29008,-20.156847
-71.03442,170.0208,-20.202574
-70.97512,169.75867,-20.23738
-70.92895,169.51067,-20.272907
-70.885,169.21463,-20.301414
-70.83774,168.81502,-20.32828
-70.787094,168.26035,-20.35297
-70.74438,167.63597,-20.370556
-70.71231,166.98141,-20.38825
-70.69766,166.42549,-20.413841
-70.69317,165.8882,-20.443666
-70.70681,165.29066,-20.468664
-70.73658,164.65605,-20.48787
-70.78014,163.99522,-20.50144
-70.83304,163.32634,-20.508972
-70.892845,162.64565,-20.513103
-70.95631,161.95612,-20.515121
-71.02198,161.25883,-20.515333
-71.08073,160.6477,-20.515638
-71.14123,160.01334,-20.515503
-71.20338,159.35829,-20.514908
-71.25934,158.7761,-20.515245
-71.30737,158.27924,-20.516876
-71.354744,157.78989,-20.51871
-71.41176,157.20145,-20.518549
-71.48143,156.48584,-20.516407
-71.55702,155.70091,-20.514042
-71.635704,154.8685,-20.512844
-71.7099,154.0755,-20.51329
-71.774475,153.39587,-20.51528
-71.827255,152.85577,-20.518244
-71.86882,152.4499,-20.523493
-71.907166,152.07826,-20.52869
-71.94483,151.73227,-20.533432
-71.978745,151.43039,-20.535772
-72.020454,151.06464,-20.534788
-72.071434,150.61935,-20.5333
-72.129135,150.1087,-20.531225
-72.19175,149.5459,-20.529087
-72.24933,149.0198,-20.527435
-72.29663,148.58385,-20.526945
-72.33761,148.20314,-20.52637
-72.37706,147.83185,-20.525291
-72.4179,147.44139,-20.52341
-72.46322,146.99818,-20.520088
-72.50681,146.56747,-20.518116
-72.55047,146.12091,-20.516075
-72.59696,145.63603,-20.513708
-72.64291,145.14673,-20.51171
-72.68949,144.63866,-20.509932
-72.73711,144.11389,-20.509876
-72.7899,143.51968,-20.509733
-72.84795,142.86598,-20.510004
-72.906715,142.21404,-20.510592
-72.96417,141.58165,-20.511044
-73.02453,140.9149,-20.511501
-73.08769,140.2171,-20.512434
-73.14374,139.64508,-20.51681
-73.19991,139.05113,-20.517464
-73.26745,138.34155,-20.517736
-73.343475,137.55403,-20.518154
-73.42207,136.74931,-20.5188
-73.49923,135.97221,-20.51939
-73.565735,135.34135,-20.522501
-73.62754,134.73317,-20.521143
-73.686104,134.15497,-20.519121
-73.742294,133.58936,-20.515581
-73.795525,133.035,-20.512835
-73.83446,132.65245,-20.514229
-73.864136,132.34175,-20.512836
-73.89298,132.0301,-20.511602
-73.92298,131.69995,-20.50974
-73.95487,131.34225,-20.507116
-73.98736,130.96698,-20.5037
-74.02321,130.53674,-20.499516
-74.06373,130.02806,-20.49599
-74.10751,129.45322,-20.493713
-74.14784,128.91557,-20.494303
-74.18421,128.43602,-20.49757
-74.22092,127.96497,-20.502438
-74.25907,127.492775,-20.50559
-74.29534,127.08821,-20.512367
-74.329,126.7343,-20.524925
-74.370316,126.33831,-20.539928
-74.42913,125.84366,-20.54997
-74.50357,125.268265,-20.554827
-74.59125,124.61605,-20.556885
-74.68854,123.90464,-20.557154
-74.780914,123.23344,-20.556952
-74.87582,122.54313,-20.556204
-74.97396,121.82392,-20.555946
-75.07014,121.11945,-20.55588
-75.161644,120.45168,-20.555765
-75.24881,119.81376,-20.555319
-75.32804,119.236176,-20.555252
-75.40078,118.7023,-20.554447
-75.47016,118.18713,-20.552729
-75.54438,117.62538,-20.54969
-75.620926,117.035385,-20.546453
-75.69086,116.48691,-20.543865
-75.75324,115.98643,-20.541824
-75.82379,115.408806,-20.540037
-75.89867,114.78568,-20.539284
-75.974556,114.15003,-20.53855
-76.04309,113.613625,-20.547688
-76.11014,113.080536,-20.556229
-76.18052,112.5867,-20.570059
-76.250725,112.12665,-20.590208
-76.32116,111.717186,-20.612259
-76.382286,111.40315,-20.637064
-76.44694,111.10638,-20.664812
-76.54707,110.70277,-20.68479
-76.699875,110.13657,-20.695757
-76.878815,109.50104,-20.70102
-77.06934,108.839195,-20.704876
-77.2623,108.17995,-20.708984
-77.461975,107.50642,-20.71272
-77.65897,106.857155,-20.71942
-77.851776,106.23048,-20.724657
-78.05503,105.57903,-20.726973
-78.27601,104.87835,-20.728989
-78.49159,104.20612,-20.733227
-78.70493,103.54947,-20.738537
-78.916374,102.90995,-20.745632
-79.11806,102.31376,-20.752657
-79.30961,101.759575,-20.758142
-79.510925,101.18368,-20.761436
-79.73572,100.54722,-20.764318
-79.98434,99.8503,-20.76752
-80.24462,99.13231,-20.773241
-80.4852,98.48887,-20.784098
-80.681946,97.98081,-20.797134
-80.847694,97.567116,-20.812462
-81.03157,97.11797,-20.826471
-81.24797,96.61155,-20.8343
-81.50396,96.02481,-20.837763
-81.750336,95.47441,-20.845894
-81.965294,95.00763,-20.856867
-82.173836,94.56192,-20.870092
-82.39752,94.098465,-20.885506
-82.59882,93.69931,-20.901016
-82.77964,93.35022,-20.911678
-82.95239,93.02662,-20.917194
-83.12136,92.71417,-20.91935
-83.29266,92.39957,-20.92023
-83.4428,92.12522,-20.921078
-83.57179,91.88972,-20.92116
-83.65818,91.73289,-20.922018
-83.70599,91.64603,-20.921896
-83.73497,91.593475,-20.923046
-83.77022,91.52912,-20.922842
-83.83745,91.40679,-20.922777
-83.93434,91.2313,-20.927551
-84.04938,91.02591,-20.941
-84.15203,90.85095,-20.970448
-84.22615,90.73175,-21.01499
-84.28597,90.64367,-21.071451
-84.342514,90.56899,-21.124926
-84.42491,90.47106,-21.17113
-84.59575,90.287025,-21.206038
-84.85812,90.024376,-21.233
-85.18235,89.71724,-21.255077
-85.56519,89.3703,-21.274014
-85.93657,89.04665,-21.290314
-86.32527,88.71805,-21.308155
-86.77817,88.34934,-21.321325
-87.25364,87.97287,-21.332596
-87.739586,87.59762,-21.345726
-88.25233,87.21099,-21.358406
-88.778404,86.824,-21.367157
-89.319466,86.43411,-21.37382
-89.8707,86.0419,-21.378176
-90.438644,85.6421,-21.381098
-91.007126,85.24409,-21.38265
-91.55476,84.862686,-21.383776
-92.07899,84.499176,-21.385891
-92.59304,84.1444,-21.389698
-93.09613,83.799225,-21.39395
-93.61357,83.44628,-21.39621
-94.13128,83.09612,-21.398539
-94.55072,82.81571,-21.401224
-94.8977,82.58439,-21.402891
-95.26215,82.34055,-21.4035
-95.64007,82.088936,-21.404514
-95.97866,81.86505,-21.408016
-96.30859,81.64805,-21.414204
-96.66082,81.41837,-21.420725
-97.01526,81.190994,-21.426373
-97.37285,80.964584,-21.43263
-97.73487,80.739265,-21.442043
-98.08261,80.52715,-21.454557
-98.40222,80.338234,-21.470926
-98.72865,80.15124,-21.489809
-99.07762,79.96069,-21.512297
-99.44168,79.77292,-21.541672
-99.81856,79.59216,-21.578642
-100.22168,79.41568,-21.61991
-100.639275,79.253426,-21.661533
-101.05024,79.11316,-21.704948
-101.45275,78.99512,-21.751091
-101.851944,78.89789,-21.80121
-102.247284,78.822845,-21.857244
-102.65197,78.768486,-21.91956
-103.06097,78.739944,-21.984869
-103.46126,78.73762,-22.055956
-103.869995,78.763756,-22.127333
-104.28262,78.82034,-22.194794
-104.68373,78.90274,-22.260487
-105.07433,79.01002,-22.320597
-105.44885,79.138435,-22.379095
-105.80423,79.284134,-22.441523
-106.14317,79.44742,-22.503578
-106.46985,79.630554,-22.559566
-106.7862,79.83224,-22.61067
-107.09378,80.050674,-22.655998
-107.394745,80.285675,-22.693727
-107.68979,80.53434,-22.723757
-107.981735,80.79454,-22.741463
-108.2426,81.03608,-22.74589
-108.48731,81.265625,-22.74506
-108.74195,81.50413,-22.74071
-109.00552,81.74896,-22.733198
-109.262634,81.98412,-22.723166
-109.50587,82.20274,-22.713366
-109.75136,82.41931,-22.70484
-109.98562,82.62259,-22.698877
-110.16368,82.77447,-22.695145
-110.27377,82.86747,-22.691193
-110.32579,82.91014,-22.67916
-110.31231,82.89862,-22.662199
-110.245766,82.84549,-22.64234
-110.15468,82.7763,-22.616808
-110.07078,82.71613,-22.587307
-110.02081,82.68323,-22.54905
-110.05315,82.70476,-22.50467
-110.19213,82.78406,-22.455833
-110.38745,82.88237,-22.403803
-110.584816,82.96862,-22.353403
-110.75149,83.03144,-22.307985
-110.85256,83.062294,-22.260881
-110.87111,83.066895,-22.221716
-110.857635,83.06359,-22.18638
-110.82023,83.05612,-22.156914
-110.76434,83.046646,-22.136106
-110.69483,83.03638,-22.123098
-110.62611,83.02725,-22.11229
-110.57277,83.02068,-22.102776
-110.53993,83.01685,-22.097725
-110.5126,83.01392,-22.094864
-110.48133,83.0106,-22.095776
-110.42437,83.00458,-22.101076
-110.36286,82.997955,-22.102776
-110.30171,82.99106,-22.103676
-110.241135,82.98424,-22.104298
-110.166176,82.97571,-22.105837
-110.08902,82.96692,-22.105955
-110.045784,82.96197,-22.103167
-110.007935,82.95777,-22.097975
-109.93508,82.95,-22.092957
-109.84546,82.940926,-22.08685
-109.75312,82.93216,-22.07897
-109.66806,82.92473,-22.069931
-109.608116,82.91996,-22.060856
-109.59125,82.918755,-22.051712
-109.60022,82.919334,-22.040382
-109.62276,82.92045,-22.029919
-109.63517,82.92095,-22.02294
-109.663345,82.921936,-22.022276
-109.71398,82.92356,-22.024532
-109.745834,82.924644,-22.028297
-109.74991,82.92479,-22.031914
-109.71748,82.92347,-22.035162
-109.64656,82.920296,-22.040714
-109.51163,82.9136,-22.04792
-109.37724,82.90614,-22.053051
-109.26057,82.898865,-22.057634
-109.14791,82.89139,-22.062006
-109.072876,82.88628,-22.062765
-109.01008,82.881805,-22.061455
-108.93763,82.87679,-22.057968
-108.8769,82.87275,-22.053684
-108.85684,82.871605,-22.047419
-108.87568,82.87273,-22.03838
-108.89856,82.87374,-22.028158
-108.90101,82.87386,-22.015501
-108.926384,82.87453,-22.003588
-109.0087,82.87577,-21.994051
-109.20974,82.876495,-21.98673
-109.539024,82.87515,-21.981842
-109.96291,82.87142,-21.979706
-110.44127,82.86613,-21.979153
-110.94528,82.86011,-21.978981
-111.47405,82.85373,-21.978819
-112.01079,82.846985,-21.978085
-112.5528,82.83981,-21.976858
-113.092705,82.83177,-21.97463
-113.60903,82.82327,-21.972391
-114.090324,82.81438,-21.971163
-114.50125,82.80581,-21.969852
-114.89862,82.79737,-21.968285
-115.31057,82.78778,-21.966183
-115.76944,82.77611,-21.963465
-116.27571,82.76224,-21.962116
-116.86571,82.744965,-21.96222
-117.51849,82.72567,-21.964714
-118.16718,82.708595,-21.968012
-118.7851,82.69476,-21.97084
-119.309494,82.68595,-21.974312
-119.76828,82.68025,-21.978884
-120.25448,82.673965,-21.98403
-120.848366,82.66873,-21.99289
-121.5399,82.66937,-22.005703
-122.13725,82.68228,-22.024998
-122.684395,82.699936,-22.041302
-123.22319,82.726685,-22.055183
-123.7464,82.759384,-22.064938
-124.305756,82.80039,-22.073126
-124.92714,82.85117,-22.082327
-125.57044,82.90897,-22.09039
-126.22877,82.97342,-22.094206
-126.90843,83.04333,-22.097694
-127.50471,83.1108,-22.106455
-128.12788,83.18233,-22.114737
-128.75558,83.2603,-22.123678
-129.36311,83.3416,-22.1325
-129.90654,83.4202,-22.141916
-130.43542,83.50057,-22.151114
-130.9578,83.58543,-22.16231
-131.48259,83.67658,-22.175552
-131.99875,83.773506,-22.191431
-132.49931,83.87463,-22.206095
-133.0418,83.99153,-22.216873
-133.59521,84.11847,-22.22599
-134.10301,84.24184,-22.237885
-134.59642,84.36681,-22.252424
-135.05475,84.49021,-22.269377
-135.43385,84.600426,-22.28938
-135.7003,84.68393,-22.31281
-135.8422,84.73251,-22.341639
-135.9247,84.7625,-22.374687
-136.03499,84.8064,-22.403528
-136.27214,84.909195,-22.428198
-136.61734,85.069885,-22.442537
-136.94977,85.23093,-22.453413
-137.27959,85.39442,-22.460192
-137.65599,85.58451,-22.462696
-138.09578,85.8084,-22.463808
-138.552,86.04146,-22.464443
-138.98198,86.26216,-22.465952
-139.36107,86.45797,-22.470272
-139.72589,86.64696,-22.474466
-140.08679,86.83595,-22.47663
-140.44739,87.02603,-22.477703
-140.78203,87.2029,-22.478031
-141.16019,87.40264,-22.476608
-141.60442,87.63671,-22.473906
-142.08617,87.88911,-22.470684
-142.60117,88.15693,-22.467424
-143.16782,88.44933,-22.464159
-143.74213,88.743004,-22.460384
-144.31706,89.034386,-22.456146
-144.91104,89.33242,-22.451683
-145.53018,89.639885,-22.447289
-146.14015,89.93876,-22.442106
-146.71936,90.21838,-22.4362
-147.34026,90.51557,-22.431414
-148.00082,90.82772,-22.426922
-148.67474,91.14269,-22.424017
-149.37157,91.4655,-22.422567
-150.0395,91.77296,-22.42169
-150.65248,92.052376,-22.419392
-151.18944,92.29562,-22.415707
-151.71222,92.5319,-22.412443
-152.24928,92.77367,-22.411308
-152.79782,93.01956,-22.41264
-153.33273,93.25979,-22.415585
-153.82309,93.48141,-22.419355
-154.29665,93.69768,-22.424648
-154.77213,93.91791,-22.430931
-155.18744,94.11231,-22.435577
-155.59389,94.30453,-22.4382
-156.04839,94.52206,-22.436865
-156.55742,94.76545,-22.434069
-157.08617,95.01668,-22.432257
-157.59589,95.25725,-22.430885
-158.1015,95.495476,-22.430576
-158.58069,95.7212,-22.432081
-159.00945,95.92333,-22.43424
-159.41862,96.11814,-22.43927
-159.79283,96.29804,-22.446274
-160.15657,96.475815,-22.45385
-160.47014,96.63196,-22.460068
-160.73367,96.764656,-22.464127
-160.99664,96.89867,-22.464367
-161.28676,97.0469,-22.460938
-161.56265,97.18664,-22.455294
-161.82846,97.31961,-22.447756
-162.08826,97.44728,-22.440508
-162.3241,97.56104,-22.43285
-162.55176,97.66874,-22.42465
-162.78793,97.778145,-22.417313
-163.04068,97.89286,-22.410498
-163.31308,98.014595,-22.405958
-163.56964,98.127686,-22.403126
-163.78436,98.22123,-22.3979
-163.98186,98.30638,-22.39109
-164.17033,98.38622,-22.38575
-164.33641,98.45543,-22.38051
-164.49706,98.521355,-22.374973
-164.66307,98.588486,-22.370522
-164.7834,98.63673,-22.36837
-164.85349,98.664474,-22.364124
-164.89545,98.681,-22.360785
-164.91486,98.68855,-22.35791
-164.93542,98.696465,-22.355345
-164.97423,98.711266,-22.353222
-165.04903,98.7396,-22.351337
-165.15388,98.77909,-22.350277
-165.26686,98.82149,-22.34933
-165.37163,98.8607,-22.348345
-165.47188,98.8981,-22.346891
-165.59814,98.945,-22.345346
-165.76566,99.006966,-22.34474
-165.95515,99.07695,-22.345137
-166.13586,99.14354,-22.344292
-166.32285,99.21239,-22.342054
-166.53215,99.28902,-22.339813
-166.74078,99.36484,-22.337513
-166.95265,99.44129,-22.335014
-167.12814,99.50411,-22.332672
-167.2952,99.563576,-22.330423
-167.47307,99.62637,-22.328924
-167.67818,99.69837,-22.327126
-167.93733,99.78891,-22.32579
-168.29549,99.91325,-22.324059
-168.76758,100.07628,-22.322409
-169.35307,100.277214,-22.320742
-170.00883,100.501076,-22.319113
-170.68727,100.731316,-22.316765
-171.37912,100.964325,-22.313087
-172.06758,101.19368,-22.308466
-172.75647,101.42022,-22.304153
-173.42854,101.63834,-22.301342
-174.12123,101.86064,-22.299524
-174.83954,102.089645,-22.298635
-175.54088,102.312744,-22.299004
-176.23288,102.53347,-22.301008
-176.91931,102.753525,-22.303833
-177.60289,102.974655,-22.307007
-178.2338,103.18116,-22.310076
-178.80728,103.37133,-22.31309
-179.32607,103.545296,-22.316587
-179.82603,103.71467,-22.321114
-180.31802,103.88317,-22.32592
-180.76306,104.037735,-22.329409
-181.08977,104.15252,-22.331669
-181.44933,104.27973,-22.335415
-181.78716,104.40065,-22.338737
-182.12917,104.52439,-22.341913
-182.48544,104.65472,-22.344296
-182.8283,104.780754,-22.344679
-183.22516,104.92763,-22.34484
-183.65462,105.0865,-22.342838
-184.09901,105.24957,-22.339186
-184.54071,105.40952,-22.333887
-185.01666,105.5797,-22.327812
-185.52637,105.758934,-22.322031
-186.0112,105.92545,-22.317062
-186.52116,106.09806,-22.31282
-187.05684,106.27667,-22.307636
-187.6158,106.45954,-22.300638
-188.18315,106.640884,-22.292255
-188.76735,106.822174,-22.282707
-189.37532,107.00426,-22.270863
-189.94301,107.16624,-22.256811
-190.48407,107.313065,-22.242626
-190.99835,107.445274,-22.230043
-191.47444,107.56119,-22.219742
-191.93535,107.668915,-22.212193
-192.34174,107.76031,-22.207481
-192.68718,107.835266,-22.20207
-192.99083,107.89995,-22.19543
-193.27095,107.95846,-22.191399
-193.54512,108.01499,-22.193354
-193.82059,108.07149,-22.197657
-194.08342,108.12693,-22.20459
-194.31836,108.177444,-22.212011
-194.52467,108.22378,-22.22094
-194.6915,108.26259,-22.229847
-194.83507,108.29761,-22.240864
-194.95454,108.32811,-22.254555
-195.05495,108.35484,-22.26513
-195.12129,108.37316,-22.268635
-195.16519,108.38555,-22.268835
-195.21365,108.39925,-22.263327
-195.27522,108.41649,-22.256443
-195.38092,108.44512,-22.245512
-195.49265,108.474335,-22.23581
-195.60677,108.503235,-22.232424
-195.7319,108.53404,-22.231243
-195.86293,108.566086,-22.228386
-195.99701,108.59838,-22.224337
-196.17818,108.64127,-22.21351
-196.38239,108.6871,-22.196186
-196.58824,108.72961,-22.17446
-196.79234,108.7674,-22.151213
-196.99298,108.79998,-22.130013
-197.1964,108.82834,-22.108948
-197.40187,108.85287,-22.089096
-197.61534,108.87451,-22.07492
-197.83365,108.893074,-22.066257
-198.05399,108.91003,-22.061981
-198.25731,108.9244,-22.061073
-198.44067,108.937485,-22.064552
-198.6147,108.95021,-22.069843
-198.79628,108.96439,-22.073488
-199.00607,108.98107,-22.067972
-199.25587,109.000305,-22.053823
-199.53725,109.01821,-22.036642
-199.83109,109.03047,-22.011747
-200.13116,109.03563,-21.975107
-200.43666,109.03097,-21.935003
-200.7387,109.01434,-21.897942
-201.03383,108.98803,-21.869436
-201.31757,108.95341,-21.846182
-201.5807,108.914406,-21.82216
-201.82744,108.87197,-21.796143
-202.06587,108.82466,-21.768473
-202.29181,108.772865,-21.737215
-202.50542,108.71714,-21.702885
-202.72142,108.6532,-21.667166
-202.96854,108.57142,-21.633827
-203.2677,108.4612,-21.603292
-203.59021,108.33126,-21.58092
-203.9393,108.18103,-21.56714
-204.30487,108.017044,-21.558731
-204.6912,107.8399,-21.554699
-205.09322,107.65305,-21.552315
-205.50891,107.45916,-21.553984
-205.93912,107.258354,-21.557503
-206.37209,107.0567,-21.556875
-206.80058,106.85722,-21.551722
-207.23404,106.653275,-21.544245
-207.6707,106.44344,-21.534197
-208.10245,106.230736,-21.521788
-208.55022,106.0041,-21.508963
-209.00597,105.76617,-21.49769
-209.45894,105.522804,-21.488188
-209.91084,105.27448,-21.479956
-210.36188,105.022224,-21.474176
-210.79897,104.77367,-21.470003
-211.22733,104.528725,-21.469475
-211.63164,104.29667,-21.472622
-211.97763,104.099594,-21.479385
-212.31035,103.9128,-21.488728
-212.66801,103.71605,-21.497734
-213.08313,103.49215,-21.504736
-213.50166,103.27013,-21.50768
-213.95515,103.031876,-21.508383
-214.43045,102.78325,-21.509634
-214.92159,102.52727,-21.51254
-215.41411,102.27233,-21.517164
-215.87315,102.03729,-21.524412
-216.34113,101.80226,-21.536348
-216.7483,101.60475,-21.555836
-217.14723,101.41916,-21.584566
-217.62529,101.21464,-21.62267
-218.16187,101.00911,-21.66512
-218.70825,100.82479,-21.709776
-219.27104,100.66207,-21.754913
-219.83052,100.52634,-21.793404
-220.3585,100.42096,-21.82534
-220.84279,100.34109,-21.86496
-221.08716,100.310646,-21.904516
-221.51068,100.27366,-21.971193
-221.98308,100.262375,-22.037285
-222.48613,100.28402,-22.099516
-222.99402,100.33828,-22.15873
-223.50441,100.42409,-22.213297
-224.0181,100.53962,-22.266615
-224.52989,100.684044,-22.32011
-224.9111,100.81903,-22.37239
-225.11687,100.91237,-22.433952
-225.18109,100.95666,-22.507679
-225.36848,101.061165,-22.607586
-225.60231,101.2203,-22.702442
-225.85817,101.435936,-22.786871
-226.13345,101.71178,-22.86445
-226.40665,102.03377,-22.938177
-226.6986,102.43067,-23.015667
-226.95647,102.850876,-23.083023
-227.17311,103.270546,-23.15318
-227.33513,103.65435,-23.236849
-227.45226,104.01301,-23.334488
-227.53365,104.36765,-23.439867
-227.58446,104.76645,-23.536322
-227.59631,105.197464,-23.624098
-227.5688,105.66193,-23.717846
-227.49353,106.1489,-23.805042
-227.37323,106.63942,-23.88294
-227.21478,107.119896,-23.93564
-227.03217,107.58842,-23.961935
-226.82982,108.069496,-23.97526
-226.61833,108.552864,-23.984686
-226.4344,108.958405,-23.99263
-226.25212,109.35375,-23.9993
-226.03944,109.810356,-24.005812
-225.81493,110.284645,-24.012316
-225.55865,110.81833,-24.01645
-225.30269,111.34469,-24.017471
-225.03406,111.89511,-24.015118
-224.78728,112.4018,-24.01154
-224.56534,112.85995,-24.00709
-224.36433,113.278336,-24.003475
-224.18346,113.659676,-24.000055
-224.03284,113.97826,-23.998522
-223.93057,114.19628,-23.996632
-223.81914,114.43655,-23.9924
-223.68626,114.72666,-23.987877
-223.5093,115.11873,-23.980375
-223.30464,115.578735,-23.972614
-223.09326,116.063835,-23.965464
-222.86266,116.60129,-23.96097
-222.66484,117.07021,-23.95916
-222.4591,117.56187,-23.955868
-222.25616,118.04976,-23.952227
-222.05576,118.53745,-23.948133
-221.8534,119.035934,-23.94277
-221.64517,119.558525,-23.934284
-221.47035,120.004944,-23.92597
-221.30345,120.442245,-23.918324
-221.1398,120.880806,-23.912073
-220.96838,121.35133,-23.904993
-220.79512,121.83521,-23.89889
-220.61948,122.33229,-23.89786
-220.44255,122.83624,-23.902416
-220.26723,123.32658,-23.913692
-220.08252,123.83144,-23.927408
-219.88629,124.34776,-23.936468
-219.6818,124.87004,-23.94021
-219.46742,125.411224,-23.940851
-219.23956,125.98511,-23.93904
-219.02553,126.526306,-23.935226
-218.85013,126.97383,-23.93257
-218.66235,127.45641,-23.931992
-218.48169,127.921616,-23.932756
-218.29613,128.39735,-23.935606
-218.1184,128.84602,-23.944162
-217.95796,129.23729,-23.963196
-217.79094,129.62366,-23.996319
-217.61397,130.00398,-24.037628
-217.42992,130.35457,-24.09137
-217.251,130.6565,-24.162598
-217.0696,130.91766,-24.24277
-216.88892,131.1358,-24.324041
-216.7274,131.29625,-24.399998
-216.49774,131.50636,-24.482834
-216.24799,131.70168,-24.553366
-215.9128,131.93391,-24.60792
-215.48653,132.19594,-24.63925
-214.9866,132.47565,-24.655787
-214.42053,132.77368,-24.666716
-213.95921,133.00525,-24.66822
-213.5288,133.22171,-24.669329
-213.11037,133.43172,-24.670717
-212.7377,133.61888,-24.671474
-212.38322,133.79669,-24.671219
-212.01796,133.97827,-24.671242
-211.6227,134.17357,-24.673445
-211.2346,134.36485,-24.677458
-210.79417,134.57925,-24.68386
-210.3151,134.80782,-24.692421
-209.82086,135.04007,-24.701363
-209.26529,135.2939,-24.710968
-208.67972,135.55493,-24.721327
-208.05582,135.82593,-24.732058
-207.43416,136.08919,-24.740055
-206.79816,136.35266,-24.745691
-206.16437,136.61105,-24.749546
-205.54538,136.86148,-24.75124
-204.94092,137.10445,-24.751955
-204.4431,137.30608,-24.75172
-203.93623,137.5094,-24.752567
-203.39403,137.72626,-24.75243
-202.79033,137.9675,-24.750704
-202.3156,138.15915,-24.747732
-201.96751,138.30101,-24.746614
-201.75717,138.38722,-24.746933
-201.59729,138.45209,-24.748894
-201.40611,138.52934,-24.750875
-201.11597,138.64587,-24.751478
-200.69633,138.81398,-24.75048
-200.18495,139.01918,-24.747875
-199.63792,139.24025,-24.745226
-199.0865,139.46524,-24.742598
-198.53787,139.6907,-24.740522
-198.06029,139.88643,-24.744905
-197.55696,140.0917,-24.754156
-197.03777,140.29741,-24.764973
-196.51703,140.49736,-24.778778
-195.98532,140.69432,-24.792625
-195.44595,140.88556,-24.803661
-194.93391,141.06175,-24.810402
-194.41528,141.2348,-24.816631
-193.90593,141.39857,-24.830936
-193.48634,141.52768,-24.854033
-193.18008,141.6145,-24.886377
-192.8893,141.68803,-24.928154
-192.60776,141.74648,-24.96378
-192.35841,141.78885,-25.003065
-192.1401,141.81708,-25.045956
-191.94022,141.83421,-25.0965
-191.74426,141.84105,-25.152617
-191.54672,141.83704,-25.215822
-191.34833,141.82034,-25.280579
-191.15936,141.79222,-25.348848
-190.99716,141.75662,-25.41189
-190.906,141.73033,-25.472145
-190.87868,141.72063,-25.536152
-190.8741,141.71844,-25.59349
-190.89378,141.72783,-25.646088
-190.95145,141.75957,-25.691778
-191.04428,141.81726,-25.732685
-191.15054,141.8894,-25.767523
-191.27855,141.98329,-25.799017
-191.41513,142.09018,-25.826742
-191.56575,142.21495,-25.851059
-191.73207,142.36038,-25.875248
-191.89513,142.50986,-25.898735
-192.03647,142.64578,-25.921541
-192.16608,142.77632,-25.944813
-192.3183,142.93675,-25.96847
-192.48296,143.12068,-25.999506
-192.67041,143.34192,-26.035143
-192.86115,143.5838,-26.073158
-193.04955,143.84256,-26.113678
-193.23454,144.11946,-26.15666
-193.39775,144.38861,-26.202053
-193.55673,144.67957,-26.251762
-193.70871,144.99231,-26.3028
-193.84712,145.31758,-26.3511
-193.97095,145.653,-26.395786
-194.08257,146.0031,-26.437963
-194.1778,146.35507,-26.481144
-194.2588,146.71744,-26.53142
-194.3224,147.0872,-26.590448
-194.36703,147.48329,-26.658205
-194.38742,147.92812,-26.733805
-194.37105,148.45679,-26.822344
-194.30608,149.00224,-26.916765
-194.18604,149.55745,-27.012688
-194.00586,150.1197,-27.114569
-193.79494,150.59848,-27.219303
-193.61693,150.9119,-27.311333
-193.39697,151.23085,-27.401705
-193.05054,151.64262,-27.510452
-192.71156,151.96849,-27.605183
-192.2773,152.3126,-27.706472
-191.78624,152.6257,-27.809092
-191.27007,152.8851,-27.910883
-190.7123,153.09729,-28.014359
-190.145,153.248,-28.115828
-189.57312,153.33965,-28.21611
-188.9648,153.37537,-28.319778
-188.34471,153.34705,-28.424042
-187.74074,153.2561,-28.526487
-187.13712,153.1007,-28.62979
-186.5486,152.88213,-28.733385
-186.0041,152.61227,-28.836554
-185.53549,152.31665,-28.935843
-185.14093,152.009,-29.028101
-184.80078,151.68886,-29.121195
-184.51823,151.36746,-29.22131
-184.30354,151.06866,-29.325588
-184.12637,150.75974,-29.427898
-183.98355,150.43857,-29.517218
-183.8717,150.10834,-29.602507
-183.79662,149.80418,-29.689926
-183.75143,149.51747,-29.773146
-183.72583,149.1755,-29.852808
-183.72977,148.76341,-29.937582
-183.75702,148.47383,-30.01189
-183.79323,148.25948,-30.07888
-183.84575,148.03914,-30.151348
-183.93417,147.75932,-30.238224
-184.05841,147.4598,-30.331682
-184.21252,147.16795,-30.424835
-184.42308,146.84407,-30.517548
-184.75006,146.43332,-30.623747
-185.11398,146.06334,-30.722786
-185.5642,145.6888,-30.825838
-186.07834,145.34428,-30.930693
-186.62866,145.05418,-31.034754
-187.20084,144.82472,-31.137596
-187.80357,144.6525,-31.241297
-188.42018,144.54366,-31.344648
-189.04916,144.49881,-31.448881
-189.67703,144.51947,-31.552885
-190.30399,144.60591,-31.657743
-190.91354,144.75616,-31.761358
-191.50586,144.9694,-31.865042
-192.0729,145.24258,-31.969114
-192.61143,145.57523,-32.07338
-193.10857,145.95897,-32.177105
-193.56392,146.39282,-32.280735
-193.9723,146.8717,-32.384518
-194.32964,147.39177,-32.488453
-194.62744,147.93932,-32.592308
-194.86427,148.50821,-32.695095
-195.04141,149.09933,-32.79911
-195.15358,149.68968,-32.902077
-195.20343,150.28008,-33.00304
-195.19339,150.83556,-33.103344
-195.14215,151.26608,-33.190006
-195.07039,151.61089,-33.273296
-194.988,151.88933,-33.355915
-194.88309,152.15985,-33.44673
-194.75842,152.41115,-33.540997
-194.61365,152.64496,-33.636963
-194.43958,152.87431,-33.734776
-194.2299,153.10065,-33.829796
-193.99431,153.31053,-33.921173
-193.7452,153.4943,-34.01329
-193.50331,153.64027,-34.107357
-193.27472,153.75037,-34.2053
-193.06616,153.82678,-34.305016
-192.89185,153.87157,-34.400036
-192.77321,153.89024,-34.484604
-192.70024,153.8955,-34.56029
-192.66277,153.89532,-34.62665
-192.65677,153.89487,-34.68163
-192.67625,153.8972,-34.723663
-192.71848,153.90416,-34.75246
-192.77316,153.9148,-34.76901
-192.83516,153.92804,-34.778877
-192.90268,153.94319,-34.787086
-192.97272,153.95953,-34.79427
-193.04512,153.9769,-34.798794
-193.12366,153.99612,-34.8001
-193.19656,154.01414,-34.799736
-193.25543,154.02863,-34.797165
-193.3306,154.04692,-34.79145
-193.45757,154.07701,-34.78191
-193.64583,154.12013,-34.77017
-193.90616,154.17682,-34.75866
-194.20305,154.23773,-34.748047
-194.51407,154.29784,-34.73827
-194.85242,154.35983,-34.727634
-195.2128,154.42215,-34.717644
-195.58714,154.48328,-34.7104
-195.9821,154.54457,-34.705086
-196.35934,154.60046,-34.700096
-196.69228,154.64815,-34.697384
-196.97954,154.6882,-34.695137
-197.23439,154.72304,-34.6915
-197.47733,154.75575,-34.687084
-197.7114,154.78621,-34.68279
-197.94688,154.81572,-34.67754
-198.18251,154.84386,-34.67034
-198.43593,154.87253,-34.66159
-198.71347,154.90147,-34.651165
-199.00923,154.92958,-34.64139
-199.3406,154.95802,-34.633327
-199.70772,154.98651,-34.62711
-200.09969,155.01413,-34.62198
-200.4607,155.0373,-34.617485
-200.77094,155.05583,-34.61386
-201.01598,155.06964,-34.61125
-201.2013,155.07954,-34.609123
-201.35995,155.08772,-34.607048
-201.52977,155.0961,-34.604336
-201.7616,155.1068,-34.599995
-202.0677,155.11984,-34.595665
-202.4032,155.13274,-34.5919
-202.78043,155.14568,-34.58784
-203.18199,155.15773,-34.582645
-203.56247,155.16704,-34.57637
-203.93852,155.17413,-34.570137
-204.3296,155.17934,-34.56457
-204.74417,155.18265,-34.56006
-205.1622,155.18404,-34.557045
-205.627,155.18437,-34.555683
-206.13803,155.1838,-34.55434
-206.7101,155.18277,-34.55255
-207.3272,155.18051,-34.54941
-207.95631,155.1757,-34.54488
-208.60316,155.16812,-34.540527
-209.23456,155.15704,-34.535717
-209.89227,155.14319,-34.531223
-210.60541,155.12508,-34.526817
-211.37555,155.10204,-34.522404
-212.17346,155.07417,-34.517876
-212.97841,155.04224,-34.51317
-213.76852,155.00778,-34.509624
-214.49382,154.97253,-34.506237
-215.21678,154.93481,-34.50184
-215.92511,154.89514,-34.49688
-216.57846,154.85529,-34.492332
-217.23462,154.81262,-34.488544
-217.90248,154.76633,-34.484493
-218.54619,154.71881,-34.479572
-219.18253,154.6687,-34.4737
-219.79161,154.61742,-34.467743
-220.37643,154.5644,-34.461536
-220.99109,154.50531,-34.45493
-221.61092,154.44147,-34.447952
-222.21259,154.37541,-34.44147
-222.77812,154.30937,-34.435776
-223.32063,154.24254,-34.429882
-223.83505,154.17592,-34.423126
-224.31204,154.11064,-34.415146
-224.76875,154.04477,-34.40634
-225.18135,153.98158,-34.39743
-225.5883,153.91591,-34.38858
-225.99843,153.84605,-34.380043
-226.41582,153.77126,-34.371708
-226.83533,153.69249,-34.36372
-227.24579,153.61206,-34.356583
-227.62134,153.5355,-34.350784
-227.96786,153.4626,-34.34624
-228.32683,153.38567,-34.342075
-228.69653,153.30487,-34.33707
-229.07417,153.22043,-34.33209
-229.46992,153.1299,-34.327133
-229.84563,153.0419,-34.323128
-230.20456,152.95624,-34.321194
-230.55156,152.87234,-34.319126
-230.85289,152.79858,-34.316177
-231.08904,152.73975,-34.312923
-231.27022,152.69418,-34.31021
-231.3957,152.66226,-34.308174
-231.44481,152.64944,-34.30624
-231.43593,152.65164,-34.3043
-231.37161,152.66823,-34.303734
-231.26778,152.69514,-34.303406
-231.17805,152.71854,-34.302017
-231.16006,152.72331,-34.300537
-231.22798,152.70549,-34.299427
-231.3652,152.66927,-34.29827
-231.56047,152.61746,-34.297035
-231.79861,152.5538,-34.294247
-232.0679,152.48108,-34.289608
-232.36545,152.39929,-34.283615
-232.69695,152.3062,-34.27699
-233.04996,152.20448,-34.26998
-233.41373,152.09688,-34.26254
-233.75186,151.99379,-34.254288
-234.04909,151.9004,-34.245495
-234.34787,151.80429,-34.23743
-234.70148,151.68788,-34.231255
-235.07277,151.56271,-34.226986
-235.43715,151.4379,-34.224556
-235.809,151.30948,-34.223194
-236.1815,151.18001,-34.221622
-236.55527,151.04938,-34.21935
-236.9616,150.9068,-34.21708
-237.39912,150.75215,-34.214966
-237.87556,150.58272,-34.213463
-238.36505,150.40755,-34.212223
-238.7556,150.2661,-34.210102
-239.17514,150.11465,-34.209473
-239.59784,149.96109,-34.20833
-240.03996,149.7998,-34.20587
-240.5121,149.62634,-34.201687
-240.99995,149.44516,-34.19682
-241.49818,149.25735,-34.19193
-241.99542,149.06693,-34.186718
-242.49408,148.87311,-34.181465
-242.99648,148.67488,-34.17643
-243.48796,148.47781,-34.17134
-244.00034,148.26967,-34.16615
-244.52696,148.05237,-34.15999
-245.06989,147.82445,-34.152893
-245.52377,147.62848,-34.14459
-245.95355,147.43964,-34.137707
-246.42462,147.23009,-34.13162
-246.9191,147.00577,-34.12422
-247.38992,146.78763,-34.116184
-247.83089,146.57832,-34.107033
-248.17992,146.4078,-34.09738
-248.47281,146.26138,-34.08843
-248.75465,146.1184,-34.080082
-249.00755,145.9868,-34.070248
-249.23576,145.86551,-34.059715
-249.41629,145.76674,-34.048355
-249.5717,145.67993,-34.036777
-249.69017,145.61166,-34.025253
-249.75557,145.57307,-34.01528
-249.78842,145.55334,-34.008175
-249.81157,145.5392,-34.002407
-249.84262,145.52,-33.997456
-249.88457,145.49373,-33.99281
-249.94748,145.4539,-33.987686
-250.0441,145.39204,-33.982258
-250.19052,145.29726,-33.976532
-250.35228,145.19113,-33.97109
-250.52193,145.07864,-33.967075
-250.76869,144.91385,-33.96434
-251.10928,144.68442,-33.961327
-251.53723,144.394,-33.957294
-251.97684,144.09312,-33.953247
-252.43529,143.77718,-33.950375
-252.8788,143.46974,-33.94963
-253.32057,143.16228,-33.949574
-253.78418,142.84004,-33.949955
-254.29533,142.48534,-33.950863
-254.81383,142.12589,-33.951435
-255.31857,141.77553,-33.9514
-255.82945,141.4215,-33.95148
-256.2883,141.1021,-33.95021
-256.77823,140.76173,-33.949276
-257.25156,140.4315,-33.946247
-257.69537,140.11946,-33.941944
-258.07245,139.85141,-33.93667
-258.36105,139.64342,-33.93047
-258.60205,139.4684,-33.924133
-258.83252,139.2993,-33.918312
-259.05804,139.13191,-33.91375
-259.29776,138.95227,-33.910126
-259.57388,138.74348,-33.906593
-259.8974,138.49695,-33.90285
-260.27338,138.20833,-33.899147
-260.63544,137.92838,-33.89618
-261.01535,137.63261,-33.89288
-261.4284,137.30875,-33.889248
-261.84723,136.97794,-33.88545
-262.27585,136.6367,-33.881138
-262.7157,136.28339,-33.8763
-263.16434,135.92029,-33.872524
-263.6268,135.54276,-33.869724
-264.09708,135.15607,-33.866608
-264.55225,134.77919,-33.862396
-264.98584,134.41747,-33.85794
-265.4258,134.04741,-33.853855
-265.87885,133.66339,-33.85044
-266.32156,133.28741,-33.85174
-266.73676,132.93481,-33.858006
-267.11835,132.61446,-33.868324
-267.4967,132.30183,-33.87939
-267.88385,131.98964,-33.889004
-268.2579,131.693,-33.89514
-268.6024,131.42336,-33.899055
-268.9337,131.16605,-33.902092
-269.25323,130.9193,-33.90288
-269.56836,130.67671,-33.901432
-269.79703,130.49811,-33.895847
-269.93405,130.38937,-33.890575
-270.06244,130.28914,-33.88974
-270.16174,130.21123,-33.894398
-270.18918,130.1897,-33.898716
-270.16165,130.21095,-33.898624
-270.1194,130.24367,-33.898773
-270.1107,130.25041,-33.89985
-270.13928,130.22832,-33.90199
-270.18024,130.1968,-33.90211
-270.20377,130.17897,-33.9075
-270.22754,130.16078,-33.914707
-270.35114,130.06787,-33.918396
-270.5814,129.89651,-33.91913
-270.89484,129.6632,-33.916664
-271.29218,129.36642,-33.912525
-271.70712,129.05426,-33.90766
-272.10696,128.75006,-33.902184
-272.51144,128.43912,-33.896526
-272.88364,128.14923,-33.89076
-273.26126,127.85227,-33.886276
-273.63937,127.55208,-33.882107
-273.99695,127.26518,-33.877743
-274.3456,126.98316,-33.87353
-274.7026,126.69194,-33.868523
-275.04483,126.40946,-33.861767
-275.39948,126.11273,-33.85259
-275.7363,125.8261,-33.842567
-276.06805,125.538155,-33.833824
-276.41022,125.23638,-33.825855
-276.76764,124.91611,-33.817787
-277.16922,124.551476,-33.80947
-277.56888,124.18038,-33.798985
-277.9152,123.85001,-33.78708
-278.21783,123.55465,-33.774513
-278.4807,123.29221,-33.76231
-278.7408,123.027054,-33.75066
-279.04404,122.71143,-33.73854
-279.3761,122.3567,-33.726456
-279.7025,121.99915,-33.71534
-279.98898,121.678764,-33.706158
-280.24817,121.384026,-33.698906
-280.46292,121.136215,-33.69455
-280.6361,120.93413,-33.691647
-280.78677,120.75709,-33.689434
-280.94315,120.572754,-33.688454
-281.1165,120.36772,-33.687824
-281.3142,120.13373,-33.686977
-281.52963,119.878235,-33.68555
-281.7658,119.597404,-33.683865
-282.0007,119.31661,-33.6809
-282.2601,119.005135,-33.677143
-282.51837,118.692314,-33.672096
-282.76807,118.386444,-33.666134
-283.02676,118.06591,-33.65862
-283.31473,117.7039,-33.649242
-283.5983,117.34006,-33.6388
-283.87787,116.97388,-33.628056
-284.14615,116.61422,-33.616943
-284.42218,116.23648,-33.606323
-284.6969,115.85241,-33.598484
-284.96387,115.47327,-33.594456
-285.2225,115.102806,-33.594467
-285.48328,114.72863,-33.597233
-285.74747,114.351776,-33.602314
-286.01163,113.979225,-33.60997
-286.28082,113.605255,-33.619774
-286.5588,113.22587,-33.629383
-286.8339,112.8586,-33.63843
-287.09442,112.51703,-33.646576
-287.3613,112.17266,-33.65373
-287.65558,111.798676,-33.660957
-287.94003,111.44265,-33.667534
-288.17514,111.15233,-33.67226
-288.3766,110.90566,-33.675007
-288.5677,110.67295,-33.67595
-288.78384,110.410416,-33.67591
-289.02853,110.11362,-33.676147
-289.2783,109.81103,-33.677628
-289.50702,109.535416,-33.682083
-289.70908,109.29349,-33.68833
-289.8458,109.13221,-33.695408
-289.927,109.03785,-33.704044
-289.99316,108.961876,-33.712658
-290.06793,108.87757,-33.72076
-290.14944,108.787,-33.727024
-290.2206,108.70876,-33.728718
-290.2788,108.64505,-33.725834
-290.3359,108.58234,-33.720493
-290.4331,108.474625,-33.71362
-290.59238,108.295746,-33.70721
-290.74484,108.122025,-33.701973
-290.86923,107.97877,-33.696415
-290.94922,107.885635,-33.691376
-291.041,107.77772,-33.68477
-291.21088,107.575424,-33.677624
-291.45743,107.277596,-33.67137
-291.74817,106.92163,-33.665745
-292.0475,106.55084,-33.660522
-292.35446,106.16609,-33.654686
-292.65833,105.780495,-33.64763
-292.95636,105.39721,-33.640305
-293.29965,104.95002,-33.633
-293.66904,104.46155,-33.625248
-294.05002,103.94883,-33.616905
-294.3959,103.473915,-33.60851
-294.7144,103.0303,-33.6019
-295.00797,102.61485,-33.59625
-295.24274,102.27957,-33.59243
-295.4529,101.97728,-33.589783
-295.65305,101.687355,-33.588177
-295.8559,101.39157,-33.586372
-296.0666,101.08295,-33.58364
-296.29007,100.75364,-33.57961
-296.45956,100.50193,-33.575043
-296.58694,100.31068,-33.570286
-296.67822,100.17243,-33.56588
-296.7687,100.034096,-33.560955
-296.84732,99.91265,-33.55705
-296.90927,99.81618,-33.554157
-296.98825,99.692276,-33.55101
-297.0928,99.5272,-33.54888
-297.22446,99.31832,-33.546864
-297.3915,99.05221,-33.544464
-297.60776,98.70666,-33.542374
-297.86707,98.290535,-33.540577
-298.15723,97.82333,-33.539654
-298.4604,97.33408,-33.54024
-298.7073,96.9324,-33.539936
-298.8953,96.62413,-33.538612
-299.11554,96.266235,-33.53757
-299.34448,95.89343,-33.535603
-299.60138,95.47436,-33.534016
-299.86868,95.03617,-33.532772
-300.13058,94.60499,-33.531143
-300.37332,94.20352,-33.528934
-300.58414,93.85279,-33.52686
-300.79044,93.508255,-33.525738
-300.99097,93.1721,-33.524364
