predicted_x,predicted_y,predicted_theta
0.020251453,0.38205594,1.5116286
0.01389948,0.25838387,1.3952073
-0.018595608,0.07101065,1.2714167
-0.08299848,-0.13778797,1.1406484
-0.1742623,-0.33508673,1.0043938
-0.2752732,-0.49276844,0.8717405
-0.37164825,-0.60696757,0.7508133
-0.4671236,-0.69605094,0.6379596
-0.5697389,-0.77222383,0.52795553
-0.66761166,-0.8289417,0.42439672
-0.74143016,-0.86216193,0.33733884
-0.79804486,-0.88166916,0.25851062
-0.8295002,-0.8896759,0.18954909
-0.8440568,-0.8924353,0.1296008
-0.84849524,-0.8928456,0.07405742
-0.8256726,-0.8906682,0.021257505
-0.7708148,-0.8893126,-0.026920296
-0.700561,-0.8910594,-0.07542494
-0.6143049,-0.89735675,-0.121908374
-0.49137676,-0.91155386,-0.1588999
-0.3629759,-0.93294674,-0.1927597
-0.23914969,-0.95690036,-0.23529632
-0.09959578,-0.9901487,-0.27510956
0.063394465,-1.0355142,-0.3086645
0.24755748,-1.0939066,-0.3334414
0.4013872,-1.1482164,-0.36114144
0.540535,-1.2005926,-0.39438114
0.6913226,-1.2629683,-0.4234806
0.8653065,-1.3410114,-0.4473718
1.0565468,-1.4328202,-0.46949407
1.2558435,-1.5337112,-0.49106154
1.4704146,-1.6480302,-0.50938684
1.7077465,-1.7798915,-0.52189326
1.9561203,-1.9226534,-0.5307683
2.2142353,-2.0739367,-0.5385803
2.4603565,-2.2211385,-0.54601663
2.7173924,-2.3772867,-0.55412185
2.9646401,-2.5302398,-0.5616248
3.1916127,-2.6731772,-0.5694819
3.4041862,-2.8094478,-0.5786571
3.6189177,-2.9498465,-0.58939105
3.8304462,-3.0912259,-0.59999025
4.0317316,-3.2288756,-0.6099963
4.214998,-3.3570929,-0.6200752
4.385768,-3.4789593,-0.6304425
4.584754,-3.624099,-0.6408617
4.821843,-3.800892,-0.65082806
5.085153,-4.001556,-0.660734
5.370359,-4.2233815,-0.67120713
5.6747346,-4.4653544,-0.6821698
5.9895763,-4.7214007,-0.6941807
6.2969832,-4.977578,-0.70751333
6.603173,-5.23955,-0.7223006
6.909619,-5.509725,-0.73776907
7.204484,-5.7779717,-0.7539687
7.4984913,-6.053519,-0.7692888
7.7711124,-6.317972,-0.783949
8.024339,-6.5707374,-0.80065155
8.2666855,-6.820314,-0.8172701
8.433398,-6.9988027,-0.83203435
8.601997,-7.1831064,-0.84843355
8.764118,-7.367241,-0.86239845
8.895715,-7.5212827,-0.87749517
9.021211,-7.6723137,-0.8953096
9.158337,-7.843087,-0.9129346
9.319017,-8.0505295,-0.92979133
9.494284,-8.285408,-0.9472169
9.659509,-8.515707,-0.9664056
9.833234,-8.76669,-0.9867784
10.008484,-9.031864,-1.0066729
10.161641,-9.273726,-1.0238159
10.28691,-9.479712,-1.0378269
10.378204,-9.635114,-1.0502336
10.453492,-9.767212,-1.0648077
10.531638,-9.908077,-1.0815365
10.596446,-10.030198,-1.0970148
10.6637,-10.161087,-1.1129522
10.749611,-10.334519,-1.1289141
10.809056,-10.461198,-1.1414917
10.866938,-10.587562,-1.1569608
10.91824,-10.704493,-1.1714003
10.973703,-10.835357,-1.1849428
11.040838,-11.000086,-1.1971884
11.102802,-11.158413,-1.2084302
11.154526,-11.295479,-1.2216922
11.188057,-11.388434,-1.2367448
11.20888,-11.449291,-1.2524409
11.227467,-11.506224,-1.2684304
11.254722,-11.592495,-1.2855334
11.299198,-11.740834,-1.3044076
11.357154,-11.949932,-1.3242929
11.444503,-12.290343,-1.3455943
11.539901,-12.703809,-1.3573155
11.648606,-13.211092,-1.3671541
11.760557,-13.763579,-1.3763351
11.872702,-14.345467,-1.3861061
11.977459,-14.910092,-1.3987389
12.059483,-15.356338,-1.4118786
12.130091,-15.782902,-1.4330631
12.177114,-16.09762,-1.4535059
12.212391,-16.383165,-1.4796534
12.24033,-16.686815,-1.5068545
12.261614,-17.01505,-1.5305691
12.2763815,-17.38606,-1.5508398
12.283756,-17.777111,-1.569701
12.283861,-18.165806,-1.5894724
12.276434,-18.558802,-1.6108438
12.260352,-18.960732,-1.631723
12.236134,-19.355305,-1.6518979
12.2097435,-19.684181,-1.6726117
12.180415,-19.978298,-1.6968163
12.146354,-20.24986,-1.7214228
12.103076,-20.536123,-1.7470242
12.04967,-20.83558,-1.7713321
11.989085,-21.134747,-1.7929512
11.908302,-21.492655,-1.8129811
11.799072,-21.932198,-1.8280345
11.665425,-22.434513,-1.8386613
11.509656,-22.992317,-1.8505719
11.334845,-23.589817,-1.8668332
11.146468,-24.200542,-1.8865969
10.946386,-24.810377,-1.9073265
10.757919,-25.357088,-1.9234728
10.568743,-25.877756,-1.939546
10.381043,-26.368176,-1.9553628
10.180588,-26.863821,-1.9731153
9.958524,-27.38423,-1.988742
9.706256,-27.948296,-2.0011961
9.425157,-28.554838,-2.0114334
9.1191435,-29.19743,-2.0211682
8.788181,-29.873959,-2.0307238
8.437804,-30.57181,-2.0424848
8.055743,-31.308762,-2.058851
7.6398025,-32.077446,-2.0785248
7.2375264,-32.80005,-2.0975754
6.8347797,-33.4977,-2.1196623
6.425094,-34.17104,-2.1451302
6.0070515,-34.823135,-2.1714294
5.5653152,-35.473614,-2.1982365
5.149711,-36.053665,-2.2229707
4.7060423,-36.639534,-2.2495742
4.267631,-37.191475,-2.2724078
3.7846272,-37.75944,-2.2999504
3.2900033,-38.312263,-2.3216856
2.7889972,-38.849407,-2.3417335
2.2936687,-39.36378,-2.36105
1.7495604,-39.896584,-2.3840346
1.2084188,-40.407417,-2.40432
0.6662349,-40.901627,-2.4244986
0.1544407,-41.35688,-2.4400005
-0.31795087,-41.769394,-2.4533021
-0.81361645,-42.181553,-2.4724996
-1.3152882,-42.581165,-2.4934077
-1.8063459,-42.957214,-2.5140197
-2.3146663,-43.32658,-2.5374494
-2.8275754,-43.681324,-2.562209
-3.3397403,-44.01746,-2.5881307
-3.8524125,-44.33549,-2.6153889
-4.3703966,-44.63717,-2.6439705
-4.9143577,-44.932102,-2.674448
-5.479979,-45.21648,-2.7052674
-6.0903473,-45.498867,-2.7376695
-6.745239,-45.77595,-2.7721825
-7.404893,-46.028965,-2.8092837
-8.095079,-46.265205,-2.851621
-8.815626,-46.47957,-2.8956375
-9.5189705,-46.655235,-2.939202
-10.201838,-46.79399,-2.9878263
-10.81991,-46.888428,-3.0439708
-11.408548,-46.94654,-3.1112828
-11.958579,-46.96261,-3.1847787
-12.503684,-46.94024,-3.2622998
-13.047133,-46.87565,-3.330613
-13.609183,-46.769676,-3.3880193
-14.220149,-46.61753,-3.432901
-14.858341,-46.427074,-3.4660277
-15.5273695,-46.20239,-3.4963388
-16.215446,-45.948166,-3.5265322
-16.903692,-45.67068,-3.5537658
-17.576763,-45.377052,-3.5763612
-18.244467,-45.068752,-3.5925858
-18.899471,-44.7525,-3.603
-19.541283,-44.434013,-3.6091938
-20.17442,-44.114765,-3.6127808
-20.802391,-43.79522,-3.6147451
-21.419088,-43.479412,-3.6162155
-22.026146,-43.166943,-3.6186564
-22.630598,-42.853996,-3.6225185
-23.227282,-42.54297,-3.626207
-23.798635,-42.242554,-3.6288161
-24.369545,-41.94057,-3.6302207
-24.944,-41.635372,-3.6308675
-25.50938,-41.334053,-3.6319034
-26.065197,-41.036667,-3.6348078
-26.62528,-40.73487,-3.6399927
-27.194805,-40.42406,-3.6473107
-27.76503,-40.10738,-3.6568666
-28.328972,-39.787884,-3.66742
-28.887043,-39.46432,-3.677653
-29.44861,-39.130974,-3.6873999
-29.983456,-38.806595,-3.6957214
-30.563097,-38.4494,-3.701051
-31.150436,-38.082485,-3.702959
-31.704378,-37.734222,-3.7041218
-32.242325,-37.39406,-3.7077136
-32.78946,-37.046238,-3.7123437
-33.34733,-36.687508,-3.7179158
-33.912342,-36.32034,-3.723587
-34.48024,-35.946304,-3.7296143
-35.059032,-35.559948,-3.7364802
-35.631123,-35.17259,-3.7439609
-36.18618,-34.79075,-3.7519794
-36.750347,-34.39556,-3.7613041
-37.327854,-33.98293,-3.7720017
-37.909447,-33.558117,-3.7835903
-38.48818,-33.125477,-3.7952373
-39.064278,-32.684917,-3.8056898
-39.643505,-32.233025,-3.8135748
-40.190483,-31.798578,-3.8192885
-40.74611,-31.351229,-3.8250048
-41.314137,-30.887383,-3.8328843
-41.894676,-30.405373,-3.8441799
-42.48243,-29.906736,-3.8580859
-43.06725,-29.397335,-3.8726702
-43.644657,-28.879705,-3.8869598
-44.21823,-28.350624,-3.900735
-44.795547,-27.801783,-3.9156199
-45.372593,-27.236454,-3.9320297
-45.94191,-26.660992,-3.948899
-46.50664,-26.071243,-3.965358
-47.060474,-25.47288,-3.9817157
-47.60854,-24.860363,-3.9990926
-48.161816,-24.218647,-4.0184245
-48.70214,-23.567017,-4.039264
-49.24286,-22.88601,-4.0631514
-49.777542,-22.179602,-4.0878963
-50.302364,-21.450453,-4.112469
-50.813473,-20.701391,-4.137751
-51.30944,-19.933867,-4.164365
-51.789597,-19.14411,-4.1937327
-52.25314,-18.329054,-4.2260227
-52.69496,-17.492203,-4.2595654
-53.111652,-16.635252,-4.293509
-53.508263,-15.741616,-4.328509
-53.883682,-14.81071,-4.3630795
-54.23148,-13.85281,-4.398437
-54.546825,-12.880593,-4.4353256
-54.82359,-11.904578,-4.4741855
-55.061024,-10.925197,-4.5161753
-55.257675,-9.942518,-4.5574765
-55.412777,-8.945575,-4.5974035
-55.52807,-7.9442115,-4.6376624
-55.60321,-6.948087,-4.6788425
-55.636528,-5.945217,-4.720878
-55.628002,-4.9407816,-4.761824
-55.578808,-3.9471338,-4.8041735
-55.48943,-2.9656558,-4.8477764
-55.356133,-1.9867632,-4.890908
-55.17854,-1.0047648,-4.9327927
-54.950455,0.00048820488,-4.9762006
-54.675426,1.012132,-5.018945
-54.35642,2.015712,-5.0630183
-53.994442,3.006861,-5.107705
-53.583424,3.9877357,-5.153246
-53.13032,4.9470944,-5.2013206
-52.63005,5.886771,-5.25108
-52.08417,6.799528,-5.3015943
-51.497128,7.6774106,-5.3540077
-50.872856,8.513389,-5.409295
-50.211002,9.305741,-5.465758
-49.51138,10.05182,-5.5226293
-48.774994,10.751894,-5.5828795
-48.00343,11.402527,-5.645385
-47.186253,12.0078535,-5.709883
-46.322384,12.565517,-5.7712965
-45.413353,13.076232,-5.827439
-44.476086,13.5361595,-5.8786745
-43.51363,13.947371,-5.929667
-42.555733,14.302001,-5.9810824
-41.62257,14.594899,-6.030831
-40.690094,14.836555,-6.079801
-39.754105,15.030064,-6.126096
-38.788033,15.182863,-6.1721683
-37.80017,15.292287,-6.2167673
-36.79512,15.358381,-6.2630877
-35.765495,15.378254,-6.312049
-34.74306,15.34865,-6.3614354
-33.722775,15.268881,-6.4128814
-32.710815,15.137146,-6.461195
-31.71488,14.958389,-6.5076456
-30.733044,14.734909,-6.551896
-29.772419,14.470441,-6.592731
-28.871609,14.183155,-6.6333857
-28.028776,13.875415,-6.67937
-27.22009,13.537856,-6.7274194
-26.423998,13.159274,-6.7705297
-25.627626,12.737102,-6.809195
-24.83832,12.279222,-6.8433094
-24.083712,11.805814,-6.877681
-23.369034,11.322404,-6.9162436
-22.7018,10.833057,-6.95752
-22.084549,10.339443,-7.0025496
-21.511637,9.837529,-7.051025
-20.973797,9.318939,-7.1001873
-20.488693,8.804258,-7.14344
-20.069445,8.318798,-7.1808424
-19.71296,7.87418,-7.212182
-19.418016,7.4818068,-7.2373643
-19.179018,7.1460533,-7.2588825
-18.947868,6.8057494,-7.27831
-18.705236,6.432812,-7.292328
-18.469852,6.060087,-7.2991614
-18.230059,5.673785,-7.3027663
-17.9943,5.290987,-7.3039174
-17.775421,4.934066,-7.304415
-17.602118,4.6506248,-7.3053665
-17.439032,4.3839426,-7.305036
-17.286564,4.1343274,-7.3053217
-17.153143,3.9157898,-7.3054237
-17.015993,3.6917872,-7.304169
-16.86809,3.451282,-7.3007336
-16.685057,3.1558232,-7.294296
-16.453806,2.7877703,-7.288007
-16.187628,2.3698928,-7.2813554
-15.892876,1.9135269,-7.2745614
-15.597887,1.4623489,-7.2690206
-15.308218,1.0248938,-7.263166
-15.032861,0.6135123,-7.2584076
-14.744062,0.1876013,-7.253658
-14.44132,-0.2541194,-7.2481294
-14.139702,-0.6897174,-7.242621
-13.831807,-1.1289245,-7.2370987
-13.509781,-1.582265,-7.2303324
-13.163204,-2.0631557,-7.221386
-12.792963,-2.568507,-7.212143
-12.410778,-3.0804389,-7.2041025
-12.016742,-3.599278,-7.197006
-11.6126375,-4.123945,-7.1911755
-11.221937,-4.6239567,-7.1854444
-10.819656,-5.13323,-7.179126
-10.384703,-5.676603,-7.172114
-9.9174,-6.251915,-7.1641297
-9.434806,-6.8366046,-7.15558
-8.958156,-7.4050183,-7.1479716
-8.482325,-7.962579,-7.1401563
-8.014343,-8.502806,-7.132097
-7.58619,-8.989607,-7.125296
-7.1802506,-9.444875,-7.119878
-6.7941074,-9.873203,-7.115767
-6.415178,-10.28976,-7.112399
-6.0442634,-10.694445,-7.1088834
-5.690828,-11.076979,-7.104345
-5.348318,-11.444467,-7.0986276
-4.9875693,-11.827983,-7.092953
-4.6015043,-12.233553,-7.0876684
-4.239557,-12.609642,-7.083152
-3.89534,-12.964259,-7.079084
-3.5785806,-13.288112,-7.0762253
-3.2774513,-13.593866,-7.0736775
-2.9745271,-13.900052,-7.0714855
-2.6739166,-14.202413,-7.0695763
-2.390357,-14.48668,-7.0680094
-2.1523283,-14.724554,-7.0667706
-1.9889144,-14.887468,-7.0654182
-1.8990704,-14.976969,-7.0641685
-1.8818953,-14.994232,-7.0636134
-1.8979777,-14.978347,-7.062776
-1.8864088,-14.989785,-7.061596
-1.8259988,-15.049351,-7.060643
-1.7087073,-15.164737,-7.059922
-1.5378236,-15.332547,-7.0592127
-1.2972096,-15.568488,-7.0582194
-0.9902689,-15.869118,-7.0579104
-0.6413924,-16.211058,-7.0591693
-0.25189927,-16.593859,-7.062722
0.1778354,-17.018715,-7.06755
0.6372861,-17.476803,-7.0719995
1.062177,-17.904564,-7.0756054
1.4372011,-18.285183,-7.078892
1.7922156,-18.647831,-7.082696
2.1655977,-19.032383,-7.0878906
2.5869255,-19.470629,-7.093949
3.0513093,-19.958937,-7.0995092
3.541098,-20.479248,-7.1037498
4.012946,-20.985214,-7.1067905
4.383799,-21.386683,-7.109692
4.708996,-21.73986,-7.1121006
5.02074,-22.079958,-7.1143756
5.325026,-22.41383,-7.117356
5.6212616,-22.740644,-7.121112
5.9021215,-23.052048,-7.1236343
6.15687,-23.3361,-7.1247463
6.395313,-23.602709,-7.1247168
6.627782,-23.862839,-7.1242166
6.85945,-24.121613,-7.1229587
7.088152,-24.376822,-7.1218486
7.313717,-24.627789,-7.1208024
7.5527635,-24.89364,-7.1214204
7.818007,-25.188225,-7.1230783
8.127291,-25.532566,-7.1244826
8.495363,-25.94392,-7.1266394
8.893163,-26.39073,-7.1295714
9.295809,-26.845596,-7.132362
9.711126,-27.317154,-7.1345277
10.150917,-27.817337,-7.133995
10.610034,-28.340908,-7.1325946
11.08313,-28.877884,-7.129752
11.547889,-29.40375,-7.126857
12.010753,-29.924149,-7.1252785
12.436132,-30.399157,-7.123576
12.859651,-30.872698,-7.12441
13.278022,-31.340488,-7.125874
13.6763935,-31.786604,-7.1270757
14.036907,-32.19026,-7.126987
14.381773,-32.577328,-7.1258526
14.6937685,-32.926525,-7.123436
14.990117,-33.25673,-7.1195307
15.2475815,-33.54116,-7.1142926
15.4862385,-33.80248,-7.108649
15.72081,-34.05657,-7.1027226
15.915601,-34.264988,-7.0973134
16.068504,-34.427025,-7.092818
16.175362,-34.53912,-7.0888453
16.232368,-34.59831,-7.0840855
16.28287,-34.650448,-7.078132
16.37441,-34.743828,-7.0726967
16.499535,-34.86992,-7.0676804
16.63935,-35.009502,-7.0626574
16.827232,-35.195244,-7.0576353
17.0676,-35.430164,-7.0519633
17.335773,-35.68948,-7.0457425
17.658535,-35.9977,-7.039373
18.0382,-36.355667,-7.034469
18.436058,-36.727417,-7.030862
18.800932,-37.065933,-7.0273137
19.188425,-37.42276,-7.0236225
19.557875,-37.76037,-7.0203857
19.890919,-38.062805,-7.0161343
20.231697,-38.369526,-7.010715
20.546722,-38.650246,-7.0061493
20.739445,-38.821537,-7.002102
20.82963,-38.901493,-6.999833
20.898384,-38.961502,-6.9989066
21.031244,-39.076797,-6.997529
21.226236,-39.2459,-6.9968085
21.483917,-39.469105,-6.99749
21.845129,-39.782288,-7.000137
22.286318,-40.166004,-7.0024962
22.764935,-40.585266,-7.005326
23.252993,-41.01485,-7.0083923
23.718714,-41.428284,-7.011938
24.174593,-41.835083,-7.015121
24.623606,-42.238735,-7.018446
25.074127,-42.64661,-7.0227847
25.534885,-43.067646,-7.028838
26.013199,-43.509224,-7.035291
26.473972,-43.94147,-7.043279
26.942717,-44.38781,-7.0539603
27.401848,-44.834957,-7.067298
27.884186,-45.315113,-7.0807915
28.368856,-45.811237,-7.09228
28.841955,-46.3061,-7.10128
29.339964,-46.836716,-7.108442
29.87168,-47.410282,-7.113654
30.413069,-48.001247,-7.1173306
30.952257,-48.593773,-7.118112
31.53,-49.23003,-7.117001
32.107117,-49.86576,-7.1160417
32.677288,-50.492676,-7.1148148
33.2519,-51.122715,-7.113077
33.83573,-51.76112,-7.1114683
34.4099,-52.386497,-7.109654
34.970108,-52.993607,-7.10632
35.5209,-53.58703,-7.1016564
36.067303,-54.170067,-7.095904
36.608936,-54.74192,-7.0897145
37.15699,-55.31377,-7.0836945
37.69004,-55.86287,-7.0777645
38.211468,-56.393417,-7.071557
38.717182,-56.90148,-7.064879
39.216274,-57.39635,-7.0578327
39.714798,-57.88423,-7.051049
40.221783,-58.373898,-7.04462
40.733517,-58.861557,-7.0379486
41.235558,-59.33346,-7.031254
41.716415,-59.778553,-7.0243673
42.20456,-60.225033,-7.017481
42.691216,-60.66432,-7.0108385
43.19406,-61.112896,-7.004911
43.71155,-61.568947,-6.9991646
44.262936,-62.049793,-6.993483
44.838505,-62.546074,-6.988166
45.44984,-63.067673,-6.9835396
46.076977,-63.5963,-6.978358
46.711517,-64.12606,-6.9734116
47.35579,-64.65914,-6.9699793
48.012886,-65.19863,-6.9678593
48.66345,-65.73026,-6.966817
49.294796,-66.24475,-6.9663405
49.916782,-66.75084,-6.9656262
50.527588,-67.246925,-6.964189
51.130127,-67.73504,-6.9621196
51.713577,-68.205635,-6.9594183
52.291363,-68.66933,-6.956293
52.821922,-69.09277,-6.9534607
53.33194,-69.49757,-6.9508905
53.837196,-69.89637,-6.94892
54.355,-70.30371,-6.9483166
54.895668,-70.727516,-6.9480577
55.45754,-71.16776,-6.947922
56.035854,-71.62129,-6.948707
56.622295,-72.08029,-6.9480395
57.190975,-72.525246,-6.94514
57.695053,-72.91937,-6.9419985
58.106266,-73.24092,-6.93985
58.45729,-73.51338,-6.936769
58.75094,-73.73969,-6.9340296
59.02701,-73.94958,-6.9297957
59.32788,-74.17578,-6.9223495
59.619595,-74.392525,-6.9135213
59.91102,-74.60538,-6.9055223
60.261578,-74.8576,-6.8976593
60.66469,-75.14304,-6.891451
61.06576,-75.422134,-6.885993
61.452026,-75.68841,-6.8815317
61.87079,-75.974304,-6.8783464
62.356804,-76.30322,-6.8753214
62.90089,-76.669586,-6.87363
63.45428,-77.04068,-6.8734393
63.91322,-77.34959,-6.874887
64.327805,-77.62818,-6.8761024
64.758255,-77.91744,-6.875595
65.25432,-78.25106,-6.8736672
65.828964,-78.63648,-6.8715377
66.443275,-79.04813,-6.872675
67.08843,-79.48021,-6.8763223
67.73014,-79.91374,-6.882162
68.354645,-80.340416,-6.888852
68.96264,-80.76122,-6.894722
69.52509,-81.15641,-6.900107
70.062584,-81.53769,-6.9042454
70.576,-81.90597,-6.9088717
71.074295,-82.26645,-6.914129
71.56222,-82.62284,-6.9191403
72.05288,-82.985085,-6.924117
72.56766,-83.36919,-6.929739
73.12249,-83.78788,-6.93607
73.71199,-84.238266,-6.942243
74.321014,-84.70919,-6.9473004
74.96034,-85.20816,-6.950232
75.62131,-85.7277,-6.951551
76.30019,-86.26285,-6.951734
76.997246,-86.81271,-6.951188
77.69022,-87.3595,-6.950827
78.35718,-87.88596,-6.9506073
79.004,-88.39551,-6.949078
79.64548,-88.8996,-6.946916
80.258804,-89.380394,-6.9457455
80.8613,-89.85031,-6.94448
81.39262,-90.263664,-6.9427023
81.91775,-90.6702,-6.9403524
82.43477,-91.06879,-6.937447
82.97046,-91.479935,-6.9347396
83.44704,-91.84259,-6.9316835
83.86455,-92.15816,-6.928773
84.27702,-92.468834,-6.9258733
84.66384,-92.75859,-6.923519
85.03117,-93.03234,-6.9215264
85.425255,-93.324745,-6.9194403
85.84242,-93.632805,-6.9170647
86.22482,-93.913895,-6.914746
86.634895,-94.214584,-6.9140377
87.104935,-94.55818,-6.914089
87.604805,-94.92366,-6.914432
88.12658,-95.30535,-6.9150996
88.62273,-95.66827,-6.9153686
89.12798,-96.039,-6.916911
89.65352,-96.42576,-6.919929
90.2169,-96.84223,-6.923195
90.78339,-97.264305,-6.9267564
91.35477,-97.6931,-6.9308877
91.94337,-98.138,-6.9345903
92.53832,-98.5916,-6.9380903
93.12124,-99.03868,-6.940623
93.696754,-99.48286,-6.942582
94.2489,-99.91096,-6.9446626
94.76265,-100.31115,-6.947594
95.222664,-100.671135,-6.9511166
95.68243,-101.033516,-6.954498
96.12781,-101.38714,-6.957217
96.61695,-101.77713,-6.9585633
97.15666,-102.209404,-6.959989
97.72351,-102.6653,-6.962336
98.265015,-103.101845,-6.963907
98.82278,-103.553505,-6.965123
99.39128,-104.01561,-6.9669685
99.97179,-104.489815,-6.9707217
100.577805,-104.9891,-6.9775176
101.209816,-105.51665,-6.9872
101.851204,-106.06168,-6.9982343
102.51348,-106.63646,-7.009191
103.16316,-107.211075,-7.0166926
103.80129,-107.785194,-7.0214815
104.4274,-108.353905,-7.024521
105.032524,-108.907684,-7.027013
105.61304,-109.44264,-7.031056
106.182304,-109.97289,-7.0387874
106.71841,-110.481316,-7.052197
107.24469,-110.989265,-7.0660453
107.78981,-111.5292,-7.075842
108.33834,-112.08439,-7.0809774
108.89817,-112.657295,-7.0831017
109.46773,-113.24275,-7.082573
110.04506,-113.836334,-7.080757
110.63549,-114.44179,-7.0790825
111.226906,-115.04562,-7.077368
111.80745,-115.63749,-7.076969
112.36731,-116.20603,-7.076518
112.9114,-116.75751,-7.074283
113.41796,-117.269295,-7.07135
113.88688,-117.740715,-7.0696063
114.34002,-118.19384,-7.068482
114.79096,-118.64455,-7.0679617
115.25858,-119.1123,-7.068278
115.712776,-119.56635,-7.06892
116.16336,-120.016884,-7.0701413
116.60593,-120.45996,-7.070475
117.03674,-120.89254,-7.0717
117.45481,-121.31251,-7.0738316
117.83836,-121.697556,-7.0746145
118.227646,-122.09136,-7.0766716
118.60891,-122.47917,-7.0801916
118.97245,-122.85066,-7.085124
119.301926,-123.1901,-7.0916123
119.62781,-123.53159,-7.102726
119.93801,-123.86252,-7.114102
120.25125,-124.205154,-7.1241107
120.60128,-124.59729,-7.132263
120.97683,-125.026215,-7.1380763
121.33908,-125.44251,-7.141194
121.691795,-125.849785,-7.1430964
122.04223,-126.25624,-7.1441107
122.37665,-126.6455,-7.1458707
122.711334,-127.0363,-7.148759
123.02211,-127.403625,-7.1565943
123.30103,-127.73731,-7.1696515
123.546875,-128.03845,-7.1846223
123.7979,-128.35547,-7.200116
124.06356,-128.70093,-7.2109704
124.33398,-129.06183,-7.219702
124.60648,-129.432,-7.227873
124.8852,-129.81786,-7.236947
125.174774,-130.2265,-7.2481294
125.47454,-130.65915,-7.260194
125.78033,-131.11264,-7.273206
126.084305,-131.57625,-7.2873626
126.38471,-132.0503,-7.3049784
126.68475,-132.54138,-7.3255825
126.9844,-133.05418,-7.3464003
127.274994,-133.57733,-7.3678246
127.54845,-134.09726,-7.3923893
127.80234,-134.61098,-7.4221034
128.03583,-135.11809,-7.4540477
128.25034,-135.6246,-7.484716
128.44618,-136.12794,-7.511229
128.6227,-136.62065,-7.532815
128.79372,-137.12949,-7.54871
128.96039,-137.65599,-7.5604806
129.12378,-138.19363,-7.569009
129.27966,-138.72852,-7.578338
129.43095,-139.26495,-7.589843
129.57793,-139.81107,-7.604046
129.71391,-140.3472,-7.621256
129.84004,-140.88086,-7.6405797
129.95502,-141.41385,-7.661808
130.06154,-141.96439,-7.6861534
130.15536,-142.51866,-7.7118006
130.23541,-143.07434,-7.7361593
130.30116,-143.63496,-7.7616105
130.35329,-144.19348,-7.7868037
130.38936,-144.7328,-7.810926
130.41006,-145.23987,-7.836756
130.41644,-145.71872,-7.867974
130.40945,-146.21428,-7.903549
130.38445,-146.73024,-7.9393334
130.33981,-147.25583,-7.974055
130.27689,-147.78172,-8.006754
130.19664,-148.29315,-8.042098
130.10126,-148.79271,-8.080547
129.98926,-149.26962,-8.124866
129.86316,-149.72217,-8.1743765
129.71169,-150.18257,-8.221931
129.52994,-150.65579,-8.26422
129.3127,-151.15862,-8.303727
129.0594,-151.68452,-8.342321
128.77126,-152.2292,-8.379804
128.46422,-152.75829,-8.415097
128.13974,-153.27441,-8.449961
127.79227,-153.78864,-8.4828
127.43753,-154.27614,-8.512903
127.08004,-154.7375,-8.541942
126.72937,-155.16368,-8.569796
126.39089,-155.55095,-8.5993595
126.074165,-155.89111,-8.635162
125.76193,-156.20483,-8.677198
125.4839,-156.46033,-8.721733
125.24064,-156.66605,-8.765825
124.997734,-156.85423,-8.809115
124.742065,-157.03549,-8.851383
124.467606,-157.21292,-8.893378
124.18731,-157.37825,-8.932142
123.89647,-157.53535,-8.965634
123.58907,-157.688,-8.994438
123.25272,-157.843,-9.0207
122.90142,-157.99333,-9.045228
122.52013,-158.14635,-9.067216
122.07136,-158.31503,-9.086074
121.57968,-158.48904,-9.101073
121.082016,-158.65547,-9.11623
120.60924,-158.8052,-9.134371
120.17301,-158.93387,-9.156703
119.74654,-159.0513,-9.179845
119.27591,-159.1705,-9.200317
118.82016,-159.2731,-9.222585
118.35838,-159.36777,-9.247009
117.91605,-159.44624,-9.273581
117.48179,-159.51236,-9.300864
117.06741,-159.56375,-9.326985
116.64376,-159.60567,-9.35226
116.210724,-159.63763,-9.375726
115.75081,-159.66054,-9.398908
115.246956,-159.674,-9.422773
114.69877,-159.67557,-9.447558
114.08699,-159.66415,-9.469459
113.454895,-159.63673,-9.489781
112.731476,-159.59343,-9.506984
111.958725,-159.53351,-9.521433
111.214516,-159.46245,-9.529605
110.447945,-159.3819,-9.535216
109.681244,-159.29584,-9.544589
108.932,-159.20369,-9.558191
108.20742,-159.1054,-9.574069
107.527145,-159.00087,-9.592334
106.96373,-158.90309,-9.610265
106.42389,-158.80042,-9.629539
105.905266,-158.69092,-9.654673
105.40299,-158.57219,-9.686172
104.88229,-158.43343,-9.719393
104.347755,-158.27147,-9.748224
103.82618,-158.09473,-9.782435
103.3507,-157.91606,-9.825002
102.96829,-157.75403,-9.877298
102.679344,-157.6149,-9.941665
102.46925,-157.49612,-10.012006
102.304794,-157.38652,-10.109993
102.07994,-157.20197,-10.187302
101.79821,-156.93195,-10.238458
101.52285,-156.64108,-10.284395
101.24616,-156.31741,-10.34474
100.97408,-155.95844,-10.402868
100.741554,-155.61607,-10.473708
100.559296,-155.3024,-10.523863
100.36141,-154.91534,-10.556288
100.136925,-154.43939,-10.574739
99.86005,-153.82141,-10.585982
99.63057,-153.29335,-10.593812
99.40771,-152.77107,-10.598603
99.14829,-152.1514,-10.604654
98.84708,-151.42021,-10.614183
98.52237,-150.61118,-10.626107
98.18068,-149.7334,-10.637374
97.86307,-148.88443,-10.647758
97.554794,-148.03758,-10.655287
97.27294,-147.24239,-10.659942
96.98656,-146.4207,-10.664074
96.69526,-145.5778,-10.667702
96.396866,-144.70366,-10.669895
96.07632,-143.75179,-10.675363
95.74142,-142.74721,-10.682969
95.4183,-141.75421,-10.688248
95.098404,-140.74815,-10.691369
94.807495,-139.816,-10.693814
94.56682,-139.0202,-10.696792
94.295044,-138.142,-10.697285
94.01976,-137.2513,-10.697359
93.72958,-136.31268,-10.695916
93.423,-135.32726,-10.693117
93.11987,-134.35677,-10.689989
92.82381,-133.41751,-10.686237
92.49921,-132.4135,-10.677567
92.16242,-131.39166,-10.668126
91.81175,-130.35535,-10.661183
91.42973,-129.26927,-10.649799
91.03303,-128.16072,-10.638194
90.59937,-126.99339,-10.626019
90.15298,-125.830864,-10.609521
89.67939,-124.64113,-10.603206
89.179405,-123.400375,-10.602743
88.66482,-122.12562,-10.602698
88.14372,-120.84845,-10.605929
87.62346,-119.5895,-10.611152
87.10753,-118.31843,-10.6136675
86.61952,-117.24559,-10.587072
86.16021,-116.28031,-10.571843
85.7443,-115.378525,-10.5769
85.319305,-114.41317,-10.58361
84.856575,-113.34612,-10.580383
84.40195,-112.32128,-10.570697
83.93259,-111.26995,-10.576678
83.4717,-110.24311,-10.580572
83.020485,-109.220924,-10.583718
82.59169,-108.2476,-10.585662
82.17316,-107.28364,-10.588934
81.7267,-106.250496,-10.589229
81.25246,-105.14697,-10.588596
80.764946,-104.006935,-10.590099
80.33904,-103.05659,-10.579017
79.90349,-102.06864,-10.580311
79.43568,-100.99601,-10.580857
78.92992,-99.839584,-10.571647
78.3925,-98.62566,-10.558444
77.8355,-97.42174,-10.550822
77.27317,-96.25059,-10.558253
76.74388,-95.16567,-10.565664
76.263275,-94.17407,-10.573148
75.82718,-93.233055,-10.582544
75.42394,-92.32603,-10.592379
75.03324,-91.40628,-10.60448
74.66006,-90.50026,-10.618694
74.284065,-89.55459,-10.631007
73.90076,-88.56221,-10.638445
73.513336,-87.52653,-10.641843
73.103065,-86.403946,-10.641659
72.674355,-85.22361,-10.631929
72.25132,-84.196304,-10.587686
71.84522,-83.401505,-10.555336
71.47935,-82.65023,-10.5654745
71.150055,-81.95723,-10.579416
70.86385,-81.319565,-10.6044855
70.60707,-80.697525,-10.639693
70.39103,-80.122314,-10.674778
70.210014,-79.580734,-10.717072
70.053024,-79.03073,-10.758639
69.909775,-78.41128,-10.805579
69.780334,-77.77651,-10.8105345
69.67288,-77.22253,-10.818914
69.58073,-76.71283,-10.823811
69.49809,-76.24041,-10.827396
69.42422,-75.807686,-10.8303175
69.35879,-75.416115,-10.833446
69.29765,-75.04331,-10.83683
69.23975,-74.68261,-10.839256
69.180374,-74.309204,-10.839754
69.11752,-73.90899,-10.837125
69.05236,-73.50314,-10.833227
68.981346,-73.06715,-10.828763
68.9047,-72.61226,-10.822765
68.82907,-72.18442,-10.814317
68.75437,-71.780945,-10.805235
68.68235,-71.41281,-10.795913
68.61283,-71.07651,-10.786238
68.54049,-70.73818,-10.776667
68.46473,-70.39723,-10.767225
68.3743,-69.9987,-10.759475
68.2852,-69.629135,-10.749758
68.190315,-69.24795,-10.742704
68.1041,-68.922005,-10.7352705
68.019455,-68.607544,-10.731499
67.938805,-68.3122,-10.731433
67.86407,-68.04089,-10.733723
67.79914,-67.80479,-10.737998
67.72641,-67.52717,-10.746108
67.64174,-67.18761,-10.755092
67.55271,-66.8212,-10.760796
67.472336,-66.48941,-10.760856
67.39307,-66.15832,-10.75973
67.33079,-65.90332,-10.756004
67.297264,-65.76808,-10.751423
67.27806,-65.691315,-10.746005
67.24705,-65.56913,-10.740299
67.18971,-65.3481,-10.736624
67.10742,-65.03651,-10.734158
67.00455,-64.651146,-10.731195
66.8822,-64.201035,-10.723285
66.751495,-63.730732,-10.713064
66.63552,-63.334656,-10.705322
66.51888,-62.941513,-10.704077
66.38344,-62.487057,-10.703847
66.228645,-61.96945,-10.703745
66.07332,-61.452335,-10.704108
65.92499,-60.953297,-10.708857
65.76859,-60.42521,-10.71403
65.60485,-59.86172,-10.715473
65.44119,-59.293484,-10.714764
65.27589,-58.71916,-10.714479
65.116425,-58.171646,-10.711581
64.940735,-57.565166,-10.709262
64.75162,-56.916718,-10.708009
64.540054,-56.19081,-10.709443
64.31435,-55.414818,-10.711477
64.08895,-54.64052,-10.712583
63.855804,-53.83316,-10.71486
63.63736,-53.08225,-10.7151575
63.425556,-52.347965,-10.716765
63.20865,-51.59104,-10.718315
62.99494,-50.838524,-10.719536
62.78145,-50.085773,-10.720879
62.573975,-49.346653,-10.723988
62.385708,-48.67573,-10.727947
62.221233,-48.080894,-10.733843
62.073757,-47.535763,-10.74174
61.939194,-47.015285,-10.754165
61.82584,-46.559273,-10.768554
61.745594,-46.21474,-10.786519
61.684517,-45.923462,-10.815211
61.636692,-45.659397,-10.851619
61.599865,-45.40375,-10.891466
61.573353,-45.151226,-10.931193
61.556213,-44.889603,-10.969685
61.54851,-44.606403,-11.007095
61.551575,-44.279907,-11.043259
61.568188,-43.925858,-11.076928
61.597248,-43.559395,-11.1064625
61.64005,-43.165028,-11.12955
61.695004,-42.752197,-11.146648
61.757725,-42.339127,-11.161109
61.82446,-41.93869,-11.174151
61.893936,-41.552628,-11.185736
61.965366,-41.181263,-11.196317
62.03747,-40.82798,-11.207202
62.109734,-40.4978,-11.223276
62.18025,-40.193283,-11.24104
62.25435,-39.896217,-11.256981
62.334404,-39.595524,-11.270667
62.41487,-39.308178,-11.279901
62.49374,-39.03993,-11.289168
62.56462,-38.80645,-11.300347
62.62888,-38.60369,-11.315793
62.695778,-38.403286,-11.336378
62.77152,-38.190212,-11.360694
62.859818,-37.959183,-11.386467
62.96652,-37.69948,-11.4126215
63.09195,-37.41699,-11.441878
63.231113,-37.12821,-11.4771805
63.384354,-36.83224,-11.509693
63.54681,-36.5516,-11.553784
63.674595,-36.350777,-11.601623
63.768505,-36.21639,-11.64836
63.82926,-36.138683,-11.694884
63.87624,-36.08244,-11.741883
63.924694,-36.030643,-11.791363
63.956223,-36.000393,-11.842988
63.965836,-35.992203,-11.891436
63.966644,-35.991463,-11.935233
64.003105,-35.963726,-11.97678
64.11363,-35.888973,-12.016281
64.27791,-35.787872,-12.053879
64.47001,-35.68054,-12.097749
64.67971,-35.575504,-12.15409
64.8958,-35.481525,-12.219126
65.091515,-35.41168,-12.289684
65.30205,-35.351326,-12.369071
65.553925,-35.3001,-12.446342
65.84127,-35.26473,-12.51795
66.03692,-35.258804,-12.588053
66.15279,-35.26244,-12.685605
66.21241,-35.27063,-12.785444
66.19917,-35.269386,-12.886096
66.11517,-35.242474,-12.999002
66.01772,-35.196438,-13.124818
65.989716,-35.1783,-13.22692
65.991486,-35.179283,-13.322155
66.00912,-35.195774,-13.410163
66.03396,-35.223495,-13.49363
66.087875,-35.29367,-13.581487
66.19397,-35.464054,-13.666391
66.31189,-35.69701,-13.751799
66.41389,-35.948147,-13.841298
66.49526,-36.215397,-13.929247
66.55509,-36.496304,-14.012717
66.593605,-36.80326,-14.089957
66.6096,-37.158665,-14.169324
66.59735,-37.522263,-14.247923
66.559006,-37.871876,-14.3345375
66.4868,-38.23705,-14.407741
66.38145,-38.62135,-14.456653
66.248215,-39.02411,-14.494518
66.086586,-39.457928,-14.528513
65.89511,-39.924797,-14.556028
65.68539,-40.39801,-14.577225
65.46054,-40.875854,-14.596661
65.2233,-41.35498,-14.616395
64.97682,-41.83026,-14.635113
64.725746,-42.291775,-14.653322
64.478134,-42.729046,-14.669601
64.235245,-43.142723,-14.682518
63.98536,-43.557076,-14.690799
63.72934,-43.97139,-14.696767
63.46143,-44.398003,-14.704273
63.173904,-44.847736,-14.714396
62.86879,-45.316387,-14.724012
62.551025,-45.79392,-14.732862
62.219345,-46.281498,-14.744269
61.862473,-46.793774,-14.759254
61.47684,-47.32727,-14.781762
61.0666,-47.869984,-14.813758
60.628403,-48.415367,-14.850002
60.16939,-48.947636,-14.883758
59.71236,-49.440735,-14.916996
59.279144,-49.877747,-14.955401
58.82904,-50.299866,-14.998615
58.332184,-50.72586,-15.037701
57.790806,-51.15405,-15.074714
57.235977,-51.561386,-15.108841
56.631054,-51.973602,-15.144315
56.003525,-52.367416,-15.1746
55.45668,-52.69581,-15.210663
55.013157,-52.942627,-15.275875
54.55137,-53.154484,-15.370063
54.02599,-53.33845,-15.439267
53.44197,-53.497967,-15.505221
52.775276,-53.63217,-15.563733
52.08574,-53.732056,-15.606007
51.429714,-53.801296,-15.6633005
50.87018,-53.83657,-15.723838
50.36199,-53.829506,-15.820272
49.826862,-53.768223,-15.9033985
49.272278,-53.657883,-15.971097
48.684555,-53.49708,-16.040964
48.044666,-53.272564,-16.094664
47.312874,-52.963184,-16.14659
46.649353,-52.673496,-16.132174
46.088028,-52.42247,-16.205206
45.56622,-52.14217,-16.271957
45.0373,-51.80587,-16.333908
44.485653,-51.405796,-16.371012
43.919506,-50.96002,-16.403639
43.3213,-50.45028,-16.440744
42.7433,-49.94567,-16.435955
42.21127,-49.470345,-16.48353
41.72426,-49.006344,-16.50866
41.23912,-48.489418,-16.57225
40.699764,-47.845093,-16.59354
40.191296,-47.244503,-16.5862
39.72976,-46.688595,-16.640781
39.31957,-46.156055,-16.667791
38.945007,-45.604767,-16.748486
38.55449,-44.905388,-16.806374
38.158596,-44.1353,-16.810112
37.785175,-43.379143,-16.882257
37.445915,-42.535538,-16.94179
37.136738,-41.620358,-16.98158
36.847744,-40.692223,-17.00517
36.579033,-39.853092,-17.032042
36.383057,-39.042187,-17.13358
36.24242,-38.225433,-17.166279
36.13291,-37.543755,-17.212893
36.08591,-36.95615,-17.30287
36.105854,-36.35501,-17.400007
36.17855,-35.740868,-17.464151
36.280857,-35.186108,-17.553423
36.425774,-34.66914,-17.648901
36.61523,-34.178883,-17.742605
36.828648,-33.747303,-17.82434
37.043236,-33.390766,-17.912663
37.268364,-33.08228,-17.994385
37.522873,-32.788822,-18.065445
37.848045,-32.465435,-18.121384
38.25999,-32.100216,-18.164297
38.637478,-31.787857,-18.194477
38.973232,-31.529537,-18.238508
39.317684,-31.287966,-18.279186
39.64503,-31.077375,-18.320358
39.938484,-30.90608,-18.368647
40.237595,-30.750536,-18.428495
40.493687,-30.633955,-18.472046
40.650787,-30.57106,-18.52287
40.78406,-30.525633,-18.572657
41.00534,-30.462734,-18.629927
41.298485,-30.396639,-18.658377
41.54771,-30.348768,-18.703365
41.79704,-30.312176,-18.74274
42.048702,-30.286362,-18.800682
42.381912,-30.271328,-18.85774
42.75394,-30.276112,-18.925316
43.15239,-30.307394,-18.999384
43.52422,-30.361942,-19.07617
43.822906,-30.429102,-19.161886
44.06726,-30.506788,-19.248512
44.320427,-30.614546,-19.33657
44.61092,-30.768082,-19.399015
44.896423,-30.943125,-19.46093
45.203808,-31.159584,-19.521448
45.525967,-31.416359,-19.57364
45.833714,-31.687782,-19.624788
46.114452,-31.960878,-19.667482
46.36128,-32.222683,-19.703712
46.576225,-32.467396,-19.732685
46.74932,-32.676224,-19.7527
46.872166,-32.833046,-19.77357
46.975807,-32.971188,-19.79988
47.0891,-33.130188,-19.831907
47.193344,-33.288975,-19.874002
47.271935,-33.42068,-19.923622
47.31871,-33.510426,-19.979456
47.336143,-33.550552,-20.040255
47.33345,-33.546383,-20.108118
47.32222,-33.512547,-20.179558
47.310932,-33.466312,-20.256165
47.302578,-33.416325,-20.336771
47.296806,-33.350834,-20.42047
47.296543,-33.26282,-20.503843
47.30422,-33.16831,-20.580017
47.315376,-33.101055,-20.646072
47.317673,-33.09415,-20.706821
47.301273,-33.153404,-20.767227
47.267963,-33.245014,-20.83134
47.210297,-33.3821,-20.892849
47.08853,-33.62516,-20.952578
46.909508,-33.932392,-21.007435
46.70295,-34.243248,-21.058123
46.4982,-34.519943,-21.102701
46.294823,-34.77088,-21.14126
46.07355,-35.02425,-21.174976
45.853302,-35.258957,-21.202932
45.66599,-35.4479,-21.220594
45.50676,-35.603,-21.229687
45.32785,-35.77449,-21.234898
45.14266,-35.949192,-21.239319
44.986435,-36.09529,-21.241714
44.85934,-36.21344,-21.242723
44.751972,-36.313198,-21.242424
44.63313,-36.42381,-21.241026
44.46265,-36.583046,-21.238516
44.24524,-36.78688,-21.236107
43.987625,-37.029667,-21.23312
43.680534,-37.320652,-21.230543
43.321583,-37.662792,-21.227846
42.92976,-38.038017,-21.22521
42.521084,-38.43161,-21.221857
42.070473,-38.868206,-21.218216
41.61092,-39.316288,-21.215738
41.156258,-39.760223,-21.216002
40.709538,-40.19598,-21.220205
40.243156,-40.648907,-21.226278
39.775528,-41.098133,-21.231634
39.34689,-41.506363,-21.234726
38.9524,-41.880554,-21.235098
38.580116,-42.231354,-21.235727
38.207504,-42.58204,-21.237434
37.865494,-42.904198,-21.237461
37.58407,-43.169422,-21.237396
37.30609,-43.430004,-21.238783
36.989674,-43.725483,-21.240376
36.696785,-43.9971,-21.246517
36.420933,-44.251015,-21.25563
36.129173,-44.515064,-21.26473
35.850163,-44.76282,-21.27378
35.641415,-44.94582,-21.280693
35.53975,-45.033695,-21.28771
35.53393,-45.039074,-21.294842
35.5665,-45.011826,-21.304518
35.583645,-44.99785,-21.318354
35.589386,-44.993233,-21.338078
35.572304,-45.00674,-21.366016
35.49952,-45.05884,-21.391096
35.445095,-45.096123,-21.4259
35.36238,-45.148193,-21.464573
35.261543,-45.20675,-21.512175
35.130707,-45.274376,-21.55925
34.99397,-45.33706,-21.617653
34.83216,-45.400333,-21.680294
34.655655,-45.45729,-21.735905
34.495926,-45.499374,-21.786285
34.336937,-45.532482,-21.834963
34.1427,-45.562984,-21.873556
33.94516,-45.58635,-21.91238
33.73145,-45.603176,-21.950224
33.46939,-45.61363,-21.981182
33.13996,-45.616306,-22.010687
32.795967,-45.61081,-22.026047
32.553314,-45.604004,-22.0367
32.383766,-45.596954,-22.043974
32.2416,-45.589573,-22.048458
32.081615,-45.579945,-22.05746
31.724855,-45.556957,-22.064451
31.077744,-45.50759,-22.071411
30.230621,-45.431816,-22.08622
29.312487,-45.341846,-22.10126
28.388142,-45.237553,-22.125309
27.452343,-45.109196,-22.15626
26.49539,-44.94689,-22.187807
25.52505,-44.751114,-22.223848
24.570398,-44.527935,-22.257605
23.657959,-44.28288,-22.291073
22.791441,-44.016922,-22.327185
21.929502,-43.71301,-22.373116
21.028381,-43.34572,-22.41581
20.086487,-42.913044,-22.452919
19.118402,-42.424545,-22.495138
18.144108,-41.885887,-22.538807
17.18306,-41.29806,-22.581045
16.24516,-40.670296,-22.625706
15.334786,-39.999218,-22.673038
14.434579,-39.264263,-22.72016
13.539576,-38.461254,-22.763262
12.652542,-37.59202,-22.805344
11.774298,-36.656227,-22.84539
10.923086,-35.678547,-22.880808
10.109829,-34.675873,-22.92181
9.349896,-33.665794,-22.957125
8.643375,-32.64579,-22.99918
7.9756985,-31.582825,-23.035938
7.3470855,-30.501928,-23.07108
6.754634,-29.383837,-23.122078
6.207737,-28.217121,-23.161922
5.7075133,-27.040413,-23.201721
5.2634325,-25.870058,-23.248636
4.884801,-24.723188,-23.288462
4.5612674,-23.563572,-23.335426
4.28313,-22.329884,-23.370378
4.0363235,-21.031021,-23.402485
3.8252416,-19.694809,-23.432621
3.6474102,-18.358852,-23.4593
3.5037775,-17.066261,-23.486155
3.4006119,-15.81929,-23.522455
3.3434386,-14.618657,-23.561518
3.3344686,-13.465273,-23.601435
3.3448596,-12.459272,-23.63321
3.4169111,-11.492902,-23.709934
3.532325,-10.596383,-23.729956
3.621275,-9.907032,-23.754847
3.7029698,-9.43082,-23.808243
3.7758508,-9.12169,-23.875544
3.8867502,-8.785936,-23.96972
4.057729,-8.388216,-24.021524
4.2742596,-7.951081,-24.078842
4.5461936,-7.472574,-24.12017
4.939762,-6.840355,-24.158426
5.4773216,-6.0553365,-24.176601
6.0859356,-5.204318,-24.198906
6.595821,-4.4912205,-24.209415
7.2049017,-3.713264,-24.285948
7.971391,-2.863982,-24.312962
8.700429,-2.0669549,-24.330736
9.326999,-1.391128,-24.372116
10.014065,-0.7474484,-24.44734
10.862201,-0.06255094,-24.49574
11.693662,0.5626279,-24.505926
12.485633,1.1387794,-24.551645
13.333381,1.6938884,-24.59641
14.243338,2.2345393,-24.628021
15.184912,2.7545853,-24.65372
16.163132,3.261762,-24.678776
17.158094,3.7463589,-24.703825
18.163279,4.2063713,-24.72929
19.188984,4.6425757,-24.757008
20.270859,5.0735474,-24.785242
21.416271,5.4944887,-24.809021
22.60452,5.896018,-24.83004
23.821707,6.278327,-24.852001
25.05578,6.632751,-24.878607
26.279594,6.947415,-24.910213
27.480833,7.2160664,-24.943224
28.614456,7.428473,-24.973108
29.658411,7.58829,-25.000772
30.74836,7.740516,-25.020088
31.909676,7.873449,-25.045422
33.146584,7.987909,-25.070103
34.451218,8.073767,-25.090555
35.78389,8.1306505,-25.108904
36.93514,8.15359,-25.126827
37.908028,8.155155,-25.14443
38.735924,8.141699,-25.164099
39.480938,8.115425,-25.189133
40.233925,8.073278,-25.218636
41.011307,8.005882,-25.249748
41.81339,7.913359,-25.278997
42.753845,7.777958,-25.30288
43.900524,7.583957,-25.322172
45.174522,7.341213,-25.33778
46.51418,7.0628915,-25.354397
47.857864,6.7617006,-25.368326
49.158978,6.451155,-25.373337
50.45299,6.134534,-25.370285
51.790886,5.8111563,-25.36382
53.120293,5.4962516,-25.358274
54.42111,5.198396,-25.36287
55.72909,4.889265,-25.374481
57.0356,4.565733,-25.390636
58.29438,4.2337956,-25.41883
59.470894,3.8947542,-25.458538
60.596516,3.5151813,-25.51345
61.71468,3.0672963,-25.554667
62.807827,2.5807238,-25.58205
63.83727,2.0971737,-25.600208
64.846756,1.5847827,-25.627333
65.88118,1.0194209,-25.644724
66.95462,0.40371516,-25.661167
68.043106,-0.23273103,-25.667753
69.10181,-0.8528288,-25.674135
70.17472,-1.5115895,-25.707438
71.24165,-2.2013547,-25.73133
72.32199,-2.95002,-25.767208
73.42499,-3.768407,-25.78829
74.4945,-4.578889,-25.799747
75.52457,-5.387636,-25.829865
76.51658,-6.2109246,-25.846796
77.48573,-7.053964,-25.870148
78.45237,-7.9361954,-25.891161
79.4296,-8.868078,-25.910175
80.40565,-9.82959,-25.926006
81.34345,-10.779553,-25.944113
82.24792,-11.733409,-25.964298
83.14915,-12.720979,-25.986004
84.04103,-13.742012,-26.005592
84.911606,-14.77757,-26.020838
85.688866,-15.738037,-26.031147
86.42881,-16.66732,-26.039087
87.15386,-17.594072,-26.04784
87.812836,-18.457195,-26.062407
88.438,-19.293892,-26.07929
89.086136,-20.198671,-26.101652
89.74265,-21.15431,-26.124058
90.34075,-22.0651,-26.144241
90.91155,-22.984837,-26.181322
91.50374,-24.01581,-26.208035
92.04999,-25.016994,-26.22148
92.56736,-26.017359,-26.256544
93.10257,-27.141176,-26.268946
93.62035,-28.24757,-26.28411
94.10525,-29.342922,-26.317072
94.566574,-30.481907,-26.352045
94.99719,-31.664644,-26.39269
95.39251,-32.90283,-26.42866
95.74608,-34.162907,-26.470613
96.047874,-35.437313,-26.519676
96.28645,-36.724564,-26.576391
96.45314,-38.0226,-26.633265
96.54483,-39.334473,-26.687708
96.56936,-40.636276,-26.728605
96.53909,-41.91028,-26.773294
96.45325,-43.15616,-26.818233
96.31867,-44.348442,-26.865719
96.12463,-45.527847,-26.918938
95.86484,-46.72153,-26.97044
95.53868,-47.923923,-27.008
95.162704,-49.12468,-27.030268
94.75896,-50.313446,-27.049156
94.338974,-51.48329,-27.069666
93.90108,-52.628605,-27.085846
93.44957,-53.754704,-27.100164
92.96091,-54.91444,-27.114235
92.43976,-56.10272,-27.12461
91.90011,-57.299835,-27.137657
91.33024,-58.514214,-27.158127
90.75544,-59.697453,-27.179993
90.17269,-60.83822,-27.219519
89.509315,-61.979237,-27.278332
88.77294,-63.110798,-27.313856
88.103134,-64.14213,-27.328327
87.42982,-65.08963,-27.38514
86.75171,-65.9513,-27.433416
86.08784,-66.71098,-27.493
85.39775,-67.40044,-27.562342
84.6443,-68.04978,-27.622417
83.79948,-68.687485,-27.670464
82.863,-69.32486,-27.70327
81.8745,-69.95402,-27.726711
80.8516,-70.57399,-27.750443
79.789474,-71.18176,-27.777617
78.81333,-71.72632,-27.79795
77.84218,-72.23242,-27.822794
76.81462,-72.72864,-27.849056
75.69179,-73.23238,-27.870323
74.71174,-73.66178,-27.87641
73.73417,-74.07594,-27.898945
72.77208,-74.45583,-27.926132
71.84187,-74.79905,-27.95646
70.89478,-75.110634,-27.992622
70.07206,-75.367615,-28.014727
69.275444,-75.5858,-28.052818
68.48438,-75.765335,-28.096888
67.65503,-75.9141,-28.138678
66.77429,-76.034096,-28.176994
65.88894,-76.11968,-28.215235
65.02618,-76.170235,-28.255213
64.1567,-76.18658,-28.296495
63.157288,-76.170334,-28.335304
62.01782,-76.1105,-28.363894
60.866127,-76.00489,-28.384525
59.708344,-75.87596,-28.405973
58.525284,-75.71687,-28.4273
57.329403,-75.53094,-28.441935
56.10481,-75.31987,-28.455866
54.905727,-75.10157,-28.466818
53.82773,-74.9074,-28.475372
52.79363,-74.702614,-28.496092
51.74624,-74.46707,-28.518282
50.744617,-74.21974,-28.536417
49.792732,-73.96678,-28.552153
48.896873,-73.71166,-28.566044
48.044666,-73.45656,-28.578865
47.180965,-73.18394,-28.594065
46.316975,-72.89683,-28.6127
45.414112,-72.57742,-28.634487
44.509666,-72.234146,-28.657827
43.528603,-71.83158,-28.688469
42.50236,-71.3735,-28.720156
41.42197,-70.851685,-28.747461
40.382362,-70.31548,-28.768562
39.352108,-69.75795,-28.792793
38.41911,-69.22952,-28.81893
37.39729,-68.60787,-28.850367
36.398495,-67.958984,-28.874773
35.380627,-67.2613,-28.895832
34.379314,-66.54059,-28.916046
33.354954,-65.76967,-28.942352
32.385773,-65.00507,-28.969324
31.474895,-64.25011,-29.002867
30.636631,-63.511818,-29.039076
29.8501,-62.764034,-29.076706
29.098707,-61.994236,-29.110853
28.420248,-61.25512,-29.134455
27.735895,-60.462364,-29.157827
27.092278,-59.683853,-29.175472
26.50082,-58.953278,-29.188156
25.913208,-58.197563,-29.202951
25.309835,-57.385086,-29.221
24.71691,-56.551556,-29.24283
24.140215,-55.70774,-29.269379
23.547913,-54.776516,-29.301762
22.95783,-53.780514,-29.33304
22.399488,-52.772186,-29.361956
21.831669,-51.663227,-29.39589
21.312134,-50.564655,-29.431362
20.776995,-49.30707,-29.47525
20.28825,-48.02053,-29.509148
19.852428,-46.76107,-29.542356
19.45209,-45.467697,-29.585312
19.110384,-44.198944,-29.62602
18.825232,-42.95674,-29.666315
18.596727,-41.761875,-29.701725
18.417662,-40.634117,-29.732185
18.281939,-39.521088,-29.760206
18.184597,-38.416115,-29.783724
18.11416,-37.334763,-29.806252
18.06932,-36.293133,-29.831032
18.048014,-35.337868,-29.862635
18.047464,-34.54384,-29.893097
18.078215,-33.85898,-29.933842
18.140354,-33.160385,-29.966368
18.243502,-32.365208,-30.004126
18.415173,-31.389456,-30.022856
18.561861,-30.44487,-30.016226
18.718525,-29.590607,-30.088543
18.964851,-28.63134,-30.140306
19.254831,-27.679283,-30.18727
19.607895,-26.691153,-30.246874
20.025616,-25.70966,-30.280844
20.45271,-24.79255,-30.34655
20.917744,-23.939228,-30.414782
21.41998,-23.152306,-30.490051
21.968126,-22.420645,-30.55716
22.569181,-21.724855,-30.6267
23.24016,-21.048832,-30.681519
23.907846,-20.439325,-30.729086
24.54161,-19.915405,-30.803473
25.207157,-19.449295,-30.886316
25.96866,-19.00654,-30.961315
26.87201,-18.568617,-31.026827
27.948374,-18.133598,-31.086973
29.185097,-17.721273,-31.124136
30.41471,-17.348173,-31.148912
31.683168,-17.008116,-31.213459
32.73955,-16.741007,-31.208435
33.590282,-16.539757,-31.316032
34.451187,-16.465462,-31.458477
35.50586,-16.53092,-31.532625
36.65447,-16.663319,-31.547499
37.760494,-16.827663,-31.641909
38.823055,-16.98558,-31.573053
39.75044,-17.151321,-31.693699
40.691242,-17.375097,-31.6898
41.488094,-17.60238,-31.765852
42.32048,-17.909727,-31.813946
43.186703,-18.284225,-31.87503
44.08487,-18.708439,-31.869833
44.77854,-19.033314,-31.915884
45.370743,-19.362564,-31.993458
46.00759,-19.77536,-32.044865
46.592392,-20.198631,-32.08885
47.108395,-20.60704,-32.12582
47.58336,-21.012829,-32.152462
48.074036,-21.45606,-32.16315
48.59383,-21.936665,-32.163364
49.12819,-22.431328,-32.16015
49.64893,-22.914766,-32.16314
50.107784,-23.347147,-32.181767
50.504097,-23.73133,-32.212864
50.868427,-24.107645,-32.254223
51.19245,-24.468054,-32.300457
51.470913,-24.809162,-32.349144
51.713985,-25.136673,-32.39828
51.927944,-25.45692,-32.444565
52.11286,-25.762762,-32.486557
52.2768,-26.06083,-32.52165
52.42671,-26.35885,-32.550735
52.56192,-26.648386,-32.575954
52.68613,-26.93389,-32.600063
52.805527,-27.229479,-32.630768
52.91532,-27.52726,-32.67178
53.009335,-27.819796,-32.725002
53.08374,-28.100136,-32.789204
53.137493,-28.370308,-32.86012
53.17204,-28.639174,-32.930904
53.187553,-28.903767,-32.990364
53.18721,-29.158966,-33.034107
53.175915,-29.408823,-33.066177
53.156197,-29.666924,-33.087658
53.12853,-29.942703,-33.102955
53.092556,-30.244558,-33.122837
53.04667,-30.577492,-33.148388
52.988968,-30.916525,-33.186844
52.918777,-31.247963,-33.24647
52.83465,-31.560087,-33.3211
52.736664,-31.838957,-33.404636
52.62934,-32.081104,-33.488808
52.5158,-32.28786,-33.56602
52.39808,-32.468517,-33.6369
52.26929,-32.63845,-33.700737
52.129738,-32.800877,-33.753918
51.97592,-32.96199,-33.79151
51.81045,-33.122047,-33.81823
51.628418,-33.28835,-33.84132
51.427708,-33.463062,-33.86426
51.203106,-33.650997,-33.8826
50.945145,-33.858448,-33.894333
50.649616,-34.089993,-33.90255
50.323563,-34.340916,-33.909058
49.98895,-34.594803,-33.913845
49.6515,-34.84824,-33.91717
49.303585,-35.107677,-33.919434
48.955116,-35.365982,-33.92161
48.60696,-35.622684,-33.924885
48.259045,-35.87762,-33.929157
47.92554,-36.119347,-33.93515
47.607563,-36.346947,-33.943314
47.286663,-36.57321,-33.952625
46.966393,-36.794525,-33.962376
46.64245,-37.01398,-33.971878
46.32377,-37.224266,-33.984653
46.023396,-37.417126,-34.001884
45.729206,-37.599735,-34.02064
45.446823,-37.76703,-34.041637
45.17412,-37.920795,-34.06823
44.90234,-38.06466,-34.102474
44.632607,-38.196007,-34.144085
44.361217,-38.315006,-34.190548
44.075478,-38.425213,-34.23598
43.76432,-38.52919,-34.274426
43.44887,-38.621067,-34.30624
43.142365,-38.700153,-34.335655
42.857613,-38.76503,-34.358788
42.578953,-38.821503,-34.377625
42.26502,-38.87902,-34.392128
41.922096,-38.93617,-34.403267
41.584835,-38.987988,-34.41751
41.267147,-39.03234,-34.436287
40.974327,-39.06823,-34.455616
40.722607,-39.093655,-34.475494
40.523907,-39.110176,-34.49704
40.36496,-39.11996,-34.518
40.228706,-39.125244,-34.54109
40.10127,-39.12733,-34.567066
39.984188,-39.126133,-34.59482
39.880306,-39.122253,-34.62811
39.777832,-39.114986,-34.66096
39.683872,-39.105152,-34.69764
39.597923,-39.09288,-34.740902
39.52458,-39.079144,-34.794537
39.455948,-39.062637,-34.854725
39.38072,-39.039696,-34.908665
39.294094,-39.00815,-34.956413
39.187534,-38.96344,-34.998615
39.05738,-38.902176,-35.037598
38.90805,-38.82475,-35.070896
38.74721,-38.734394,-35.09622
38.59898,-38.64578,-35.116425
