predicted_x,predicted_y,predicted_theta
0.011762168,1.9126949,1.5610769
0.019344991,2.630657,1.5017748
0.060686193,3.2389848,1.4475948
0.124926515,3.757767,1.3968172
0.19764902,4.1757565,1.3509198
0.27526662,4.5254307,1.3075001
0.37054682,4.882794,1.2648914
0.48464474,5.244813,1.2251412
0.61306936,5.6000185,1.184352
0.74938655,5.9346986,1.1432045
0.89558786,6.2568336,1.1039958
1.0507771,6.566404,1.0695411
1.2376379,6.9106574,1.0394878
1.431636,7.241167,1.015667
1.6237437,7.5503926,0.99101853
1.8024995,7.8226123,0.96530336
1.9712137,8.067401,0.9406205
2.1386726,8.297904,0.91987246
2.303827,8.515277,0.902421
2.4652498,8.719993,0.88647646
2.6425545,8.937472,0.8704001
2.831605,9.161638,0.855664
3.033515,9.393879,0.8409429
3.2517807,9.637251,0.8246596
3.4670901,9.869492,0.8061965
3.6783323,10.088585,0.7822478
3.8943653,10.302561,0.7528078
4.1473804,10.539549,0.7177438
4.424094,10.781287,0.6791649
4.726651,11.0260515,0.6377917
5.0624485,11.275843,0.5944256
5.4468217,11.537686,0.55063564
5.8995895,11.818287,0.50678146
6.393953,12.093983,0.4636963
6.9466915,12.371638,0.41996554
7.548534,12.6419,0.37941325
8.214881,12.909091,0.34463444
8.940986,13.170859,0.3171923
9.715976,13.425465,0.29537237
10.531335,13.673321,0.27568433
11.386669,13.915056,0.25815085
12.26633,14.147632,0.24396223
13.171913,14.372572,0.23149176
14.12404,14.596382,0.2200333
15.123573,14.819109,0.2104977
16.18565,15.044907,0.20207196
17.266651,15.266048,0.19591685
18.368994,15.48411,0.1890213
19.488022,15.698232,0.18257195
20.63732,15.909506,0.17642209
21.821648,16.119593,0.16944917
23.019592,16.324219,0.16230562
24.234783,16.522495,0.15430723
25.452662,16.712336,0.14672385
26.712976,16.897501,0.13909347
28.003344,17.07818,0.13300197
29.32071,17.253756,0.12838976
30.662281,17.42592,0.122932866
32.020348,17.593794,0.11765184
33.412693,17.756668,0.111707255
34.8147,17.913511,0.10413803
36.214382,18.059683,0.09604466
37.595856,18.19234,0.08617054
38.932217,18.30807,0.07330815
40.24965,18.405123,0.056707535
41.561535,18.478996,0.037567202
42.91538,18.526491,0.013226971
44.326107,18.542074,-0.01273673
45.739914,18.521387,-0.040852677
47.13815,18.46392,-0.07632125
48.39593,18.378132,-0.11010815
49.561424,18.257448,-0.16135314
50.63086,18.091621,-0.2087698
51.659348,17.87357,-0.26838785
52.616344,17.62449,-0.29717845
53.414963,17.39245,-0.35269007
54.10826,17.14547,-0.40680826
54.761765,16.861656,-0.46939713
55.366165,16.563992,-0.5033584
55.99988,16.186052,-0.6548234
57.027866,15.352918,-0.6781329
58.20498,14.386814,-0.6571548
59.46028,13.368215,-0.69627565
60.816093,12.225515,-0.6871792
62.216652,11.024264,-0.7204282
63.711338,9.654627,-0.73275095
65.2676,8.23814,-0.7295136
66.84347,6.79045,-0.76023066
68.42483,5.26192,-0.773055
69.96095,3.9329343,-0.74826396
71.401566,2.5508604,-0.82538915
72.80745,0.9760398,-0.84547067
74.23102,-0.703474,-0.8574195
75.68602,-2.4459655,-0.86237794
77.17548,-4.2300253,-0.8512151
78.71578,-6.003696,-0.82156134
80.32561,-7.6995425,-0.7780952
81.97073,-9.271961,-0.7405423
83.62273,-10.729312,-0.7109643
129.08305,4.514449,-0.3224846
129.94324,4.248625,-0.403781
130.5772,3.9838696,-0.52930385
131.53577,3.402385,-0.6257349
132.725,2.4946985,-0.5542073
134.06187,1.6253612,-0.54489326
135.61902,0.52283907,-0.610386
137.44156,-1.019422,-0.6216924
139.4203,-2.4770806,-0.51894265
141.50247,-3.674251,-0.49864307
143.60637,-4.8280244,-0.4985806
145.72119,-5.9893417,-0.50101733
147.82126,-7.111559,-0.4940179
149.90982,-8.223792,-0.4996865
151.98515,-9.36315,-0.5134043
154.04117,-10.506891,-0.5208884
156.08282,-11.667749,-0.5330279
158.10823,-12.888568,-0.55536115
160.11288,-14.118415,-0.567772
162.0972,-15.386808,-0.5848627
164.07207,-16.724728,-0.6030234
166.04407,-18.125612,-0.617119
168.02104,-19.548517,-0.620548
170.00688,-20.980137,-0.6183967
172.01024,-22.458733,-0.62132555
174.03313,-23.900589,-0.61330307
176.05943,-25.320347,-0.60977054
178.09464,-26.764189,-0.6132252
180.14328,-28.278032,-0.62614346
182.20386,-29.73892,-0.619131
184.24736,-31.145918,-0.62177545
186.2591,-32.578354,-0.63824916
188.24315,-34.05403,-0.65511245
190.20958,-35.53914,-0.6632575
192.13731,-37.012707,-0.67175496
194.0543,-38.591217,-0.69751304
195.94499,-40.215073,-0.70938444
197.84341,-41.861248,-0.71267784
199.74214,-43.50296,-0.716322
201.6344,-45.14852,-0.72771627
203.49881,-46.806572,-0.73938984
205.34926,-48.490044,-0.7503207
207.18958,-50.200596,-0.7595047
208.99467,-51.900658,-0.76578593
210.78961,-53.61152,-0.77627176
212.56065,-55.3049,-0.7828251
214.30093,-56.989597,-0.79172087
216.0131,-58.680668,-0.7998546
217.69481,-60.36382,-0.80364025
219.35158,-62.096127,-0.8140193
220.9967,-63.905766,-0.82816553
222.63965,-65.72631,-0.831021
224.28813,-67.56265,-0.8366161
225.93529,-69.33643,-0.83696437
227.56395,-71.09795,-0.8488876
229.15324,-72.840256,-0.86217844
230.69814,-74.60195,-0.8812541
232.19986,-76.403786,-0.90210646
233.65129,-78.273895,-0.9257526
235.06868,-80.18312,-0.946303
236.45445,-82.08919,-0.96340585
237.80711,-83.99696,-0.9822159
239.11534,-85.91462,-1.0047693
240.3632,-87.91031,-1.0344838
241.55989,-89.99366,-1.061938
242.69325,-92.108505,-1.0860912
243.79295,-94.2746,-1.1096416
244.86433,-96.45205,-1.1292858
245.89005,-98.657265,-1.150204
246.86626,-100.92002,-1.1741182
247.79646,-103.21758,-1.1951842
248.70973,-105.52366,-1.2102554
249.58292,-107.80527,-1.2292858
250.3881,-110.1505,-1.2606936
251.10796,-112.573,-1.2919674
251.77911,-115.023506,-1.314867
252.41219,-117.4938,-1.3383452
252.99619,-119.96392,-1.3604025
253.54361,-122.43182,-1.3806076
254.0316,-124.882324,-1.4127867
254.4617,-127.320206,-1.442988
254.81265,-129.74858,-1.4753355
255.0564,-132.1991,-1.5098647
255.18726,-134.68794,-1.540419
255.1609,-137.27473,-1.5761762
255.07144,-139.88583,-1.5946164
254.92552,-142.53496,-1.6145604
254.75105,-145.19727,-1.6334755
254.49802,-147.90184,-1.6621069
254.18402,-150.62596,-1.6905708
253.86543,-153.31282,-1.7084574
253.41841,-156.04636,-1.7395923
252.93463,-158.764,-1.7579533
252.69325,-161.31131,-1.7351954
252.43661,-163.78491,-1.7418892
251.97157,-166.27985,-1.7783812
251.42871,-168.7837,-1.7912998
250.83847,-171.30649,-1.8017117
250.31581,-173.77579,-1.7916166
346.69778,-98.40552,-0.61779433
348.81787,-99.90575,-0.60870016
350.91678,-101.35773,-0.6164508
352.99042,-102.81518,-0.6117039
355.09973,-104.32987,-0.61540157
357.2566,-105.91848,-0.6172841
359.45377,-107.50213,-0.6044973
361.6274,-108.93727,-0.57763624
363.65857,-110.19228,-0.5552906
365.51755,-111.337364,-0.5421242
367.41486,-112.488045,-0.5323765
369.5184,-113.72658,-0.5234626
371.79013,-115.036385,-0.516088
374.1435,-116.37494,-0.51280487
376.4813,-117.69415,-0.5143076
378.63538,-118.927956,-0.52430135
380.304,-119.903366,-0.52738416
381.97058,-120.865944,-0.52449614
384.0226,-122.04414,-0.53210664
386.25275,-123.350655,-0.54194367
388.5055,-124.71267,-0.5562717
390.54474,-125.99095,-0.5684865
392.3287,-127.13787,-0.5702404
394.21567,-128.33453,-0.5697478
396.3861,-129.72281,-0.5835223
398.52762,-131.14218,-0.60164136
400.5315,-132.51527,-0.6086807
402.6352,-133.97653,-0.62051034
404.74442,-135.48625,-0.634202
406.77502,-136.98247,-0.64621735
408.70926,-138.44409,-0.65447396
410.5401,-139.85577,-0.66299826
412.23895,-141.18741,-0.6691587
413.85834,-142.46951,-0.6736173
415.50635,-143.77997,-0.67539215
417.30115,-145.21289,-0.68140644
419.17535,-146.73323,-0.69172466
421.0363,-148.27144,-0.69995207
422.94998,-149.87375,-0.70457006
424.9645,-151.58481,-0.71258426
426.97574,-153.32205,-0.720713
428.97552,-155.07748,-0.7279993
430.9504,-156.83784,-0.73413754
432.89798,-158.59692,-0.7404386
434.82285,-160.35808,-0.7477661
436.75702,-162.14758,-0.7544242
438.7065,-163.97719,-0.76013434
440.6556,-165.82593,-0.7629622
442.61752,-167.70068,-0.7647119
444.57324,-169.57558,-0.76522845
446.53293,-171.45691,-0.76480323
448.49814,-173.34369,-0.76478636
450.4435,-175.20969,-0.7642013
452.38574,-177.06854,-0.76174605
454.33917,-178.9309,-0.7582256
456.29187,-180.77974,-0.75408417
458.249,-182.61803,-0.7497631
460.2182,-184.45184,-0.7455774
462.1796,-186.26488,-0.7423093
464.08658,-188.01677,-0.74027884
465.92197,-189.695,-0.7388375
467.7741,-191.37799,-0.7354782
469.72623,-193.14299,-0.7317632
471.67886,-194.89662,-0.72731626
473.6901,-196.68599,-0.7230006
475.69305,-198.45546,-0.7193964
477.66653,-200.18335,-0.71545446
479.67938,-201.93425,-0.71289515
481.6395,-203.63063,-0.7109091
483.56445,-205.28789,-0.708575
485.49344,-206.94133,-0.70629984
487.3781,-208.55096,-0.70429504
489.20847,-210.10654,-0.7019299
491.0422,-211.65747,-0.6999504
492.8881,-213.21164,-0.6979147
494.78217,-214.79907,-0.69582987
496.75296,-216.44481,-0.6944388
498.83887,-218.18068,-0.69478977
500.96686,-219.95398,-0.6960241
503.1043,-221.74011,-0.6978348
505.2422,-223.53333,-0.6999172
507.37256,-225.32631,-0.70167345
509.4955,-227.12013,-0.702651
511.63193,-228.92917,-0.70383525
513.7725,-230.74661,-0.705509
515.8933,-232.55307,-0.70675343
517.99695,-234.3495,-0.7077248
520.0922,-236.14197,-0.7083766
522.19415,-237.94148,-0.70866513
524.29456,-239.74265,-0.70884705
526.397,-241.54651,-0.70978415
528.5039,-243.35663,-0.71115434
530.6159,-245.17603,-0.71264744
532.72253,-246.99643,-0.71409374
534.81683,-248.81192,-0.7154006
536.9056,-250.62709,-0.71673155
538.99634,-252.44853,-0.7181314
541.0978,-254.28424,-0.7195023
543.1989,-256.12506,-0.7208331
552.52783,-269.8504,-0.6874578
554.6511,-271.594,-0.6883141
556.78546,-273.3493,-0.68938494
558.91223,-275.1008,-0.6895188
561.04,-276.85547,-0.6891501
563.1712,-278.6112,-0.6889726
565.30865,-280.3722,-0.689126
567.44183,-282.12976,-0.6894468
569.5841,-283.89536,-0.6896643
571.732,-285.6677,-0.6903607
573.87695,-287.44006,-0.6916243
576.0043,-289.20145,-0.6927281
578.1324,-290.96664,-0.6932277
580.27136,-292.7432,-0.6934758
582.42773,-294.53558,-0.6938565
584.5792,-296.32486,-0.6941381
586.7165,-298.104,-0.6941032
588.8693,-299.89502,-0.69373226
590.98,-301.65027,-0.69328165
593.1115,-303.4211,-0.6927024
595.2418,-305.18988,-0.69241905
597.3768,-306.9606,-0.6923888
599.5145,-308.73404,-0.6926441
601.6492,-310.50565,-0.69321257
603.7871,-312.2825,-0.69431484
605.91675,-314.05493,-0.6951959
608.04285,-315.82834,-0.6957545
610.16956,-317.60413,-0.6963105
612.3053,-319.3893,-0.6968047
614.451,-321.185,-0.69738346
616.5998,-322.98553,-0.69819134
618.7482,-324.78708,-0.6984272
620.8793,-326.57632,-0.69808763
623.0052,-328.35968,-0.6975424
625.13007,-330.13995,-0.6965684
627.253,-331.91553,-0.6953395
629.37976,-333.6891,-0.69363153
631.50183,-335.45367,-0.6916599
633.6223,-337.21002,-0.68978
635.73987,-338.95663,-0.6878008
637.8626,-340.70102,-0.6857925
639.9832,-342.43613,-0.68377763
642.11786,-344.1746,-0.6813644
644.25085,-345.90408,-0.67838603
646.38837,-347.6267,-0.6752196
648.55225,-349.35907,-0.6721133
650.737,-351.09756,-0.6692885
652.92114,-352.82574,-0.66662824
655.0934,-354.5351,-0.6640907
657.2434,-356.217,-0.6610814
659.39557,-357.8912,-0.6576961
661.55725,-359.56088,-0.6545198
663.71674,-361.21875,-0.651554
665.8836,-362.87134,-0.6487676
668.0647,-364.52545,-0.64629084
670.24725,-366.1714,-0.643728
672.41595,-367.79865,-0.6406765
674.58405,-369.416,-0.63784236
676.7605,-371.02985,-0.63571775
678.9484,-372.64478,-0.63409394
681.1402,-374.2565,-0.63265127
683.3352,-375.86633,-0.63141626
685.52386,-377.46805,-0.63076603
687.72125,-379.07208,-0.63023245
689.9094,-380.66824,-0.6293959
692.0871,-382.2548,-0.6286911
694.27454,-383.8458,-0.6285501
696.4631,-385.43643,-0.6285367
698.62305,-387.00693,-0.62836146
700.7725,-388.56674,-0.6269331
702.94525,-390.14032,-0.62501866
705.1377,-391.72238,-0.6233357
707.3535,-393.3175,-0.6229259
709.6004,-394.93353,-0.6246099
711.8547,-396.55865,-0.6273731
714.0945,-398.18375,-0.630285
716.33417,-399.8183,-0.63400483
718.56934,-401.46143,-0.6378333
720.8048,-403.1184,-0.6416814
723.0491,-404.79523,-0.6460493
725.2953,-406.48804,-0.65018845
727.53174,-408.18787,-0.65360916
729.75,-409.8867,-0.65623593
731.9555,-411.58466,-0.6583384
734.1458,-413.2793,-0.6604079
736.321,-414.96896,-0.66240185
738.4937,-416.6633,-0.664247
740.6795,-418.37506,-0.6665769
742.8769,-420.10373,-0.669322
745.06616,-421.83463,-0.67153406
747.23785,-423.56192,-0.6737539
749.40106,-425.29062,-0.67707074
751.5797,-427.04172,-0.68135065
753.7596,-428.8085,-0.6853408
755.91986,-430.57315,-0.6882173
758.0583,-432.33148,-0.6901698
760.2067,-434.10367,-0.69144
762.3745,-435.8974,-0.6923196
764.56604,-437.71512,-0.6936494
759.98926,-435.53964,-0.64904964
762.2292,-437.23935,-0.64933753
764.4496,-438.92593,-0.6501509
766.6753,-440.6177,-0.65107405
768.8941,-442.30896,-0.6519866
771.1146,-444.00305,-0.6527167
773.3526,-445.714,-0.65366155
775.5864,-447.42572,-0.6548463
777.8153,-449.1366,-0.65590954
780.03613,-450.8468,-0.6572534
782.2371,-452.5465,-0.6591423
784.4312,-454.24655,-0.6614642
786.6269,-455.95508,-0.66359293
788.8293,-457.67795,-0.6661621
791.0245,-459.402,-0.66826904
793.2127,-461.12878,-0.6694634
795.3834,-462.84647,-0.6699964
797.5449,-464.5597,-0.6706746
799.7118,-466.27954,-0.6720973
801.88824,-468.01083,-0.6737918
804.0692,-469.7519,-0.6753588
806.25806,-471.50427,-0.6765241
808.46136,-473.27252,-0.6773382
810.6531,-475.0351,-0.6776577
812.8212,-476.7802,-0.67769086
814.99554,-478.5299,-0.6777495
817.18146,-480.28998,-0.6781213
819.36505,-482.04935,-0.67885435
821.5336,-483.7981,-0.6791437
823.70844,-485.55466,-0.6797421
825.87494,-487.30548,-0.6804191
828.0428,-489.05997,-0.68105173
830.19995,-490.8077,-0.68141115
832.3478,-492.5504,-0.681928
834.50446,-494.30185,-0.68308926
836.6235,-496.02942,-0.6856627
838.67694,-497.71024,-0.6883755
840.755,-499.41736,-0.690666
842.8771,-501.17047,-0.6930567
844.9955,-502.93054,-0.6955487
847.12006,-504.70444,-0.6988737
849.2187,-506.46838,-0.7019174
851.3269,-508.25052,-0.70508385
853.45685,-510.06296,-0.7091055
855.5813,-511.886,-0.71331966
857.701,-513.71985,-0.7175046
859.82465,-515.5717,-0.72143626
861.94,-517.43207,-0.7247702
864.0462,-519.298,-0.7282576
866.1383,-521.16504,-0.7322148
868.2052,-523.0234,-0.73612726
870.2479,-524.8747,-0.73943603
872.2768,-526.7248,-0.7422679
874.2984,-528.57886,-0.74507153
876.30963,-530.4338,-0.7470973
878.3166,-532.2925,-0.74903524
880.3135,-534.1493,-0.75060505
882.2959,-535.9997,-0.75232047
884.2583,-537.8375,-0.7538568
886.2267,-539.6861,-0.75553423
888.1587,-541.5063,-0.75756866
890.1035,-543.3462,-0.75977474
892.0405,-545.18634,-0.76203096
893.9689,-547.02655,-0.7638561
895.8893,-548.8654,-0.76512474
897.8153,-550.71484,-0.7664957
899.7516,-552.57935,-0.76878136
901.6679,-554.4358,-0.77203745
903.5506,-556.27185,-0.77580315
905.338,-558.0327,-0.7804931
907.0434,-559.7239,-0.7826892
908.75183,-561.421,-0.78441256
910.47034,-563.1383,-0.78778595
912.16003,-564.83606,-0.79077554
913.85767,-566.54816,-0.791769
915.58057,-568.2905,-0.79187775
917.2986,-570.0365,-0.7938011
919.01276,-571.77765,-0.7960218
920.7744,-573.5747,-0.7997827
922.5203,-575.373,-0.8027229
924.23505,-577.15045,-0.80555445
925.9307,-578.9189,-0.80989254
927.5641,-580.6408,-0.8155778
929.12244,-582.30005,-0.8199432
930.6637,-583.9512,-0.82366675
932.22516,-585.63684,-0.8292537
933.76904,-587.3249,-0.83605623
935.253,-588.9729,-0.84402746
936.70996,-590.60724,-0.84885037
938.22003,-592.317,-0.8537936
939.74646,-594.0699,-0.86085385
941.2453,-595.8148,-0.86741734
942.7698,-597.6057,-0.8730927
944.38696,-599.5251,-0.879184
946.07684,-601.55975,-0.8871913
947.77954,-603.6466,-0.89434767
949.46234,-605.7459,-0.90248305
951.12085,-607.84705,-0.9105285
952.77,-609.96497,-0.91697323
973.17615,-589.21643,-0.58375424
975.4341,-590.7076,-0.58595985
977.6993,-592.21106,-0.5883002
979.972,-593.7275,-0.5913285
982.2023,-595.2287,-0.59527993
984.36163,-596.69354,-0.598055
986.5239,-598.1621,-0.5984302
988.73834,-599.6711,-0.5998755
990.95996,-601.19025,-0.6012816
993.18256,-602.7135,-0.60189265
995.4069,-604.24133,-0.60225576
997.6283,-605.76733,-0.60176694
999.86346,-607.30194,-0.6010659
1002.08716,-608.82745,-0.600709
1004.28064,-610.331,-0.5993585
1006.46014,-611.8215,-0.59802413
1008.6306,-613.3011,-0.59701693
1010.7961,-614.7734,-0.59602964
1012.96387,-616.24243,-0.5940724
1015.133,-617.7064,-0.59111667
1017.3063,-619.1643,-0.5871091
1019.4741,-620.607,-0.5826071
1021.6541,-622.0427,-0.5776738
1023.854,-623.4756,-0.5725482
1026.0713,-624.9044,-0.56749403
1028.3066,-626.32886,-0.5622954
1030.5475,-627.74146,-0.5574573
1032.7864,-629.13806,-0.5527588
1035.0275,-630.52014,-0.54787713
1037.2745,-631.8913,-0.54293525
1039.5321,-633.2539,-0.53817314
1041.8074,-634.61145,-0.5337244
1044.0929,-635.9617,-0.52903813
1046.3715,-637.2947,-0.524355
1048.6493,-638.6123,-0.51986194
1050.9287,-639.91705,-0.51525
1053.2213,-641.2157,-0.5110339
1055.5374,-642.5138,-0.50733685
1057.8607,-643.8069,-0.504552
1060.1793,-645.09015,-0.50378144
1062.4937,-646.36835,-0.5052198
1064.8018,-647.6455,-0.5076486
1067.0989,-648.92365,-0.5099839
1069.3937,-650.2063,-0.51179653
1071.6787,-651.48914,-0.5126317
1073.9592,-652.77094,-0.5116443
1076.2482,-654.055,-0.510003
1078.5321,-655.3341,-0.5084793
1080.8228,-656.61194,-0.5080157
1083.1173,-657.8913,-0.5095336
1085.4098,-659.17413,-0.51279193
1087.6967,-660.4619,-0.5168325
1089.9734,-661.75494,-0.51996803
1092.2458,-663.0552,-0.5219155
1094.5186,-664.3613,-0.52291584
1096.7943,-665.6737,-0.52469593
1099.0645,-666.98737,-0.5262647
1101.3293,-668.3046,-0.52822214
1103.5848,-669.622,-0.5307234
1105.8362,-670.94324,-0.53281987
1108.0924,-672.2727,-0.53589034
1110.3496,-673.61115,-0.53792536
1112.6064,-674.95825,-0.54033613
1114.8657,-676.31274,-0.5427861
1117.1322,-677.6803,-0.54654056
1119.391,-679.05554,-0.5516638
1121.6431,-680.44196,-0.5568695
1123.8872,-681.8386,-0.5619081
1126.1233,-683.2451,-0.56579363
1128.3588,-684.66547,-0.5703373
1130.5846,-686.09454,-0.5755988
1132.7911,-687.5275,-0.5808009
1134.996,-688.972,-0.58425546
1137.2043,-690.43115,-0.5878199
1139.407,-691.89856,-0.59151644
1141.6029,-693.3741,-0.59468627
1143.7911,-694.854,-0.59723127
1145.9792,-696.3409,-0.5992078
1148.1646,-697.8336,-0.6016446
1150.346,-699.3315,-0.60396796
1152.5164,-700.8296,-0.6058108
1154.6719,-702.3246,-0.6074885
1156.8174,-703.81696,-0.6077972
1158.947,-705.3002,-0.6079454
1161.0629,-706.77484,-0.60723656
1163.1736,-708.24176,-0.6061485
1165.2904,-709.7091,-0.60571694
1167.4229,-711.18463,-0.605619
1169.5676,-712.66656,-0.60552275
1171.7156,-714.1542,-0.6057642
1173.8633,-715.64325,-0.6071297
1176.013,-717.1353,-0.6086777
1178.1619,-718.63074,-0.6088416
1180.3032,-720.12415,-0.6077934
1182.5016,-721.6524,-0.60484874
1184.6117,-723.1107,-0.6044015
1186.7827,-724.60944,-0.6047294
1188.9514,-726.10846,-0.60560524
1191.1274,-727.61676,-0.60682845
1190.5231,-724.96265,-0.5247493
1192.7672,-726.26184,-0.5248908
1195.0374,-727.574,-0.5239422
1197.3162,-728.88763,-0.5244099
1199.6115,-730.2156,-0.52540183
1201.918,-731.5523,-0.52642745
1204.2302,-732.89557,-0.5303573
1206.5413,-734.2502,-0.5337893
1208.8549,-735.61536,-0.5357644
1211.1656,-736.988,-0.5391672
1213.4788,-738.36993,-0.5410479
1215.7926,-739.7616,-0.545163
1218.0962,-741.1581,-0.54763186
1220.3978,-742.5608,-0.55023235
1222.7035,-743.97284,-0.55140865
1225.0175,-745.394,-0.5523504
1227.332,-746.8202,-0.5531661
1229.6469,-748.2511,-0.5549815
1231.9442,-749.67883,-0.5575714
1234.2191,-751.10065,-0.5596846
1236.479,-752.5177,-0.5616323
1238.7361,-753.935,-0.5609704
1241.0189,-755.36584,-0.5602173
1243.3062,-756.7994,-0.56007105
1245.6116,-758.2439,-0.56115603
1247.9152,-759.69257,-0.5630125
1250.2249,-761.14935,-0.5654747
1252.5353,-762.61615,-0.56940323
1254.844,-764.0926,-0.57246786
1257.1475,-765.5777,-0.5764584
1259.4452,-767.07086,-0.5795967
1261.7465,-768.57404,-0.5822566
1264.0656,-770.09924,-0.5838192
1266.3541,-771.61194,-0.5851388
1268.6481,-773.1321,-0.58597994
1270.9429,-774.656,-0.5876689
1273.2277,-776.1801,-0.5903101
1275.5101,-777.7095,-0.59307826
1277.7853,-779.2446,-0.59729433
1280.0446,-780.7822,-0.60083103
1282.2865,-782.32275,-0.6051069
1284.518,-783.8634,-0.60671854
1286.7582,-785.41644,-0.60928804
1289.0049,-786.9817,-0.6112466
1291.2653,-788.56244,-0.6134852
1293.5281,-790.1556,-0.61663723
1295.7803,-791.7528,-0.6187914
1298.0249,-793.3514,-0.62040204
1300.2617,-794.95056,-0.6216093
1302.4879,-796.5462,-0.6219275
1304.716,-798.13965,-0.61981905
1306.9557,-799.7389,-0.619241
1309.1981,-801.3362,-0.61809987
1311.4532,-802.93835,-0.6179893
1313.711,-804.5445,-0.61925733
1315.9629,-806.14996,-0.62075424
1318.2151,-807.7594,-0.62173474
1320.4663,-809.37274,-0.6226202
1322.7096,-810.9828,-0.62284327
1324.9524,-812.5932,-0.621796
1327.1865,-814.19464,-0.61886513
1329.421,-815.7856,-0.61418474
1331.672,-817.3732,-0.6112809
1333.9263,-818.9541,-0.60924214
1336.1796,-820.5266,-0.60707283
1338.4443,-822.1003,-0.6064516
1340.7123,-823.6739,-0.6075066
1342.9797,-825.25024,-0.60851216
1345.2474,-826.831,-0.61088824
1347.5013,-828.41296,-0.61441976
1349.7101,-829.9811,-0.6198503
1351.881,-831.53217,-0.6222934
1354.0667,-833.09467,-0.6228045
1356.2775,-834.67816,-0.62543094
1358.5034,-836.28253,-0.62733114
1360.7411,-837.9033,-0.63050973
1362.985,-839.5408,-0.6353048
1365.225,-841.19293,-0.6414226
1367.4492,-842.8546,-0.64723045
1369.6692,-844.5317,-0.65308684
1371.8794,-846.2235,-0.66019946
1374.0765,-847.9295,-0.6672625
1376.2648,-849.65344,-0.6746346
1378.4318,-851.38806,-0.6819584
1380.5905,-853.14044,-0.6890689
1382.7347,-854.90735,-0.6969497
1384.861,-856.6881,-0.7058425
1386.9703,-858.4865,-0.7137069
1389.0663,-860.30115,-0.7216866
1391.1469,-862.1317,-0.7297059
1393.2162,-863.98157,-0.7369934
1395.2712,-865.8474,-0.74450713
1397.3064,-867.7237,-0.75207293
1399.3247,-869.6121,-0.75949925
1401.3164,-871.5058,-0.7656405
1403.2809,-873.3962,-0.7703404
1405.2283,-875.28754,-0.7740333
1407.1608,-877.17694,-0.7767664
1409.0887,-879.0731,-0.78040564
1428.5461,-851.46423,-0.44947153
1430.9453,-852.6215,-0.45120305
1433.3323,-853.7784,-0.45229653
1435.7139,-854.93494,-0.45241472
1438.0874,-856.0891,-0.4522974
1440.4469,-857.2369,-0.45226488
1442.8151,-858.3863,-0.45171145
1445.2172,-859.5492,-0.45153382
1447.644,-860.72534,-0.45290878
1450.0662,-861.9041,-0.4538996
1452.4718,-863.07916,-0.45439428
1454.856,-864.2441,-0.45329466
1457.2551,-865.41254,-0.45237926
1459.6575,-866.58215,-0.45397833
1462.0565,-867.7534,-0.45606142
1464.4601,-868.9309,-0.4581357
1466.8523,-870.113,-0.46136436
1469.223,-871.29254,-0.46276778
1471.6008,-872.47687,-0.46388415
1473.9924,-873.6731,-0.46637243
1476.3824,-874.87555,-0.46864614
1478.7848,-876.08984,-0.47125757
1481.1914,-877.3167,-0.47498056
1483.5815,-878.5468,-0.47835162
1485.9465,-879.77606,-0.48138386
1488.2871,-881.0002,-0.48175073
1490.6223,-882.2203,-0.48051277
1492.9686,-883.44214,-0.47936562
1495.3284,-884.6685,-0.47979456
1497.6809,-885.89264,-0.4797394
1500.0172,-887.1117,-0.47980848
1502.3452,-888.3207,-0.47700283
1504.6815,-889.52704,-0.47427315
1507.0206,-890.72894,-0.47159773
1509.3589,-891.9224,-0.469331
1511.6665,-893.0989,-0.4687717
1513.9316,-894.2474,-0.46455258
1516.2145,-895.3891,-0.45852563
1518.5294,-896.5308,-0.45486438
1520.867,-897.67303,-0.45207316
1523.225,-898.81757,-0.45139134
1525.5936,-899.9658,-0.4518654
1527.9701,-901.1187,-0.4527868
1530.3569,-902.2777,-0.45392326
1532.7637,-903.4473,-0.4537702
1535.1895,-904.6275,-0.4535596
1537.6146,-905.8111,-0.45349428
1540.0209,-906.98724,-0.4539714
1542.407,-908.1535,-0.45380643
1544.7688,-909.3111,-0.4550516
1547.115,-910.45953,-0.45466188
1549.4744,-911.6072,-0.4524976
1551.8518,-912.76324,-0.4523269
1554.2338,-913.91943,-0.45078406
1556.6298,-915.07764,-0.45009983
1559.0349,-916.24023,-0.45090833
1561.4357,-917.40405,-0.45263803
1563.8331,-918.56934,-0.45353776
1566.2286,-919.7377,-0.45510587
1568.6229,-920.9088,-0.45668268
1571.0151,-922.0841,-0.4581057
1573.4037,-923.2625,-0.45958084
1575.7887,-924.4423,-0.46036983
1578.1848,-925.6296,-0.4620553
1580.5778,-926.82135,-0.46384472
1582.9641,-928.01514,-0.4645921
1585.3423,-929.20886,-0.465329
1587.7167,-930.4015,-0.4663801
1590.0892,-931.5975,-0.46857524
1592.4506,-932.7928,-0.4702394
1594.8066,-933.9903,-0.47088847
1597.1573,-935.18726,-0.47108915
1599.5074,-936.3846,-0.47073492
1601.8524,-937.5774,-0.46960068
1604.1975,-938.76794,-0.46838632
1606.5427,-939.956,-0.4676405
1608.8793,-941.13824,-0.46814084
1611.2115,-942.3185,-0.46926725
1613.5294,-943.49585,-0.4704327
1615.8282,-944.6689,-0.47202748
1618.0997,-945.8297,-0.4710783
1620.3729,-946.98596,-0.4685937
1622.6517,-948.13983,-0.4669293
1624.9304,-949.2913,-0.46714804
1627.1984,-950.4344,-0.46575382
1629.4755,-951.57874,-0.4655737
1631.755,-952.7248,-0.46651316
1634.0325,-953.8707,-0.4672313
1636.3167,-955.0225,-0.4681695
1638.6035,-956.1787,-0.46942884
1640.8873,-957.3379,-0.47118518
1643.1658,-958.49896,-0.47244468
1645.4397,-959.6609,-0.47339353
1647.7052,-960.8231,-0.4734021
1649.9587,-961.9781,-0.47244766
1652.215,-963.13245,-0.47310054
1654.4729,-964.28955,-0.47576648
1656.7175,-965.4476,-0.47873083
1658.9487,-966.60736,-0.482245
1652.0239,-957.7702,-0.47687224
1654.2083,-958.89667,-0.4869035
1656.3936,-960.0496,-0.49367192
1658.5983,-961.2324,-0.5005063
1660.7976,-962.43317,-0.50492597
1662.9978,-963.6476,-0.5076307
1665.2026,-964.87555,-0.512238
1667.3911,-966.10754,-0.5165664
1669.5603,-967.3429,-0.5216114
1671.7114,-968.5788,-0.52542967
1673.8733,-969.83093,-0.5311259
1676.0308,-971.0988,-0.5382485
1678.1833,-972.38464,-0.54463947
1680.3068,-973.6733,-0.5523673
1682.4233,-974.9752,-0.5575932
1684.5474,-976.2996,-0.56571627
1686.6548,-977.63983,-0.5738365
1688.7394,-978.98773,-0.57995296
1690.817,-980.3489,-0.58717567
1692.8895,-981.72784,-0.59544563
1694.9579,-983.1291,-0.6058407
1697.0125,-984.5532,-0.6170885
1699.0455,-985.9976,-0.62855065
1701.0405,-987.4492,-0.63752615
1703.0183,-988.9162,-0.6470601
1704.9828,-990.40326,-0.65737766
1706.9042,-991.889,-0.6684282
1708.7965,-993.3835,-0.67759556
1710.6798,-994.9043,-0.6903771
1712.511,-996.4198,-0.6995728
1714.3185,-997.9406,-0.7086341
1716.1204,-999.4842,-0.7178652
1717.9169,-1001.0496,-0.72422725
1719.702,-1002.62885,-0.7324787
1721.4648,-1004.218,-0.7394517
1723.1985,-1005.804,-0.7467557
1724.9065,-1007.3872,-0.7538004
1726.5947,-1008.9785,-0.76388395
1728.2434,-1010.56195,-0.7735189
1729.8695,-1012.1499,-0.7822658
1731.486,-1013.759,-0.7920057
1733.0569,-1015.35516,-0.80076003
1734.6118,-1016.9591,-0.8080238
1736.1565,-1018.57654,-0.8179796
1737.6835,-1020.20764,-0.82811064
1739.1865,-1021.847,-0.8387895
1740.6659,-1023.49615,-0.84901
1742.1193,-1025.1492,-0.85913837
1743.5461,-1026.8052,-0.86820257
1744.9635,-1028.4801,-0.8775639
1746.347,-1030.1495,-0.8882716
1747.7104,-1031.8267,-0.8980572
1749.0583,-1033.5212,-0.90970206
1750.3806,-1035.2206,-0.9199734
1751.6884,-1036.9418,-0.93409115
1752.9607,-1038.6676,-0.9502376
1754.1898,-1040.3942,-0.9668644
1755.3762,-1042.1194,-0.9846413
1756.5159,-1043.8458,-1.0063745
1757.6003,-1045.563,-1.025776
1758.6469,-1047.293,-1.0464929
1759.6517,-1049.0338,-1.0685563
1760.6111,-1050.7853,-1.0914254
1761.5234,-1052.5427,-1.1131444
1762.3977,-1054.318,-1.1348091
1763.2332,-1056.1128,-1.1578071
1764.0237,-1057.9187,-1.1798829
1764.773,-1059.7388,-1.2032702
1765.4724,-1061.57,-1.2312139
1766.109,-1063.3884,-1.2614651
1766.6869,-1065.2048,-1.294233
1767.1954,-1067.0212,-1.3329829
1767.6212,-1068.8147,-1.3757654
1767.9658,-1070.5831,-1.4194782
1768.2316,-1072.3455,-1.4660625
1768.4149,-1074.1062,-1.5129305
1768.5151,-1075.8624,-1.5594348
1768.5325,-1077.6078,-1.606629
1768.4689,-1079.3403,-1.6532255
1768.325,-1081.054,-1.699757
1768.1036,-1082.7285,-1.7435015
1767.8142,-1084.3593,-1.7851213
1767.4648,-1085.955,-1.8250366
1767.0549,-1087.5228,-1.8651402
1766.587,-1089.0549,-1.9051651
1766.0653,-1090.5447,-1.9454457
1765.4938,-1091.9888,-1.9849547
1764.8759,-1093.3817,-2.0248425
1764.2145,-1094.7317,-2.0637002
1763.5009,-1096.0668,-2.101711
1762.726,-1097.3896,-2.1429589
1761.8925,-1098.6862,-2.1838198
1761.0028,-1099.9504,-2.226028
1760.0546,-1101.1816,-2.2723756
1759.049,-1102.369,-2.3230462
1757.9855,-1103.5021,-2.3776987
1756.8691,-1104.5674,-2.4348965
1755.7084,-1105.554,-2.492371
1754.5077,-1106.4624,-2.5492675
1819.5981,-1046.9497,-1.0135205
1820.4047,-1048.2473,-1.0697927
1821.1355,-1049.5837,-1.1295452
1821.7811,-1050.9557,-1.1911924
1822.3372,-1052.3508,-1.2503614
1822.8086,-1053.7709,-1.30728
1823.2,-1055.218,-1.3643212
1823.51,-1056.696,-1.4228195
1823.7328,-1058.186,-1.4798687
1823.871,-1059.6881,-1.5334914
1823.9279,-1061.2032,-1.587717
1823.9032,-1062.732,-1.6436995
1823.7913,-1064.2739,-1.702385
1823.5902,-1065.8138,-1.757695
1823.299,-1067.3564,-1.8155228
1822.9175,-1068.8862,-1.8735017
1822.4482,-1070.393,-1.929866
1821.8928,-1071.8751,-1.984963
1821.2544,-1073.3344,-2.0399098
1820.5283,-1074.7739,-2.0938592
1819.7181,-1076.1808,-2.1487653
1818.8287,-1077.548,-2.2013698
1817.8624,-1078.871,-2.2564428
1816.8284,-1080.1373,-2.3083887
1815.7245,-1081.3534,-2.3612213
1814.5582,-1082.5062,-2.4135332
1813.342,-1083.5916,-2.462193
1812.0712,-1084.6195,-2.510091
1810.7482,-1085.5873,-2.5581675
1809.3754,-1086.4946,-2.6068106
1807.9557,-1087.3354,-2.6564298
1806.5037,-1088.0997,-2.7055845
1805.0217,-1088.7892,-2.7540169
1803.516,-1089.4031,-2.801758
1801.9812,-1089.9462,-2.849074
1800.414,-1090.4197,-2.897297
1798.819,-1090.8173,-2.947224
1797.2051,-1091.1351,-2.9970117
1795.5725,-1091.3744,-3.0467005
1793.9191,-1091.5323,-3.0978558
1792.2548,-1091.6057,3.1334724
1790.5869,-1091.5919,3.0807512
1788.9277,-1091.49,3.0277655
1787.2845,-1091.3002,2.9754784
1785.661,-1091.0276,2.924482
1784.0535,-1090.6725,2.8725212
1782.4729,-1090.2354,2.8195674
1780.9226,-1089.7163,2.7658546
1779.406,-1089.1172,2.7112155
1777.9164,-1088.4343,2.6537304
1776.4591,-1087.6619,2.594246
1775.0448,-1086.8016,2.5345502
1773.676,-1085.8519,2.473547
1772.3684,-1084.8198,2.4124174
1771.1299,-1083.7109,2.3506308
1769.9636,-1082.5332,2.2905314
1768.863,-1081.2788,2.2275593
1767.8445,-1079.956,2.1637418
1766.916,-1078.5753,2.0988772
1766.0742,-1077.1378,2.0366814
1765.3174,-1075.6367,1.9728034
1764.6545,-1074.0808,1.9097316
1764.0883,-1072.4818,1.8490231
1763.6189,-1070.8394,1.7872417
1763.2527,-1069.1748,1.7282407
1762.9863,-1067.4963,1.6701
1762.8152,-1065.8031,1.6154134
1762.7382,-1064.0875,1.5577883
1762.7592,-1062.3645,1.5009344
1762.8789,-1060.6389,1.4438779
1763.099,-1058.9207,1.3857815
1763.4164,-1057.2222,1.329057
1763.8285,-1055.5353,1.275078
1764.3386,-1053.8406,1.221
1764.9565,-1052.1465,1.1612262
1765.673,-1050.4889,1.106291
1766.4901,-1048.8568,1.0474647
1767.4011,-1047.2773,0.9906128
1768.4,-1045.7535,0.9346679
1769.4834,-1044.2864,0.8782323
1770.6515,-1042.8792,0.81986743
1771.894,-1041.5494,0.76197034
1773.2058,-1040.2988,0.7048381
1774.5853,-1039.124,0.6479118
1776.0398,-1038.0234,0.5879682
1777.5555,-1037.0138,0.5278772
1779.1199,-1036.1044,0.46738842
1780.722,-1035.2977,0.4085601
1782.3593,-1034.5881,0.35102305
1784.0428,-1033.9717,0.29158336
1785.7643,-1033.452,0.23385982
1787.5369,-1033.03,0.17079526
1789.3179,-1032.724,0.1103967
1791.1096,-1032.524,0.053072277
1792.9207,-1032.4287,-0.008241353
1794.7307,-1032.4425,-0.0675022
1796.5455,-1032.565,-0.12927072
1798.3491,-1032.8002,-0.19122618
1800.1287,-1033.1437,-0.2506334
1735.5616,-1135.0763,-0.108951375
1737.3503,-1135.2738,-0.16648687
1739.1216,-1135.5721,-0.22600369
1740.8665,-1135.9746,-0.28731453
1742.5763,-1136.4797,-0.34693322
1744.261,-1137.0864,-0.40541872
1745.9266,-1137.8002,-0.4670862
1747.5499,-1138.6184,-0.530634
1749.1176,-1139.5397,-0.5939671
1750.6074,-1140.548,-0.65599537
1752.0209,-1141.6378,-0.7162604
1753.3623,-1142.8063,-0.776368
1754.6278,-1144.0498,-0.83651656
1755.8134,-1145.3654,-0.8975621
1756.9044,-1146.7351,-0.9558098
1757.9116,-1148.1626,-1.0131959
1758.8302,-1149.6378,-1.0704415
1759.658,-1151.1558,-1.1277237
1760.3887,-1152.7021,-1.1843928
1761.0232,-1154.2692,-1.2404779
1761.5641,-1155.8534,-1.2950943
1762.0155,-1157.4534,-1.3497971
1762.3785,-1159.0714,-1.4038922
1762.6528,-1160.7029,-1.4583364
1762.8374,-1162.3444,-1.5123655
1762.9319,-1163.9824,-1.5656508
1762.9396,-1165.6127,-1.6177057
1762.8624,-1167.2343,-1.6694642
1762.7034,-1168.8428,-1.7193844
1762.4642,-1170.4421,-1.7681516
1762.1472,-1172.032,-1.8177526
1761.7483,-1173.6122,-1.8695042
1761.2708,-1175.1606,-1.9202261
1760.7167,-1176.6794,-1.9713653
1760.0847,-1178.169,-2.0242224
1759.3788,-1179.616,-2.0767534
1758.6008,-1181.0153,-2.1306312
1757.7523,-1182.367,-2.1857307
1756.8341,-1183.6666,-2.2412655
1755.8461,-1184.9117,-2.2969644
1754.7926,-1186.0996,-2.3516347
1753.6714,-1187.2328,-2.4046695
1752.4889,-1188.3073,-2.457008
1751.2506,-1189.3182,-2.5084553
1749.9664,-1190.2583,-2.5605938
1748.6415,-1191.1274,-2.6127853
1747.2731,-1191.9264,-2.6656973
1745.8665,-1192.6508,-2.719217
1744.4242,-1193.3037,-2.7703474
1742.9384,-1193.8799,-2.8210385
1741.4371,-1194.3787,-2.871021
1739.9064,-1194.8053,-2.918035
1738.35,-1195.1569,-2.9702125
1736.7859,-1195.4277,-3.0199223
1735.2184,-1195.6187,-3.069317
1733.6221,-1195.741,-3.1152282
1731.997,-1195.781,3.115023
1730.3784,-1195.7361,3.0601728
1728.7631,-1195.6042,3.0005052
1727.1724,-1195.3827,2.9517343
1725.605,-1195.0795,2.9079368
1724.0643,-1194.711,2.8641276
1722.5461,-1194.2766,2.818
1721.0435,-1193.77,2.76511
1719.5634,-1193.1875,2.7110643
1718.1095,-1192.5219,2.659876
1716.6989,-1191.785,2.6125908
1715.3207,-1190.9834,2.5710816
1713.9725,-1190.1184,2.5298698
1712.6609,-1189.1986,2.4895787
1711.3761,-1188.2195,2.4471138
1710.134,-1187.1838,2.4040985
1708.9354,-1186.0952,2.3605509
1707.7799,-1184.9504,2.3156395
1706.673,-1183.7507,2.2698386
1705.614,-1182.4911,2.2215073
1704.6107,-1181.1749,2.1706877
1703.6609,-1179.794,2.1202176
1702.7706,-1178.3428,2.066209
1701.957,-1176.8375,2.0108783
1701.223,-1175.2826,1.955127
1700.5662,-1173.6613,1.8973238
1700.0084,-1172.0232,1.8400314
1699.5349,-1170.3148,1.7797816
1699.1614,-1168.5673,1.7195117
1698.8926,-1166.7871,1.6593306
1698.7292,-1164.9735,1.5992444
1698.6732,-1163.126,1.5384387
1698.7322,-1161.284,1.4742221
1698.9111,-1159.4305,1.4104483
1699.2102,-1157.5936,1.3450396
1699.6233,-1155.7902,1.2830366
1700.1525,-1153.9906,1.2204611
1700.7974,-1152.2219,1.1551389
1701.5618,-1150.4778,1.0931767
1702.4508,-1148.7683,1.0237578
1703.4554,-1147.122,0.9594248
1704.5107,-1145.6134,0.9003914
1705.6865,-1144.1321,0.8371027
