predicted_x,predicted_y,predicted_theta
0.011762168,1.9126949,1.5610769
0.019344991,2.630657,1.5017748
0.060686193,3.2389848,1.4475948
0.124926515,3.757767,1.3968172
0.19764902,4.1757565,1.3509198
0.27526662,4.5254307,1.3075001
0.37054682,4.882794,1.2648914
0.48464474,5.244813,1.2251412
0.61306936,5.6000185,1.184352
0.74938655,5.9346986,1.1432045
0.89558786,6.2568336,1.1039958
1.0507771,6.566404,1.0695411
1.2376379,6.9106574,1.0394878
1.431636,7.241167,1.015667
1.6237437,7.5503926,0.99101853
1.8024995,7.8226123,0.96530336
1.9712137,8.067401,0.9406205
2.1386726,8.297904,0.91987246
2.303827,8.515277,0.902421
2.4652498,8.719993,0.88647646
2.6425545,8.937472,0.8704001
2.831605,9.161638,0.855664
3.033515,9.393879,0.8409429
3.2517807,9.637251,0.8246596
3.4670901,9.869492,0.80619645
3.6783323,10.088585,0.7822478
3.8943653,10.302561,0.7528078
4.1473804,10.539549,0.7177438
4.424094,10.781287,0.6791649
4.726651,11.0260515,0.6377917
5.0624485,11.275843,0.5944256
5.4468217,11.537686,0.55063564
5.8995895,11.818287,0.50678146
6.393953,12.093983,0.4636963
6.9466915,12.371638,0.41996554
7.548534,12.6419,0.37941325
8.214881,12.909091,0.34463444
8.940986,13.170859,0.31719232
9.715976,13.425465,0.29537237
10.531335,13.673321,0.2756843
11.386669,13.915056,0.25815085
12.26633,14.147632,0.24396223
13.171913,14.372572,0.23149176
14.12404,14.596382,0.2200333
15.123573,14.819109,0.2104977
16.18565,15.044907,0.20207196
17.266651,15.266048,0.19591685
18.368994,15.48411,0.18902129
19.488022,15.698232,0.18257195
20.63732,15.909506,0.17642207
21.821648,16.119593,0.16944917
23.019592,16.324219,0.16230562
24.234783,16.522495,0.15430723
25.452662,16.712336,0.14672387
26.712976,16.897501,0.13909347
28.003344,17.07818,0.13300197
29.32071,17.253756,0.12838978
30.662281,17.42592,0.122932866
32.020348,17.593794,0.117651835
33.412693,17.756668,0.11170725
34.8147,17.913511,0.104138024
36.214382,18.059683,0.09604466
37.595856,18.19234,0.08617055
38.932217,18.30807,0.07330815
40.24965,18.405123,0.056707535
41.561535,18.478996,0.037567206
42.91538,18.526491,0.01322697
44.326107,18.542074,-0.012736731
45.739914,18.521387,-0.040852677
47.13815,18.46392,-0.07632125
48.39593,18.378132,-0.11010816
49.561424,18.257448,-0.16135313
50.63086,18.091621,-0.2087698
51.659348,17.87357,-0.26838788
52.616344,17.62449,-0.29717845
53.414963,17.39245,-0.35269007
54.10826,17.14547,-0.40680826
54.761765,16.861656,-0.46939713
55.366165,16.563992,-0.5033584
55.99988,16.186052,-0.6548234
57.027866,15.352918,-0.67813295
58.20498,14.386814,-0.6571548
59.46028,13.368215,-0.69627565
60.816093,12.225515,-0.6871792
62.216652,11.024264,-0.72042817
63.711338,9.654627,-0.73275095
65.2676,8.23814,-0.7295135
66.84347,6.79045,-0.76023066
68.42483,5.26192,-0.773055
69.96095,3.9329343,-0.74826396
71.401566,2.5508604,-0.82538915
72.80745,0.9760398,-0.84547067
74.23102,-0.703474,-0.85741943
75.68602,-2.4459655,-0.86237794
77.17548,-4.2300253,-0.8512151
78.71578,-6.003696,-0.82156134
80.32561,-7.6995425,-0.7780952
81.97073,-9.271961,-0.7405423
83.62273,-10.729312,-0.7109643
85.279,-12.13294,-0.6872798
86.74619,-12.535113,-0.47492933
87.656975,-12.6562805,-0.47213802
88.27448,-12.966039,-0.5916571
89.170876,-13.676169,-0.6958756
90.28877,-14.678598,-0.6254807
91.55883,-15.6449995,-0.61653554
93.0296,-16.864016,-0.6827242
94.7335,-18.53913,-0.69443995
96.60097,-20.136986,-0.5917182
98.590576,-21.482403,-0.5714251
100.60499,-22.786123,-0.57136595
102.62977,-24.09817,-0.57380444
104.64267,-25.370121,-0.5668049
106.64482,-26.63129,-0.57247365
108.63181,-27.918556,-0.5861917
110.599205,-29.208788,-0.59367573
112.55104,-30.515047,-0.6058153
114.48229,-31.879927,-0.6281487
116.3922,-33.252304,-0.64055943
118.27901,-34.661644,-0.6576502
120.15134,-36.139637,-0.67581093
122.016235,-37.680225,-0.68990654
123.88451,-39.243134,-0.69333553
125.76096,-40.815376,-0.69118416
127.65149,-42.43575,-0.6941131
129.56415,-44.020897,-0.6860906
131.48184,-45.58425,-0.682558
133.40665,-47.172276,-0.6860127
135.33978,-48.831097,-0.6989309
137.28868,-50.43797,-0.6919185
139.22446,-51.989853,-0.6945629
141.1267,-53.564796,-0.7110366
142.99818,-55.18086,-0.7278999
144.85141,-56.805042,-0.73604494
146.66687,-58.414898,-0.7445424
148.464,-60.128635,-0.7703005
150.2316,-61.885685,-0.7821719
152.0053,-63.665558,-0.7854653
153.7796,-65.44101,-0.78910947
155.54718,-67.219826,-0.8005038
157.28609,-69.00908,-0.81217724
159.0092,-70.82266,-0.8231082
160.72025,-72.66251,-0.83229214
162.39694,-74.48934,-0.8385734
164.06271,-76.32621,-0.84905916
165.7059,-78.143906,-0.8556126
167.31906,-79.9507,-0.8645084
168.90372,-81.76181,-0.87264204
170.45856,-83.562805,-0.8764277
171.98495,-85.41101,-0.8868068
173.49413,-87.335495,-0.900953
175.00034,-89.270706,-0.9038085
176.5109,-91.22207,-0.90940356
178.0247,-93.11093,-0.90975183
179.52095,-94.98624,-0.9216751
180.97932,-96.8395,-0.9349659
182.392,-98.708885,-0.95404154
183.7587,-100.61515,-0.9748939
185.07028,-102.58586,-0.99854
186.34508,-104.59311,-1.0190904
187.58858,-106.59491,-1.0361933
188.7989,-108.59601,-1.0550033
189.9642,-110.60372,-1.0775567
191.06363,-112.684875,-1.1072712
192.10564,-114.84973,-1.1347255
193.0822,-117.041405,-1.1588786
194.02147,-119.28174,-1.182429
194.93167,-121.531334,-1.2020732
195.7943,-123.8053,-1.2229913
196.60336,-126.13306,-1.2469056
197.36401,-128.49217,-1.2679716
198.10716,-130.85857,-1.2830428
198.81212,-133.19763,-1.3020732
199.44463,-135.5952,-1.333481
199.98639,-138.06363,-1.3647548
200.47755,-140.55646,-1.3876544
200.92929,-143.06625,-1.4111326
201.3321,-145.57231,-1.4331899
201.69862,-148.0735,-1.453395
202.00711,-150.55301,-1.4855741
202.25877,-153.0157,-1.5157754
202.43219,-155.46317,-1.5481229
202.49707,-157.92491,-1.5826521
202.4466,-160.41669,-1.6132064
202.2322,-162.99472,-1.6489636
201.95308,-165.59239,-1.6674038
201.61488,-168.22389,-1.6873478
201.24727,-170.86647,-1.706263
200.79822,-173.54549,-1.7348943
200.28694,-176.23955,-1.7633582
199.7738,-178.89612,-1.7812448
199.12917,-181.58989,-1.8123797
198.44902,-184.26515,-1.8307407
198.02303,-186.78815,-1.8079828
197.58717,-189.23653,-1.8146766
196.94193,-191.69104,-1.8511686
196.2184,-194.14879,-1.8640872
195.44626,-196.62195,-1.8744991
194.7454,-199.0467,-1.864404
193.86847,-201.56679,-1.8960955
193.00465,-204.10307,-1.8738313
192.34671,-206.56505,-1.8383689
191.68095,-209.01949,-1.8424275
191.016,-211.45906,-1.8355057
190.29062,-213.95363,-1.8397582
189.5134,-216.5188,-1.8422306
188.76495,-219.12186,-1.8295026
188.15677,-221.65398,-1.8023584
187.66913,-223.99106,-1.7798358
187.22339,-226.1284,-1.7666461
186.78465,-228.30357,-1.7569067
186.33345,-230.70258,-1.7479951
185.87236,-233.28398,-1.7406207
185.41196,-235.95197,-1.7373375
184.96445,-238.59871,-1.7388402
184.53493,-241.04366,-1.7488339
184.18372,-242.94426,-1.7519166
183.84389,-244.83861,-1.7490286
183.43204,-247.16872,-1.756639
182.95995,-249.7099,-1.766476
182.44331,-252.29117,-1.780804
181.933,-254.6432,-1.7930188
181.45961,-256.7105,-1.7947726
180.97438,-258.89163,-1.7942802
180.40514,-261.40442,-1.8080547
179.7968,-263.9005,-1.8261738
179.18529,-266.25146,-1.8332132
178.52473,-268.72623,-1.8450427
177.82047,-271.22266,-1.8587344
177.10222,-273.64053,-1.8707496
176.3838,-275.95602,-1.8790063
175.67728,-278.1573,-1.8875307
175.00125,-280.2072,-1.8936911
174.34485,-282.16562,-1.8981496
173.67148,-284.16055,-1.8999245
172.93274,-286.3351,-1.9059389
172.13872,-288.61404,-1.9162571
171.32338,-290.88654,-1.9244846
170.46565,-293.23047,-1.9291027
169.53984,-295.70615,-1.9371169
168.5883,-298.18762,-1.9452455
167.61577,-300.6645,-1.9525318
166.63014,-303.11963,-1.95867
165.63646,-305.5486,-1.9649711
164.63312,-307.95694,-1.9722986
163.60625,-310.38364,-1.9789568
162.54686,-312.83835,-1.9846668
161.46935,-315.2992,-1.9874947
160.3717,-317.78094,-1.9892445
159.27182,-320.2569,-1.989761
158.16725,-322.73877,-1.9893359
157.05942,-325.22766,-1.9893191
155.9644,-327.6909,-1.9887339
154.87503,-330.14868,-1.9862787
153.7862,-332.61823,-1.9827583
152.70981,-335.08252,-1.9786168
151.64485,-337.54733,-1.9742957
150.58821,-340.02203,-1.97011
149.54846,-342.4823,-1.9668419
148.54774,-344.87067,-1.9648116
147.59201,-347.16672,-1.9633702
146.6375,-349.48013,-1.9600109
145.63976,-351.9154,-1.9562958
144.6529,-354.3473,-1.9518489
143.65233,-356.84647,-1.9475332
142.66766,-359.33105,-1.9439291
141.71211,-361.77383,-1.9399871
140.74828,-364.26147,-1.9374278
139.81781,-366.68097,-1.9354419
138.91222,-369.05414,-1.9331076
138.01158,-371.42978,-1.9308325
137.13712,-373.74887,-1.9288278
136.29507,-375.99857,-1.9264627
135.45854,-378.24988,-1.9244831
134.6231,-380.51367,-1.9224473
133.77269,-382.83408,-1.9203625
132.8935,-385.24646,-1.9189713
131.96858,-387.7977,-1.9193223
131.02274,-390.4012,-1.9205565
130.06802,-393.01797,-1.9223672
129.1068,-395.63754,-1.9244497
128.14325,-398.24997,-1.9262059
127.17639,-400.8557,-1.9271834
126.1998,-403.47928,-1.9283676
125.21671,-406.10962,-1.9300413
124.23724,-408.71765,-1.9312857
123.261375,-411.30612,-1.932257
122.2864,-413.88535,-1.9329088
121.307045,-416.47324,-1.9331974
120.32562,-419.06024,-1.9333793
119.342354,-421.6501,-1.9343164
118.35474,-424.24628,-1.9356866
117.360115,-426.85037,-1.9371797
116.36272,-429.4498,-1.9386259
115.36576,-432.03595,-1.9399327
114.36722,-434.61673,-1.9412637
113.363464,-437.20157,-1.9426636
112.34993,-439.8013,-1.9440343
111.33143,-442.40244,-1.9453653
110.31095,-444.998,-1.9466816
109.29314,-447.57755,-1.9475995
108.275856,-450.1475,-1.9484953
107.254906,-452.72095,-1.9495398
106.23673,-455.28275,-1.9496503
105.21632,-457.8454,-1.9492658
104.19612,-460.41147,-1.9490811
103.17286,-462.98495,-1.9492313
102.15157,-465.55338,-1.9495507
101.12547,-468.1329,-1.9497677
100.09466,-470.71976,-1.9504638
99.06291,-473.30386,-1.9517274
98.03623,-475.86786,-1.9528311
97.00616,-478.43378,-1.9533308
95.96861,-481.0135,-1.9535788
94.92126,-483.61456,-1.9539596
93.8754,-486.21002,-1.9542412
92.83483,-488.78885,-1.9542062
91.787735,-491.38614,-1.9538354
90.76179,-493.93237,-1.9533848
89.72738,-496.5032,-1.9528055
88.69459,-499.07227,-1.9525223
87.66132,-501.64633,-1.9524919
86.62633,-504.22388,-1.9527472
85.592125,-506.7979,-1.9533156
84.553955,-509.3767,-1.9544178
83.51744,-511.94623,-1.9552989
82.47894,-514.5127,-1.9558574
81.43838,-517.08044,-1.9564134
80.39161,-519.65967,-1.9569075
79.33789,-522.25165,-1.9574863
78.28047,-524.848,-1.9582942
77.22199,-527.4444,-1.95853
76.1699,-530.02045,-1.9581904
75.12188,-532.5898,-1.9576452
74.07644,-535.15717,-1.9566712
73.03491,-537.72125,-1.9554423
71.99647,-540.2884,-1.9537343
70.96513,-542.8483,-1.9517628
69.941154,-545.40424,-1.9498829
68.92552,-547.95435,-1.9479036
67.91363,-550.5087,-1.9458953
66.90991,-553.0583,-1.9438804
65.90731,-555.62225,-1.9414672
64.91271,-558.1819,-1.9384887
63.926044,-560.7437,-1.9353223
62.938168,-563.33356,-1.9322159
61.95082,-565.94525,-1.9293911
60.973118,-568.55316,-1.926731
60.009705,-571.1439,-1.9241934
59.065617,-573.70514,-1.9211841
58.129566,-576.26605,-1.9177986
57.20072,-578.8347,-1.9146223
56.282433,-581.39764,-1.9116565
55.37141,-583.966,-1.90887
54.4633,-586.54834,-1.9063932
53.56342,-589.12964,-1.9038304
52.67707,-591.692,-1.900779
51.800003,-594.25073,-1.8979449
50.928818,-596.8164,-1.8958205
50.060097,-599.39325,-1.8941966
49.195618,-601.97284,-1.892754
48.33391,-604.5549,-1.8915188
47.477997,-607.1285,-1.8908687
46.62254,-609.71106,-1.890335
45.771782,-612.2824,-1.8894984
44.926937,-614.8409,-1.8887936
44.080864,-617.41003,-1.8886527
43.235477,-619.9801,-1.8886393
42.400505,-622.5167,-1.8884641
41.57251,-625.0401,-1.8870357
40.73852,-627.5899,-1.8851212
39.902485,-630.1611,-1.8834382
39.06114,-632.7585,-1.8830284
38.209427,-635.3919,-1.8847123
37.3513,-638.0351,-1.8874756
36.488754,-640.6644,-1.8903875
35.617165,-643.2966,-1.8941072
34.736053,-645.9271,-1.8979359
33.841835,-648.56213,-1.901784
32.93142,-651.2117,-1.9061519
32.006348,-653.86786,-1.910291
31.071646,-656.5169,-1.9137117
30.132328,-659.1483,-1.9163383
29.18992,-661.7674,-1.9184408
28.246023,-664.3709,-1.9205104
27.302244,-666.95856,-1.9225044
26.353268,-669.5452,-1.9243495
25.39171,-672.1497,-1.9266795
24.417582,-674.77045,-1.9294246
23.438858,-677.38403,-1.9316367
22.458174,-679.9798,-1.9338566
21.473553,-682.56793,-1.9371735
20.472347,-685.1776,-1.9414533
19.456594,-687.7933,-1.9454435
18.436876,-690.3895,-1.94832
17.416502,-692.9631,-1.9502726
16.38598,-695.5505,-1.9515426
15.340869,-698.1629,-1.9524221
14.280182,-700.80524,-1.953752
13.213317,-703.4541,-1.9552312
12.139326,-706.1115,-1.9561926
11.069927,-708.746,-1.9567642
10.016543,-711.3356,-1.9575585
8.961848,-713.92676,-1.9584554
7.9064465,-716.50977,-1.9593512
6.8489623,-719.0949,-1.9600742
5.7798047,-721.7013,-1.961016
4.708804,-724.30383,-1.9621996
3.637351,-726.90137,-1.9632623
2.5644803,-729.49097,-1.964606
1.4965651,-732.0586,-1.9664949
0.426521,-734.6196,-1.9688169
-0.65129954,-737.1845,-1.9709456
-1.74118,-739.7596,-1.9735147
-2.83411,-742.328,-1.9756217
-3.9314559,-744.89044,-1.976816
-5.024606,-747.43353,-1.977349
-6.115876,-749.9666,-1.9780273
-7.212136,-752.5066,-1.9794501
-8.316948,-755.0588,-1.9811445
-9.430009,-757.6179,-1.9827114
-10.551953,-760.18756,-1.9838767
-11.685421,-762.7753,-1.9846907
-12.816454,-765.3504,-1.9850104
-13.936786,-767.8982,-1.9850436
-15.059919,-770.45306,-1.9851023
-16.190042,-773.022,-1.9854741
-17.32006,-775.5884,-1.9862071
-18.443762,-778.1375,-1.9864966
-19.573393,-780.6947,-1.9870949
-20.699638,-783.2424,-1.987772
-21.829071,-785.79236,-1.9884046
-22.95477,-788.3302,-1.988764
-24.07805,-790.8577,-1.9892809
-25.207455,-793.3961,-1.9904422
-26.323631,-795.8919,-1.9930156
-27.411732,-798.31226,-1.9957285
-28.51881,-800.7631,-1.998019
-29.658838,-803.2685,-2.0004096
-30.806538,-805.77216,-2.0029016
-31.965963,-808.2854,-2.0062265
-33.12255,-810.77094,-2.0092702
-34.294216,-813.2705,-2.0124366
-35.489487,-815.79895,-2.0164583
-36.69638,-818.3248,-2.0206726
-37.915005,-820.84894,-2.0248575
-39.149963,-823.3816,-2.0287893
-40.395294,-825.90845,-2.032123
-41.648342,-828.42786,-2.0356104
-42.906204,-830.934,-2.0395677
-44.162205,-833.4136,-2.0434804
-45.417698,-835.8679,-2.0467892
-46.675606,-838.3086,-2.049621
-47.9393,-840.74335,-2.0524247
-49.206497,-843.1682,-2.0544503
-50.478447,-845.58997,-2.0563881
-51.751217,-848.0015,-2.057958
-53.021545,-850.3974,-2.0596733
-54.28498,-852.7706,-2.0612094
-55.557182,-855.15247,-2.062887
-56.811474,-857.4918,-2.0649214
-58.081467,-859.84863,-2.0671275
-59.353718,-862.198,-2.0693839
-60.628284,-864.539,-2.0712092
-61.903625,-866.872,-2.0724778
-63.187714,-869.21313,-2.0738487
-64.48367,-871.5681,-2.0761344
-65.77707,-873.90173,-2.0793905
-67.05951,-876.19763,-2.0831563
-68.29416,-878.3819,-2.087846
-69.48291,-880.4688,-2.0900424
-70.67659,-882.56024,-2.0917659
-71.88716,-884.6667,-2.0951393
-73.08634,-886.7402,-2.0981288
-74.29734,-888.8251,-2.0991223
-75.53095,-890.9422,-2.099231
-76.769295,-893.05566,-2.1011543
-78.00405,-895.1641,-2.103375
-79.28037,-897.33295,-2.107136
-80.56197,-899.48694,-2.1100762
-81.83159,-901.6053,-2.112908
-83.09747,-903.703,-2.117246
-84.334656,-905.7284,-2.1229312
-85.53082,-907.66504,-2.1272967
-86.723625,-909.5831,-2.1310203
-87.944534,-911.52966,-2.1366074
-89.17229,-913.4599,-2.14341
-90.377045,-915.3218,-2.1513813
-91.57556,-917.15405,-2.1562042
-92.83312,-919.05725,-2.1611474
-94.12804,-920.9874,-2.1682076
-95.422485,-922.8889,-2.174771
-96.754585,-924.8271,-2.1804466
-98.18659,-926.88837,-2.186538
-99.711006,-929.04987,-2.1945453
-101.28245,-931.23724,-2.2017016
-102.871155,-933.40857,-2.209837
-104.467926,-935.55695,-2.2178824
-106.08336,-937.70074,-2.224327
-107.73388,-939.86145,-2.2288182
-109.40551,-942.0261,-2.233174
-111.083496,-944.1783,-2.236159
-112.766045,-946.3226,-2.2386224
-114.459694,-948.4693,-2.2416642
-116.13415,-950.5737,-2.2456195
-117.76616,-952.61,-2.248388
-119.40186,-954.64886,-2.2487578
-121.08203,-956.7364,-2.250201
-122.77292,-958.8303,-2.2516062
-124.46795,-960.9249,-2.2522168
-126.1677,-963.0209,-2.2525797
-127.86536,-965.114,-2.252091
-129.57265,-967.2202,-2.2513897
-131.26999,-969.3157,-2.2510328
-132.94302,-971.3828,-2.2496822
-134.60194,-973.437,-2.2483478
-136.2493,-975.4831,-2.2473404
-137.88899,-977.5248,-2.2463531
-139.52557,-979.569,-2.244396
-141.15727,-981.615,-2.2414403
-142.78317,-983.6655,-2.2374327
-144.39352,-985.712,-2.2329307
-145.99785,-987.771,-2.2279973
-147.60097,-989.8501,-2.2228718
-149.20143,-991.94684,-2.2178178
-150.79895,-994.062,-2.2126193
-152.38506,-996.18353,-2.2077813
-153.95512,-998.3043,-2.2030828
-155.5109,-1000.4286,-2.1982012
-157.05624,-1002.55963,-2.1932592
-158.59393,-1004.7018,-2.188497
-160.12791,-1006.862,-2.1840482
-161.65544,-1009.033,-2.1793618
-163.1652,-1011.1985,-2.1746786
-164.65964,-1013.36444,-2.1701856
-166.14136,-1015.53296,-2.1655736
-167.618,-1017.7151,-2.1613576
-169.096,-1019.9206,-2.1576605
-170.56955,-1022.1339,-2.1548758
-172.03296,-1024.3433,-2.1541052
-173.49098,-1026.5486,-2.1555436
-174.9475,-1028.7479,-2.1579723
-176.40408,-1030.9363,-2.1603076
-177.86502,-1033.122,-2.1621203
-179.32536,-1035.2979,-2.1629555
-180.78432,-1037.4694,-2.161968
-182.24614,-1039.649,-2.1603267
-183.7027,-1041.8241,-2.158803
-185.15848,-1044.006,-2.1583393
-186.61607,-1046.1918,-2.1598573
-188.07697,-1048.3751,-2.1631155
-189.54231,-1050.5524,-2.167156
-191.01208,-1052.7191,-2.1702917
-192.4887,-1054.8811,-2.172239
-193.97127,-1057.0428,-2.1732392
-195.46028,-1059.207,-2.1750193
-196.95016,-1061.3657,-2.176588
-198.44318,-1063.5188,-2.1785455
-199.93555,-1065.6625,-2.1810467
-201.43147,-1067.8018,-2.1831431
-202.936,-1069.9453,-2.1862135
-204.44952,-1072.0891,-2.1882484
-205.97165,-1074.2318,-2.1906593
-207.50137,-1076.3765,-2.1931093
-209.04463,-1078.5272,-2.1968637
-210.59497,-1080.6696,-2.201987
-212.15593,-1082.8044,-2.2071927
-213.72649,-1084.9305,-2.2122312
-215.30617,-1087.0477,-2.2161167
-216.89963,-1089.1633,-2.2206602
-218.50095,-1091.2686,-2.2259216
-220.10466,-1093.3541,-2.2311237
-221.7197,-1095.4374,-2.2345781
-223.34972,-1097.5228,-2.2381425
-224.98749,-1099.602,-2.2418392
-226.63278,-1101.6737,-2.245009
-228.28188,-1103.7374,-2.247554
-229.93785,-1105.8005,-2.2495306
-231.59943,-1107.8604,-2.2519672
-233.26584,-1109.9158,-2.2542906
-234.93163,-1111.9603,-2.2561336
-236.59317,-1113.9904,-2.2578115
-238.25127,-1116.0105,-2.2581203
-239.89899,-1118.0155,-2.2582686
-241.53705,-1120.0076,-2.2575598
-243.16704,-1121.9951,-2.2564716
-244.79791,-1123.9886,-2.25604
-246.43814,-1125.9972,-2.255942
-248.08578,-1128.0173,-2.2558458
-249.73938,-1130.0404,-2.2560873
-251.39441,-1132.063,-2.257453
-253.05254,-1134.0874,-2.259001
-254.71396,-1136.1107,-2.2591648
-256.37274,-1138.1267,-2.2581165
-258.07083,-1140.1968,-2.255172
-259.6922,-1142.1843,-2.2547247
-261.35867,-1144.2294,-2.2550526
-263.02524,-1146.2722,-2.2559285
-264.7016,-1148.3215,-2.2571516
-266.36618,-1150.3529,-2.2585773
-268.02643,-1152.3695,-2.2610016
-269.68085,-1154.372,-2.2616467
-271.34903,-1156.3958,-2.2605605
-273.02075,-1158.427,-2.2610054
-274.70944,-1160.4716,-2.261991
-276.40848,-1162.5259,-2.263008
-278.1149,-1164.5847,-2.2669353
-279.8323,-1166.6405,-2.2703662
-281.56052,-1168.697,-2.272341
-283.29562,-1170.7496,-2.2757435
-285.04037,-1172.8031,-2.277624
-286.79477,-1174.8557,-2.281739
-288.55228,-1176.8973,-2.2842078
-290.31555,-1178.9359,-2.2868083
-292.08868,-1180.9768,-2.2879846
-293.87222,-1183.0245,-2.2889264
-295.66086,-1185.072,-2.289742
-297.4541,-1187.119,-2.2915573
-299.24136,-1189.1493,-2.2941473
-301.01913,-1191.1584,-2.2962604
-302.78967,-1193.1536,-2.298208
-304.56,-1195.1459,-2.2975461
-306.34793,-1197.1613,-2.296793
-308.13925,-1199.1804,-2.2966466
-309.9444,-1201.216,-2.2977316
-311.75336,-1203.2489,-2.2995882
-313.57135,-1205.2865,-2.3020504
-315.3993,-1207.3232,-2.3059788
-317.23648,-1209.3566,-2.3090434
-319.08133,-1211.3834,-2.3130338
-320.93317,-1213.4032,-2.3161721
-322.79547,-1215.4248,-2.318832
-324.6825,-1217.4604,-2.3203948
-326.5521,-1219.468,-2.3217144
-328.42996,-1221.4796,-2.3225555
-330.31168,-1223.4915,-2.3242445
-332.1919,-1225.4934,-2.3268857
-334.07693,-1227.4922,-2.3296537
-335.9665,-1229.4828,-2.33387
-337.85587,-1231.4575,-2.3374064
-339.74527,-1233.4144,-2.3416824
-341.63306,-1235.3611,-2.3432941
-343.53445,-1237.3143,-2.3458636
-345.44894,-1239.272,-2.3478222
-347.38104,-1241.2406,-2.3500607
-349.32578,-1243.2096,-2.3532126
-351.27274,-1245.1675,-2.355367
-353.2198,-1247.1174,-2.3569777
-355.16617,-1249.0597,-2.358185
-357.10733,-1250.9921,-2.3585033
-359.04663,-1252.9266,-2.356395
-360.99353,-1254.8717,-2.3558168
-362.939,-1256.8198,-2.3546758
-364.89136,-1258.7797,-2.3545651
-366.84808,-1260.7415,-2.3558333
-368.80316,-1262.6976,-2.3573303
-370.76218,-1264.6533,-2.3583107
-372.7249,-1266.6073,-2.3591962
-374.68307,-1268.5541,-2.3594193
-376.64154,-1270.5004,-2.358372
-378.5897,-1272.4397,-2.355441
-380.52762,-1274.3811,-2.3507607
-382.4649,-1276.3392,-2.347857
-384.39615,-1278.3018,-2.3458183
-386.31894,-1280.2646,-2.3436491
-388.24478,-1282.2389,-2.3430278
-390.17108,-1284.216,-2.3440828
-392.1,-1286.1921,-2.3450885
-394.03333,-1288.1678,-2.3474646
-395.9655,-1290.1299,-2.3509963
-397.87662,-1292.0496,-2.356427
-399.7647,-1293.9347,-2.3588703
-401.66647,-1295.8326,-2.3593814
-403.59314,-1297.752,-2.3620079
-405.54282,-1299.6827,-2.363908
-407.51068,-1301.6222,-2.367087
-409.49603,-1303.5652,-2.3718817
-411.49518,-1305.5018,-2.3779995
-413.50113,-1307.4214,-2.3838074
-415.52155,-1309.3342,-2.389664
-417.55496,-1311.235,-2.3967767
-419.60013,-1313.1205,-2.4038396
-421.66153,-1314.9941,-2.4112115
-423.72998,-1316.8452,-2.4185352
-425.8145,-1318.6849,-2.4256456
-427.91107,-1320.5084,-2.4335265
-430.01828,-1322.3115,-2.4424193
-432.14014,-1324.0952,-2.4502835
-434.27582,-1325.8629,-2.4582632
-436.42462,-1327.6129,-2.4662826
-438.59058,-1329.3485,-2.4735699
-440.76996,-1331.0674,-2.4810836
-442.95633,-1332.7649,-2.4886494
-445.15192,-1334.4438,-2.4960756
-447.3483,-1336.0957,-2.5022168
-449.5369,-1337.7213,-2.5069168
-451.7237,-1339.33,-2.5106096
-453.9061,-1340.9242,-2.5133429
-456.0944,-1342.5128,-2.516982
-458.2805,-1344.0868,-2.521083
-460.46158,-1345.6449,-2.5238264
-462.63556,-1347.1885,-2.5263438
-464.8029,-1348.7195,-2.5276794
-466.9669,-1350.2454,-2.5278573
-469.12494,-1351.765,-2.527764
-471.2706,-1353.2755,-2.5277395
-473.42175,-1354.7928,-2.5271866
-475.60117,-1356.3334,-2.5270088
-477.8042,-1357.889,-2.5283837
-480.0072,-1359.4392,-2.5293746
-482.199,-1360.9768,-2.529869
-484.37143,-1362.5004,-2.5287695
-486.5543,-1364.0355,-2.527854
-488.7397,-1365.5729,-2.529453
-490.92493,-1367.1064,-2.531536
-493.11783,-1368.641,-2.5336103
-495.30927,-1370.1635,-2.536839
-497.48804,-1371.6682,-2.5382426
-499.6744,-1373.1769,-2.5393589
-501.87784,-1374.6918,-2.5418472
-504.08597,-1376.2024,-2.5441208
-506.31046,-1377.718,-2.5467322
-508.54803,-1379.2314,-2.550455
-510.78043,-1380.7288,-2.5538263
-513.0,-1382.2045,-2.5568585
-515.20325,-1383.6614,-2.5572252
-517.4003,-1385.1155,-2.5559874
-519.6044,-1386.5785,-2.55484
-521.8188,-1388.0509,-2.555269
-524.02783,-1389.5182,-2.555214
-526.22455,-1390.9738,-2.5552828
-528.4084,-1392.427,-2.5524771
-530.59406,-1393.8887,-2.5497475
-532.77716,-1395.355,-2.5470722
-534.9524,-1396.8246,-2.5448053
-537.09796,-1398.2756,-2.544246
-539.1985,-1399.703,-2.540027
-541.30164,-1401.1492,-2.534
-543.4203,-1402.6235,-2.5303388
-545.55035,-1404.1173,-2.5275476
-547.69244,-1405.6279,-2.5268657
-549.84283,-1407.1461,-2.52734
-552.00116,-1408.669,-2.5282612
-554.1698,-1410.1979,-2.5293975
-556.3573,-1411.739,-2.5292444
-558.5633,-1413.2917,-2.529034
-560.7719,-1414.8423,-2.5289683
-562.9649,-1416.3799,-2.5294454
-565.13947,-1417.9045,-2.5292804
-567.29474,-1419.4121,-2.5305254
-569.43445,-1420.9105,-2.5301356
-571.57983,-1422.4208,-2.5279715
-573.7413,-1423.9427,-2.5278008
-575.905,-1425.4688,-2.526258
-578.07733,-1427.0061,-2.5255737
-580.25793,-1428.5492,-2.5263822
-582.4375,-1430.0879,-2.528112
-584.6167,-1431.6229,-2.5290117
-586.79767,-1433.1548,-2.5305798
-588.9805,-1434.6843,-2.5321565
-591.166,-1436.21,-2.5335793
-593.3524,-1437.731,-2.5350544
-595.5383,-1439.2482,-2.5358434
-597.7361,-1440.7715,-2.5375288
-599.9363,-1442.2899,-2.539318
-602.13513,-1443.8016,-2.5400653
-604.32996,-1445.306,-2.5408022
-606.522,-1446.8077,-2.5418534
-608.716,-1448.3063,-2.5440485
-610.90405,-1449.7953,-2.5457127
-613.0915,-1451.2786,-2.546362
-615.2759,-1452.7574,-2.5465627
-617.4602,-1454.2356,-2.5462086
-619.6381,-1455.7115,-2.5450745
-621.8142,-1457.1887,-2.5438602
-623.9881,-1458.6671,-2.5431144
-626.15283,-1460.1409,-2.5436146
-628.31366,-1461.6117,-2.544741
-630.465,-1463.0713,-2.5459063
-632.60333,-1464.5164,-2.547501
-634.71783,-1465.9435,-2.546552
-636.8291,-1467.3743,-2.5440674
-638.9409,-1468.8109,-2.542403
-641.0507,-1470.2488,-2.5426216
-643.1479,-1471.6813,-2.5412276
-645.25055,-1473.1211,-2.5410476
-647.3559,-1474.5624,-2.541987
-649.4602,-1476.0018,-2.5427053
-651.5728,-1477.4442,-2.5436435
-653.6907,-1478.8868,-2.5449026
-655.80963,-1480.3256,-2.546659
-657.9276,-1481.7585,-2.5479186
-660.04425,-1483.1873,-2.5488675
-662.157,-1484.6083,-2.548876
-664.25757,-1486.0223,-2.5479214
-666.35895,-1487.4392,-2.5485742
-668.4636,-1488.8563,-2.5512402
-670.56256,-1490.2611,-2.5542047
-672.6566,-1491.6534,-2.5577188
-674.747,-1493.0328,-2.5610447
-676.8325,-1494.3989,-2.5653338
-678.91785,-1495.7505,-2.5712283
-681.00085,-1497.0892,-2.5756724
-683.11237,-1498.4335,-2.58156
-685.23474,-1499.7662,-2.5856287
-687.36865,-1501.0938,-2.5882082
-689.5164,-1502.419,-2.5927713
-691.65967,-1503.7281,-2.5970848
-693.79645,-1505.0189,-2.6021247
-695.92474,-1506.2935,-2.6059413
-698.0726,-1507.5696,-2.611637
-700.232,-1508.8342,-2.6187596
-702.40466,-1510.0858,-2.6251504
-704.56555,-1511.3105,-2.6328783
-706.73474,-1512.5227,-2.6381042
-708.9272,-1513.7305,-2.6462271
-711.1253,-1514.9161,-2.6543472
-713.3189,-1516.0781,-2.6604636
-715.52075,-1517.2275,-2.6676862
-717.73566,-1518.3638,-2.675956
-719.968,-1519.4855,-2.686351
-722.2136,-1520.5841,-2.697599
-724.46643,-1521.6539,-2.7090611
-726.7069,-1522.6871,-2.7180364
-728.95245,-1523.6978,-2.7275703
-731.209,-1524.687,-2.737888
-733.44336,-1525.6392,-2.7489386
-735.6712,-1526.5618,-2.758106
-737.9176,-1527.4636,-2.7708876
-740.134,-1528.3226,-2.7800832
-742.34344,-1529.1583,-2.7891443
-744.57007,-1529.9779,-2.7983754
-746.81305,-1530.7822,-2.8047373
-749.06256,-1531.5698,-2.8129888
-751.3099,-1532.3333,-2.819962
-753.54016,-1533.0728,-2.8272662
-755.75555,-1533.7911,-2.834311
-757.9683,-1534.4883,-2.8443947
-760.15497,-1535.1549,-2.8540297
-762.3345,-1535.7994,-2.8627765
-764.5277,-1536.4254,-2.8725164
-766.6875,-1537.0178,-2.8812706
-768.84625,-1537.5925,-2.8885345
-771.0118,-1538.1517,-2.8984902
-773.18066,-1538.6888,-2.9086213
-775.34503,-1539.2009,-2.9193003
-777.5064,-1539.6876,-2.9295208
-779.65845,-1540.1497,-2.9396493
-781.8002,-1540.5872,-2.9487135
-783.95374,-1541.007,-2.9580748
-786.086,-1541.4001,-2.9687827
-788.21515,-1541.772,-2.9785683
-790.352,-1542.1217,-2.9902132
-792.48047,-1542.4467,-3.0004845
-794.621,-1542.7483,-3.0146024
-796.7482,-1543.0167,-3.0307488
-798.8551,-1543.2472,-3.0473757
-800.9399,-1543.4409,-3.0651526
-803.0029,-1543.5933,-3.086886
-805.031,-1543.702,-3.1062875
-807.05164,-1543.7714,-3.1270044
-809.0614,-1543.7992,-3.1490679
-811.0583,-1543.782,-3.1719368
-813.0375,-1543.7207,-3.1936557
-815.01355,-1543.6177,-3.2153206
-816.98785,-1543.4713,-3.2383187
-818.94995,-1543.2803,-3.2603946
-820.90424,-1543.0463,-3.2837818
-822.8439,-1542.7633,-3.3117254
-824.74194,-1542.4316,-3.3419764
-826.6095,-1542.0498,-3.3747442
-828.4432,-1541.6074,-3.413494
-830.21643,-1541.104,-3.456277
-831.92816,-1540.5419,-3.4999897
-833.59607,-1539.9141,-3.5465744
-835.2225,-1539.2151,-3.5934422
-836.8043,-1538.4457,-3.6399465
-838.33636,-1537.6093,-3.6871407
-839.81757,-1536.7085,-3.733737
-841.24304,-1535.7468,-3.7802684
-842.59674,-1534.7365,-3.824013
-843.879,-1533.6882,-3.8656328
-845.1015,-1532.6046,-3.905548
-846.27,-1531.4817,-3.9456518
-847.3791,-1530.3258,-3.9856768
-848.4248,-1529.1436,-4.0259576
-849.4064,-1527.9401,-4.065467
-850.32074,-1526.721,-4.105355
-851.1764,-1525.4849,-4.1442127
-851.9936,-1524.2104,-4.1822233
-852.77026,-1522.8885,-4.2234716
-853.4953,-1521.5284,-4.264333
-854.1648,-1520.135,-4.306541
-854.77686,-1518.7065,-4.352888
-855.32263,-1517.2495,-4.4035587
-855.7927,-1515.7684,-4.4582114
-856.1779,-1514.2743,-4.515409
-856.4726,-1512.7797,-4.5728836
-856.67975,-1511.2883,-4.62978
-856.8056,-1509.7887,-4.6852684
-856.84796,-1508.2667,-4.744438
-856.79834,-1506.74,-4.806055
-856.6555,-1505.2238,-4.867518
-856.4192,-1503.7261,-4.92974
-856.0949,-1502.2598,-4.9890995
-855.68634,-1500.8203,-5.046082
-855.1962,-1499.4036,-5.1031456
-854.62134,-1498.007,-5.161651
-853.96765,-1496.6497,-5.218703
-853.2372,-1495.3298,-5.2723265
-852.43225,-1494.0449,-5.3265524
-851.55206,-1492.7946,-5.382535
-850.5924,-1491.5825,-5.4412203
-849.5603,-1490.4222,-5.4965305
-848.4519,-1489.3104,-5.554358
-847.2762,-1488.2599,-5.612337
-846.0409,-1487.2781,-5.668701
-844.74805,-1486.3649,-5.7237983
-843.3994,-1485.5173,-5.778745
-841.9895,-1484.7352,-5.8326945
-840.52844,-1484.0275,-5.887601
-839.0242,-1483.397,-5.940205
-837.481,-1482.8463,-5.9952784
-835.9139,-1482.3806,-6.0472245
-834.31726,-1481.9958,-6.100057
-832.7046,-1481.6985,-6.152369
-831.08856,-1481.4849,-6.201029
-829.45966,-1481.3496,-6.2489266
-827.82153,-1481.2933,-6.2970033
-826.176,-1481.3151,-6.345646
-824.5293,-1481.4182,-6.395265
-822.89874,-1481.6028,-6.44442
-821.28564,-1481.866,-6.492852
-819.6954,-1482.2051,-6.5405936
-818.12085,-1482.6191,-6.5879097
-816.55853,-1483.109,-6.6361327
-815.0161,-1483.6771,-6.6860595
-813.5028,-1484.3218,-6.7358475
-812.0183,-1485.042,-6.785536
-810.56226,-1485.8411,-6.836691
-809.1448,-1486.7164,-6.888548
-807.77344,-1487.6659,-6.941269
-806.4587,-1488.6831,-6.9942546
-805.2066,-1489.764,-7.0465417
-804.0174,-1490.9025,-7.0975375
-802.8878,-1492.1001,-7.1494985
-801.82666,-1493.3505,-7.202452
-800.8367,-1494.6515,-7.2561646
-799.91956,-1495.9999,-7.3108034
-799.0718,-1497.4022,-7.3682885
-798.3012,-1498.8605,-7.427773
-797.6155,-1500.3671,-7.487469
-797.01776,-1501.9221,-7.548472
-796.51685,-1503.5109,-7.6096015
-796.11633,-1505.1244,-7.6713877
-795.8142,-1506.754,-7.731487
-795.60956,-1508.4102,-7.794459
-795.5111,-1510.0768,-7.8582764
-795.51984,-1511.7405,-7.923141
-795.6322,-1513.4025,-7.985337
-795.85046,-1515.0693,-8.049214
-796.1773,-1516.7286,-8.112287
-796.6082,-1518.3694,-8.172996
-797.14374,-1519.9915,-8.234777
-797.777,-1521.5739,-8.293778
-798.5006,-1523.1116,-8.351919
-799.3113,-1524.608,-8.406606
-800.21234,-1526.07,-8.4642315
-801.1988,-1527.4829,-8.521086
-802.2684,-1528.8424,-8.578142
-803.4166,-1530.1394,-8.636239
-804.6342,-1531.3655,-8.692964
-805.92365,-1532.5286,-8.7469425
-807.2986,-1533.643,-8.801021
-808.7622,-1534.6964,-8.860794
-810.28674,-1535.6642,-8.9157295
-811.88025,-1536.5542,-8.974556
-813.5217,-1537.348,-9.031408
-815.20465,-1538.0463,-9.087353
-816.9255,-1538.6501,-9.143789
-818.68286,-1539.1569,-9.202155
-820.45807,-1539.5576,-9.260053
-822.2461,-1539.8541,-9.317185
-824.0475,-1540.0498,-9.374111
-825.86914,-1540.142,-9.434055
-827.6902,-1540.1244,-9.494145
-829.4951,-1539.9966,-9.554634
-831.2736,-1539.7626,-9.6134615
-833.0264,-1539.4285,-9.671
-834.76526,-1538.9915,-9.730439
-836.4809,-1538.453,-9.788162
-838.18396,-1537.805,-9.851227
-839.82886,-1537.0565,-9.911626
-841.4228,-1536.2141,-9.96895
-842.97394,-1535.2745,-10.030264
-844.4628,-1534.2451,-10.089524
-845.89465,-1533.1233,-10.151293
-847.2538,-1531.9146,-10.213248
-848.5321,-1530.6298,-10.272656
-849.7408,-1529.2599,-10.3351965
-850.8562,-1527.8217,-10.398059
-851.87225,-1526.3251,-10.461256
-852.78723,-1524.778,-10.521854
-853.6032,-1523.1838,-10.583401
-854.3175,-1521.5504,-10.643084
-854.93787,-1519.8707,-10.7015915
-855.4639,-1518.1366,-10.763266
-855.8827,-1516.3676,-10.826816
-856.1868,-1514.5748,-10.890149
-856.37427,-1512.7856,-10.952178
-856.45013,-1511.0024,-11.012443
-856.4196,-1509.2238,-11.072551
-856.2827,-1507.4548,-11.132699
-856.03925,-1505.7006,-11.193745
-855.6934,-1503.9838,-11.251993
-855.24945,-1502.2942,-11.30938
-854.7119,-1500.6416,-11.366626
-854.0833,-1499.031,-11.423908
-853.3703,-1497.4764,-11.480577
-852.57965,-1495.9822,-11.536663
-851.71545,-1494.5483,-11.591279
-850.7817,-1493.173,-11.645982
-849.77716,-1491.8535,-11.700077
-848.7054,-1490.5935,-11.754521
-847.5681,-1489.3956,-11.808551
-846.37537,-1488.2688,-11.861836
-845.1328,-1487.2135,-11.913891
-843.8423,-1486.2286,-11.96565
-842.509,-1485.315,-12.015571
-841.13116,-1484.4683,-12.064338
-839.7104,-1483.6874,-12.113939
-838.2444,-1482.9755,-12.16569
-836.752,-1482.344,-12.216413
-835.23315,-1481.7903,-12.267552
-833.6865,-1481.315,-12.32041
-832.1248,-1480.9237,-12.372941
-830.5533,-1480.6183,-12.426819
-828.97266,-1480.3975,-12.481918
-827.3869,-1480.2634,-12.537454
-825.79803,-1480.2179,-12.593153
-824.2109,-1480.2594,-12.647823
-822.62195,-1480.388,-12.700858
-821.0385,-1480.6012,-12.753197
-819.4677,-1480.898,-12.804645
-817.9217,-1481.2754,-12.856783
-816.4037,-1481.73,-12.908975
-814.9114,-1482.2628,-12.961886
-813.4515,-1482.873,-13.015407
-812.02325,-1483.5564,-13.066537
-810.62585,-1484.3225,-13.1172285
-809.2777,-1485.1503,-13.167212
-807.9658,-1486.047,-13.214226
-806.6948,-1487.0117,-13.266403
-805.48065,-1488.0343,-13.316113
-804.3254,-1489.1108,-13.365509
-803.20416,-1490.2537,-13.41142
-802.1273,-1491.4714,-13.4643545
-801.11975,-1492.739,-13.519205
-800.1808,-1494.06,-13.578873
-799.3264,-1495.42,-13.627644
-798.54956,-1496.8147,-13.671441
-797.83966,-1498.2307,-13.715251
-797.19476,-1499.6721,-13.761378
-796.6151,-1501.1482,-13.814269
-796.1081,-1502.6556,-13.868315
-795.6815,-1504.1965,-13.919503
-795.3372,-1505.7504,-13.966788
-795.06354,-1507.3209,-14.008297
-794.85767,-1508.9094,-14.049509
-794.71716,-1510.5054,-14.0898
-794.63934,-1512.1189,-14.132264
-794.6322,-1513.7361,-14.175279
-794.6937,-1515.3541,-14.218826
-794.82587,-1516.9752,-14.263738
-795.0314,-1518.5946,-14.309539
-795.31366,-1520.2158,-14.357871
-795.675,-1521.8309,-14.40869
-796.12024,-1523.4469,-14.459161
-796.6578,-1525.0623,-14.513169
-797.2859,-1526.6539,-14.5685
-798.0033,-1528.2167,-14.624251
-798.82117,-1529.7631,-14.682055
-799.71564,-1531.2443,-14.739347
-800.7181,-1532.7064,-14.799597
-801.81494,-1534.1172,-14.859866
-803.00415,-1535.4689,-14.920047
-804.28687,-1536.7614,-14.980133
-805.6646,-1537.9935,-15.040938
-807.1121,-1539.1342,-15.105155
-808.6457,-1540.1904,-15.168928
-810.2439,-1541.144,-15.234337
-811.88995,-1541.9889,-15.29634
-813.6076,-1542.7424,-15.358915
-815.3763,-1543.3875,-15.424237
-817.2031,-1543.9254,-15.486199
-819.0837,-1544.3455,-15.555618
-820.9902,-1544.6366,-15.619952
-822.8239,-1544.8002,-15.678986
-824.71436,-1544.854,-15.742274
