predicted_x,predicted_y,predicted_theta
0.002650019,0.9012305,1.5716522
0.0024532902,0.97152126,1.5712006
0.0024014926,0.9916186,1.5725516
0.0023474789,1.0197746,1.5753845
0.0021696568,1.0628374,1.5785284
0.0017680441,1.1160473,1.5818537
0.0011133014,1.1764661,1.5852648
8.94923e-05,1.2498816,1.588701
-0.0014224827,1.3386502,1.5915486
-0.0033880153,1.436067,1.5937467
-0.005423107,1.5229267,1.5955925
-0.007574428,1.6116918,1.5965782
-0.011029641,1.7500249,1.5989318
-0.015945,1.9268941,1.6029179
-0.02143676,2.0953648,1.607242
-0.027269453,2.2581558,1.609864
-0.034119315,2.4345124,1.612938
-0.041823775,2.6181662,1.6160169
-0.051532406,2.8419263,1.617943
-0.06285475,3.0816376,1.6211023
-0.07338044,3.2868922,1.6234694
-0.083370976,3.4792495,1.6234406
-0.09358043,3.6730344,1.6230837
-0.10507512,3.894609,1.6227291
-0.11946753,4.1751914,1.6233616
-0.13687137,4.5090256,1.6246628
-0.15620801,4.8687468,1.6266388
-0.17657405,5.2332373,1.6286861
-0.19905365,5.623303,1.6308024
-0.22425872,6.041115,1.634277
-0.25179598,6.4746656,1.6384213
-0.2848904,6.9721093,1.6417537
-0.32285285,7.507922,1.6448166
-0.36372912,8.058649,1.6480064
-0.4080106,8.632171,1.651154
-0.45550314,9.220029,1.654647
-0.5046206,9.802811,1.6586165
-0.5481187,10.295969,1.6624103
-0.58756685,10.725338,1.6661323
-0.62377083,11.105354,1.6694169
-0.65791464,11.4506,1.6725575
-0.6916885,11.7804985,1.67614
-0.72897905,12.132115,1.6804779
-0.774408,12.5443,1.6851736
-0.8288987,13.019646,1.6892685
-0.8874214,13.512446,1.6925584
-0.9522568,14.043033,1.6955013
-1.0257988,14.6288595,1.6987629
-1.1075867,15.264332,1.7027477
-1.1945418,15.916792,1.7082953
-1.2826298,16.553644,1.714163
-1.3744136,17.192104,1.7189784
-1.4686339,17.825487,1.7225676
-1.5647548,18.454548,1.7254082
-1.665424,19.10394,1.7271589
-1.7701396,19.769682,1.7284012
-1.8777742,20.447716,1.729757
-1.9924858,21.164486,1.7318127
-2.1140354,21.916744,1.7347709
-2.2366424,22.657112,1.7385318
-2.364922,23.416975,1.7420881
-2.4849093,24.11029,1.7445071
-2.6119561,24.835066,1.7464529
-2.7475345,25.598158,1.7490208
-2.8908937,26.39223,1.7524738
-3.0399964,27.202517,1.756556
-3.193699,28.022207,1.7601479
-3.347314,28.82479,1.7631049
-3.4979208,29.599806,1.7654241
-3.6533904,30.387215,1.7680259
-3.8026373,31.134092,1.7706795
-3.9439652,31.831566,1.7731154
-4.087616,32.533173,1.7749639
-4.232944,33.234062,1.7769743
-4.3787217,33.92936,1.7798079
-4.517295,34.580784,1.7832485
-4.6590014,35.236736,1.7870177
-4.809361,35.92158,1.7912248
-4.965932,36.621044,1.7956678
-5.1223826,37.304535,1.8002478
-5.2787123,37.9736,1.8045708
-5.4299645,38.608036,1.8083637
-5.5779653,39.21801,1.811986
-5.7267528,39.81996,1.8168749
-5.881444,40.434387,1.8232654
-6.031231,41.013935,1.8300954
-6.1772943,41.56429,1.8363
-6.326067,42.111465,1.8420764
-6.4774294,42.65641,1.847261
-6.631547,43.20129,1.851005
-6.787159,43.74347,1.8530791
-6.931836,44.241226,1.8544413
-7.064907,44.696537,1.8544371
-7.191686,45.130085,1.8533593
-7.3215003,45.57714,1.8520755
-7.4463935,46.008896,1.8515847
-7.5684643,46.431732,1.8504318
-7.679532,46.81672,1.8493229
-7.786736,47.19094,1.8474398
-2.633075,95.26298,1.626174
-2.6613739,95.77122,1.6234807
-2.6840575,96.19331,1.6212908
-2.7033668,96.56736,1.6197042
-2.7195365,96.88735,1.619377
-2.7312143,97.11839,1.6194742
-2.7384608,97.26683,1.6184504
-2.7424428,97.35115,1.6166953
-2.7439222,97.384056,1.614521
-2.7437623,97.38093,1.6118937
-2.7428594,97.359055,1.6083156
-2.7419693,97.33523,1.6036566
-2.7409418,97.30424,1.5984334
-2.7396193,97.257225,1.5934129
-2.738004,97.18869,1.5897429
-2.7359607,97.08528,1.5873886
-2.7335076,96.94416,1.5862479
-2.7310135,96.78146,1.5850405
-2.7283614,96.59826,1.5838784
-2.7254984,96.386314,1.5831492
-2.7235482,96.13208,1.5755427
-2.7241635,95.85291,1.5574874
-2.7302923,95.57653,1.5274156
-2.7441003,95.301254,1.4883286
-2.7628572,95.09301,1.4421026
-2.7782862,94.976234,1.3946658
-2.7876358,94.92715,1.342799
-2.790526,94.91519,1.2900262
-2.7817686,94.94612,1.2402507
-2.7522962,95.03288,1.1944126
-2.6964042,95.17522,1.1507113
-2.6071143,95.37751,1.1158075
-2.483502,95.63129,1.0890731
-2.3434706,95.89981,1.0680707
-2.2048695,96.15285,1.050038
-2.0596676,96.4058,1.0342917
-1.907947,96.66024,1.0153602
-1.7504592,96.91071,0.98554254
-1.6008118,97.13496,0.94422853
-1.4523892,97.340164,0.8995638
-1.2823004,97.55591,0.86002684
-1.0729167,97.80024,0.8307781
-0.83189297,98.063576,0.8049128
-0.56667835,98.33856,0.7752448
-0.2664451,98.6334,0.74603117
0.060559683,98.9359,0.7194759
0.39949524,99.23256,0.6925808
0.73213667,99.50955,0.6688461
1.0594398,99.76793,0.64639986
1.3955756,100.02055,0.6201309
1.7401267,100.26677,0.5924164
2.088164,100.50217,0.56879205
2.4500637,100.734215,0.5489411
2.8314555,100.967674,0.5299563
3.220717,101.19457,0.507437
3.62228,101.41875,0.48525152
4.0281215,101.63376,0.46741897
4.4524484,101.84908,0.4539309
4.8531976,102.042305,0.4365601
5.219551,102.21333,0.41875333
5.5735555,102.371376,0.404113
5.928402,102.522964,0.39007774
6.3274074,102.68826,0.37811673
6.73088,102.848076,0.36636916
7.14497,103.00758,0.35592648
7.5711884,103.16652,0.34749815
8.002177,103.32315,0.34159455
8.466787,103.48912,0.33810923
8.987484,103.672966,0.33648217
9.5048065,103.85376,0.33491006
9.999551,104.02597,0.33409426
10.459602,104.18557,0.33391365
10.891221,104.335236,0.33433443
11.297517,104.47632,0.33507133
11.7031765,104.61735,0.33528894
12.119915,104.76241,0.33435658
12.559661,104.91524,0.33307195
13.001629,105.06818,0.33194754
13.430464,105.21629,0.33186737
13.846443,105.35935,0.3313565
14.256739,105.50037,0.3298437
14.700573,105.65157,0.325381
15.152097,105.80373,0.31870654
15.611256,105.954765,0.31012696
16.043756,106.092896,0.29960728
16.465645,106.22196,0.28476992
16.856882,106.33551,0.26463807
17.251442,106.44347,0.24576013
17.656902,106.54567,0.23278838
18.067589,106.643295,0.22291674
18.476435,106.735954,0.21406507
18.88875,106.82483,0.20175219
19.278408,106.90465,0.18774515
19.67131,106.980034,0.1771122
20.071442,107.05042,0.16358612
20.47123,107.11648,0.14635973
20.909857,107.18225,0.13225947
21.372698,107.24353,0.11854076
21.7802,107.29305,0.109738275
44.290077,110.531784,-0.054449815
44.836582,110.50156,-0.06878486
45.357056,110.464264,-0.08975531
45.880016,110.41715,-0.114891
46.409447,110.3562,-0.1401417
46.91635,110.28436,-0.164963
47.41613,110.20105,-0.18993579
47.905197,110.10724,-0.21394165
48.39066,110.00163,-0.23742391
48.870693,109.88553,-0.26088938
49.34102,109.75966,-0.28479606
49.814316,109.62062,-0.31152624
50.28658,109.46896,-0.33817255
50.755386,109.30515,-0.36045772
51.212112,109.133385,-0.37889418
51.65689,108.956474,-0.39579758
52.092373,108.774734,-0.4115037
52.505108,108.59462,-0.42626935
52.901466,108.41425,-0.4421972
53.302452,108.224464,-0.45916638
53.72428,108.01594,-0.47627187
54.131325,107.805664,-0.49356404
54.52829,107.59392,-0.5055861
54.938908,107.36705,-0.51231855
55.374943,107.12211,-0.51762867
55.814167,106.87196,-0.5224855
56.24009,106.6264,-0.52815676
56.65625,106.3828,-0.53686297
57.077625,106.13124,-0.5501267
57.505234,105.86865,-0.5667042
57.928764,105.59914,-0.5842377
58.35145,105.32008,-0.6005312
58.77089,105.03275,-0.6155209
59.173565,104.74772,-0.63102853
59.584694,104.44867,-0.64333224
60.00087,104.136894,-0.6519065
60.403564,103.830215,-0.6574713
60.782623,103.537636,-0.660185
61.151997,103.24947,-0.6665354
61.507694,102.969795,-0.67626476
61.85946,102.68829,-0.68350726
62.21494,102.39906,-0.6874558
62.55071,102.123405,-0.6905731
62.87556,101.85464,-0.69545716
63.196064,101.58664,-0.702754
63.51241,101.31794,-0.7133382
63.805634,101.06348,-0.72699493
64.09168,100.80977,-0.7393833
64.36574,100.559685,-0.75029033
64.622765,100.31835,-0.7661461
64.8885,100.06385,-0.7821647
65.14022,99.81233,-0.79990864
65.375435,99.57003,-0.819546
65.59174,99.33845,-0.83790153
65.81566,99.09134,-0.8516877
66.03994,98.83428,-0.8661912
66.29489,98.53551,-0.88165903
66.55267,98.22152,-0.8997983
66.80486,97.9037,-0.9196314
67.09129,97.533356,-0.9306214
67.3788,97.146774,-0.9381717
67.680244,96.73719,-0.94391334
67.95038,96.36223,-0.95109123
68.22149,95.982864,-0.95876753
68.52085,95.55691,-0.96579033
68.82022,95.12571,-0.9693315
69.07858,94.749535,-0.96997744
69.33291,94.37856,-0.969726
69.59141,94.001686,-0.9693506
69.85093,93.623566,-0.96875
70.083855,93.28427,-0.9684687
70.255585,93.03382,-0.96851474
70.398575,92.82586,-0.96784455
70.506256,92.669334,-0.9669997
70.60994,92.51912,-0.96543944
70.674385,92.426094,-0.96340525
70.69613,92.39479,-0.9608087
70.72032,92.36018,-0.9577515
70.75391,92.312416,-0.95530254
70.81061,92.23218,-0.9528205
70.923134,92.07384,-0.9508236
71.08259,91.85036,-0.94991106
71.276375,91.5792,-0.9499776
71.49058,91.27933,-0.9514266
71.71256,90.96807,-0.9531886
71.94808,90.63661,-0.95444614
72.19818,90.28383,-0.95478415
72.45742,89.91627,-0.95768917
72.727776,89.53021,-0.966357
72.992714,89.14748,-0.97555083
73.26749,88.74344,-0.9806846
73.549995,88.32011,-0.98668236
73.83316,87.891685,-0.99452645
74.11922,87.45062,-1.0041561
74.40424,87.002975,-1.0142945
74.68344,86.554245,-1.023948
74.9605,86.0985,-1.0346237
75.22824,85.64757,-1.0462755
75.49085,85.1946,-1.056766
121.28618,101.937805,-0.1735266
121.84544,101.83907,-0.18286823
122.37419,101.74018,-0.19781977
122.88949,101.635376,-0.2193546
123.372696,101.524826,-0.25067136
123.818306,101.409615,-0.2873354
124.227196,101.2879,-0.32548365
124.62748,101.15195,-0.36800638
125.02518,100.99792,-0.41550326
125.418304,100.82528,-0.46213073
125.79803,100.63466,-0.5114057
126.15357,100.43458,-0.5645582
126.45601,100.24325,-0.6130891
126.66967,100.09209,-0.6546996
126.81897,99.97799,-0.68938345
126.95409,99.86785,-0.7139965
127.07485,99.76334,-0.7307843
127.18783,99.662704,-0.742396
127.32514,99.53747,-0.74886733
127.5106,99.365265,-0.7542533
127.751495,99.139275,-0.7585503
128.01244,98.89126,-0.76448894
128.26868,98.64444,-0.7747398
128.5161,98.400734,-0.7916014
128.75533,98.15679,-0.81709313
128.9876,97.90988,-0.844949
129.23297,97.631615,-0.8767322
129.4983,97.31154,-0.9111826
129.76128,96.971535,-0.947414
130.0168,96.61832,-0.98048896
130.26173,96.25331,-1.0044717
130.47774,95.916,-1.0238429
130.66992,95.60367,-1.0377576
130.85938,95.28414,-1.0428377
131.05867,94.94211,-1.0450568
131.26178,94.59262,-1.0455695
131.46298,94.24473,-1.0468134
131.6584,93.907845,-1.0465952
131.84566,93.5848,-1.0440202
132.02348,93.27913,-1.0408976
132.1936,92.988144,-1.0392098
132.36975,92.690254,-1.0343939
132.56737,92.3574,-1.0277102
132.78029,92.004486,-1.0209594
132.99626,91.651794,-1.0149345
133.21518,91.30009,-1.0078108
133.44287,90.93917,-0.99947894
133.6772,90.57461,-0.9907357
133.91418,90.21265,-0.98274374
134.15541,89.84902,-0.9789166
134.40305,89.47991,-0.97894055
134.65407,89.105835,-0.9812413
134.90689,88.728226,-0.98371196
135.16382,88.34093,-0.9878037
135.4264,87.94317,-0.992305
135.68367,87.54924,-0.9959556
135.93904,87.15437,-1.0011133
136.19307,86.757095,-1.0083095
136.44305,86.36186,-1.0140582
136.68689,85.97019,-1.0182753
136.92868,85.57841,-1.0219352
137.17351,85.17795,-1.0248467
137.42055,84.77238,-1.0255781
137.6633,84.37127,-1.0270212
137.8959,83.98515,-1.0329163
138.12737,83.59879,-1.0374314
138.36385,83.1989,-1.0386596
138.59926,82.79937,-1.0387667
138.83246,82.403366,-1.0385642
139.06133,82.01503,-1.0381038
139.28284,81.64007,-1.0365915
139.49724,81.27835,-1.0335443
139.70766,80.92566,-1.0290214
139.90709,80.59482,-1.0234414
140.09245,80.291145,-1.0175141
140.26897,80.00575,-1.0108744
140.44661,79.72206,-1.0046153
140.62079,79.448105,-0.99878526
140.78827,79.187935,-0.9934381
140.9514,78.93721,-0.98924303
141.10248,78.70719,-0.98676646
141.25783,78.471695,-0.9861966
141.43349,78.20539,-0.988511
141.61165,77.93428,-0.99355763
141.77019,77.690025,-1.0017067
141.9072,77.47539,-1.0126412
142.04445,77.255394,-1.0255597
142.18108,77.02998,-1.0390757
142.31534,76.80167,-1.0532912
142.45396,76.55815,-1.0680282
142.59073,76.30919,-1.0831478
142.72043,76.064674,-1.0985063
142.84265,75.8253,-1.1141459
142.97331,75.55892,-1.1322701
143.1206,75.244965,-1.15076
143.27478,74.89998,-1.1673366
143.42802,74.541336,-1.1826943
143.5775,74.17612,-1.1968406
143.72133,73.80999,-1.2097688
179.27306,88.544106,-0.2986693
179.66203,88.423965,-0.30667913
180.01598,88.31157,-0.31879717
180.35872,88.19833,-0.33293116
180.7001,88.07979,-0.34981242
181.04083,87.95529,-0.36908844
181.37508,87.82587,-0.3896785
181.68227,87.69912,-0.41344252
181.96117,87.57751,-0.4372451
182.21593,87.45906,-0.45528534
182.44502,87.34725,-0.4707112
182.62462,87.257065,-0.4799737
182.72002,87.208275,-0.48716465
182.75108,87.19201,-0.49421373
182.77051,87.181526,-0.49971738
182.81053,87.15962,-0.50756204
182.87901,87.121506,-0.5174987
182.94324,87.08497,-0.52720517
182.98265,87.062065,-0.5341733
183.0101,87.04588,-0.53708977
183.05627,87.01844,-0.53568673
183.12001,86.98067,-0.5303459
183.20337,86.93181,-0.5214731
183.31723,86.86633,-0.5106205
183.4524,86.79066,-0.49825957
183.5858,86.71811,-0.48525533
183.71721,86.64879,-0.47259676
183.85832,86.57626,-0.46321177
184.0016,86.504906,-0.4538628
184.12576,86.44462,-0.4426161
184.22293,86.39925,-0.42563313
184.31387,86.358,-0.40563548
184.41643,86.31375,-0.3873127
184.5212,86.270996,-0.3702918
184.63242,86.2277,-0.35385832
184.76414,86.178406,-0.34272695
184.91844,86.12279,-0.33748144
185.0922,86.061646,-0.33442166
185.2868,85.99327,-0.33651567
185.48282,85.9254,-0.33584666
185.6496,85.86699,-0.33562595
185.80594,85.8122,-0.33899492
185.95564,85.75918,-0.34455678
186.07118,85.717834,-0.35174742
186.13286,85.69534,-0.3578307
186.1318,85.69582,-0.36295867
186.1262,85.69799,-0.3641849
186.1269,85.69772,-0.3628822
186.11832,85.70097,-0.36144897
186.11015,85.70406,-0.3603888
186.09724,85.70893,-0.35973984
186.09169,85.71102,-0.35857195
186.10521,85.70594,-0.35694724
186.15868,85.68597,-0.35582235
186.19023,85.67428,-0.3547172
186.21014,85.66688,-0.3552131
186.24255,85.65484,-0.35647786
186.33453,85.620605,-0.35731196
186.44643,85.5787,-0.35846037
186.57256,85.53127,-0.3626884
186.72754,85.472336,-0.36825246
186.88216,85.41264,-0.3737331
187.03398,85.35321,-0.3789328
187.18394,85.29358,-0.3828894
187.33652,85.23234,-0.3848295
187.47632,85.175735,-0.38575298
187.58047,85.133644,-0.38606903
187.66046,85.10119,-0.38702902
187.7243,85.075226,-0.38795766
187.78186,85.05174,-0.38817084
187.83952,85.02822,-0.3868422
187.91739,84.9965,-0.3842823
188.00075,84.962814,-0.3806832
188.06458,84.937294,-0.37745324
188.13617,84.908844,-0.37493142
188.24146,84.86734,-0.37264824
188.37663,84.814445,-0.37036526
188.49127,84.76996,-0.3683651
188.55179,84.74664,-0.3674094
188.5821,84.73496,-0.36733782
188.59703,84.72921,-0.36785337
188.59303,84.73074,-0.36878785
188.58954,84.73209,-0.36965886
188.591,84.73152,-0.37088597
188.58481,84.733925,-0.37235934
188.5711,84.73927,-0.37395918
188.55653,84.744995,-0.3756859
188.55554,84.7454,-0.37761182
188.59337,84.73043,-0.37948257
188.64812,84.70858,-0.38187245
188.65758,84.70472,-0.38420227
188.60951,84.72412,-0.3855923
188.51479,84.76254,-0.38632524
188.38104,84.81693,-0.38679367
188.2328,84.87728,-0.38693807
188.07297,84.94237,-0.38675794
187.90012,85.01275,-0.3865502
187.71964,85.086174,-0.38633278
187.55891,85.15155,-0.38559937
210.76758,139.08838,1.8423182
210.78438,139.02817,1.8409791
210.82755,138.8729,1.8414316
210.8808,138.68137,1.84276
210.93405,138.49066,1.8449589
210.98949,138.29367,1.847347
211.04808,138.0872,1.8495306
211.1096,137.87218,1.8513744
211.17201,137.65517,1.8524612
211.2276,137.46257,1.8529508
211.2762,137.2946,1.8532608
211.3213,137.13916,1.8535966
211.36308,136.99524,1.8537878
211.39899,136.87154,1.8536106
211.4272,136.77452,1.8539704
211.45102,136.69273,1.8550119
211.46448,136.6467,1.8568274
211.45929,136.66429,1.8587661
211.4347,136.7475,1.8597131
211.39963,136.86555,1.8602085
211.35803,137.00429,1.8644861
211.30515,137.1771,1.8772112
211.24359,137.37216,1.8919169
211.19081,137.5296,1.9065285
211.15807,137.62694,1.9074134
211.13516,137.69406,1.8956898
211.11424,137.75679,1.877829
211.09605,137.81236,1.8695039
211.08366,137.85025,1.8822056
211.06755,137.90004,1.9068962
211.02902,138.01137,1.9352862
210.96335,138.18468,1.9649731
210.88864,138.36635,1.9866138
210.80856,138.54901,1.9992907
210.72362,138.73648,2.0039783
210.63477,138.92775,2.0096674
210.54034,139.12921,2.0190778
210.43912,139.33867,2.0357087
210.33632,139.5436,2.0538526
210.23335,139.73857,2.0745785
210.15271,139.8788,2.106449
210.11174,139.94807,2.124302
210.07109,140.01416,2.1375675
210.03673,140.06792,2.14832
210.01408,140.10242,2.1594021
210.0076,140.11217,2.168489
209.99564,140.12971,2.1789105
209.98239,140.14867,2.1915545
209.98647,140.14296,2.2019885
210.00873,140.11252,2.2109387
210.03583,140.07614,2.2195292
210.06639,140.03583,2.2275126
210.08195,140.0156,2.2342293
210.05139,140.05475,2.2391186
209.99425,140.12733,2.2409778
209.9163,140.22607,2.2391274
209.81516,140.3548,2.2343915
209.6927,140.51244,2.2236176
209.54369,140.70831,2.2111697
209.35645,140.96252,2.1921194
209.13377,141.27707,2.1702478
208.90051,141.62067,2.1432505
208.6761,141.96944,2.113453
208.45789,142.33293,2.077579
208.24474,142.71793,2.0407064
208.05013,143.10051,2.0035472
207.87036,143.48917,1.9659171
207.70602,143.88382,1.929416
207.55183,144.29593,1.8895696
207.4051,144.73988,1.8507234
207.2707,145.2037,1.8176371
207.15057,145.67744,1.7910355
207.0451,146.15361,1.7625887
206.9509,146.63646,1.7325461
206.87192,147.12073,1.7036967
206.80246,147.62976,1.6782926
206.74956,148.13171,1.6525521
206.70978,148.62062,1.6240392
206.68352,149.10965,1.5954394
206.67227,149.5959,1.5648787
206.67589,150.06128,1.5293068
206.69394,150.49126,1.4904362
206.72662,150.91426,1.4548419
206.77905,151.37256,1.4293137
206.84605,151.84718,1.4131837
206.92328,152.33353,1.3993427
207.00885,152.82674,1.3859636
207.0985,153.30574,1.3719938
207.19772,153.8043,1.3612816
207.3131,154.34856,1.3564192
207.43813,154.92451,1.3544656
207.56978,155.52592,1.3545024
207.7096,156.16466,1.3559332
207.8521,156.81831,1.3574752
208.00078,157.50764,1.3600731
208.15157,158.21155,1.3618205
208.29793,158.89905,1.3622774
208.4399,159.56772,1.3620743
208.56665,160.15993,1.3606247
165.2203,157.55888,3.0214322
164.68141,157.6234,3.0177996
164.21967,157.68105,3.0149698
163.74844,157.74219,3.0074673
163.26646,157.80765,2.9954374
162.77408,157.88026,2.981988
162.27284,157.96074,2.9690378
161.75621,158.05128,2.9553435
161.24095,158.14864,2.940372
160.73848,158.25127,2.9239209
160.28413,158.3523,2.9050093
159.82156,158.46335,2.8836026
159.32439,158.59436,2.866779
158.80193,158.7416,2.8524423
158.24754,158.90668,2.8383758
157.70317,159.07822,2.821278
157.15402,159.26006,2.8023865
156.59525,159.45776,2.7826748
156.04274,159.66623,2.7586064
155.49692,159.88634,2.731375
154.94247,160.12788,2.7019722
154.39519,160.38612,2.6693792
153.8598,160.65965,2.6342192
153.32674,160.95564,2.5995455
152.8295,161.25357,2.5716085
152.36612,161.549,2.552018
151.87968,161.87338,2.5384316
151.42628,162.18729,2.5237257
151.03802,162.46245,2.5111828
150.70049,162.70851,2.5026152
150.3903,162.93883,2.4962997
150.09892,163.15822,2.4909549
149.83678,163.35869,2.483704
149.60194,163.54002,2.4772012
149.37767,163.71562,2.4718087
149.13492,163.90741,2.4675863
148.8857,164.107,2.4613953
148.61234,164.3281,2.4534495
148.26979,164.6095,2.4425888
147.87439,164.942,2.4295063
147.44562,165.31326,2.4114285
147.0102,165.70427,2.3874753
146.68019,166.01772,2.3584566
146.3873,166.30882,2.324039
146.04509,166.67285,2.2900631
145.658,167.1131,2.261808
145.26842,167.58302,2.2378392
144.87537,168.0828,2.2130141
144.4795,168.61075,2.1878211
144.09186,169.15688,2.1633928
143.7138,169.7171,2.140415
143.34253,170.29483,2.120573
142.97728,170.8883,2.1050005
142.6115,171.50375,2.0940135
142.25023,172.12772,2.0869932
141.89827,172.7481,2.0818775
141.552,173.3639,2.0790067
141.21541,173.96889,2.0771928
140.8692,174.59125,2.0768847
140.50594,175.24522,2.0765877
140.12616,175.92918,2.0764475
139.74385,176.61948,2.0758722
139.37311,177.29134,2.0749743
139.04808,177.88863,2.069669
138.72832,178.47638,2.06392
138.44914,179.00218,2.0533085
138.1816,179.50943,2.0460694
137.93262,179.99248,2.0429194
137.67282,180.4996,2.0424929
137.4039,181.02621,2.0424898
137.14626,181.5316,2.0428612
136.87888,182.0543,2.0445354
136.61758,182.56805,2.0414267
136.38309,183.03598,2.0303109
136.16322,183.4834,2.0135493
135.93433,183.96657,1.9921731
135.7063,184.47615,1.9679357
135.49138,184.9907,1.9400984
135.2934,185.50307,1.9092935
135.11023,186.02399,1.8764114
134.93752,186.57199,1.8414345
134.79048,187.10577,1.8039784
134.65678,187.66827,1.7619843
134.54245,188.25821,1.7200774
134.45178,188.85616,1.6813904
134.38104,189.4838,1.6473527
134.34192,190.02576,1.6134909
134.3186,190.55293,1.5756326
134.31503,191.11469,1.5434793
134.33026,191.65201,1.5141633
134.35817,192.13124,1.4808309
134.401,192.6023,1.4417939
134.46071,193.06749,1.405594
134.52696,193.46909,1.3750216
134.60277,193.85602,1.3472135
134.70264,194.29912,1.3283826
134.81161,194.73824,1.3132579
134.91862,195.148,1.3006737
135.03075,195.55511,1.2928507
70.66012,167.84418,3.0347824
70.13479,167.90129,3.0341313
69.78896,167.93964,3.0302894
69.551674,167.96616,3.0277839
69.309265,167.99379,3.026047
69.0198,168.02812,3.0185468
68.71454,168.06601,3.0075874
68.37725,168.11139,2.9957545
67.98446,168.1695,2.9813147
67.628845,168.22784,2.9634628
67.3151,168.28447,2.9423609
66.945885,168.35861,2.9210534
66.52917,168.45279,2.898855
66.09917,168.55948,2.8729167
65.65931,168.68031,2.8474963
65.18475,168.82387,2.8223715
64.65908,168.99832,2.7956038
64.130646,169.18964,2.7651596
63.639175,169.38509,2.7292137
63.144886,169.60063,2.690429
62.617546,169.85587,2.654183
62.075645,170.1429,2.6186533
61.52195,170.46182,2.583355
61.031425,170.76886,2.549953
60.54113,171.09702,2.5170083
60.021484,171.47047,2.4897897
59.494328,171.87196,2.4667249
58.96029,172.29893,2.4453814
58.453182,172.72316,2.424692
58.045006,173.08325,2.3969457
57.73168,173.36963,2.3680232
57.4936,173.60071,2.3429577
57.289936,173.80957,2.3179445
57.076996,174.03949,2.2934084
56.848366,174.2991,2.2687895
56.587967,174.60962,2.2437813
56.26822,175.01178,2.2197735
55.970604,175.40756,2.1911368
55.68138,175.81235,2.1534495
55.43261,176.19313,2.1138499
55.195885,176.584,2.0625832
54.96593,177.01288,2.0250514
54.77432,177.40414,1.9889756
54.58621,177.82689,1.9511528
54.388973,178.32115,1.9197906
54.202053,178.83617,1.8896899
54.03092,179.35666,1.8551915
53.879566,179.8788,1.8145766
53.749817,180.40082,1.7687242
53.650776,180.89352,1.722805
53.5775,181.37022,1.6710491
53.53077,181.83322,1.6198839
53.50808,182.30113,1.5637238
53.51213,182.80057,1.5079896
53.54593,183.32632,1.4546014
53.607758,183.85585,1.4012539
53.698734,184.38904,1.3490348
53.821926,184.9347,1.3025349
53.971943,185.48056,1.2602551
54.136868,185.99495,1.2152647
54.311428,186.46622,1.163583
54.503605,186.91185,1.1040704
54.706738,187.3156,1.0432683
54.9306,187.70013,0.97678995
55.175335,188.06212,0.9087498
55.438236,188.39932,0.83443844
55.737278,188.72859,0.75775963
56.060226,189.03506,0.6948338
56.34494,189.27574,0.6275269
56.582787,189.45032,0.5577632
56.762024,189.56406,0.4938281
56.870163,189.62294,0.42662722
56.94583,189.65755,0.36812207
57.009884,189.68248,0.32077074
57.06492,189.70078,0.28797665
57.099014,189.71094,0.26564595
57.112152,189.71442,0.24931903
57.087284,189.70796,0.23645668
57.010063,189.68925,0.22485414
56.87203,189.65771,0.21390702
56.685265,189.61725,0.2031707
56.452747,189.56963,0.19194579
56.169754,189.51486,0.18099238
55.8424,189.45526,0.17002556
55.49475,189.39622,0.15764941
55.146225,189.34119,0.14451945
54.805183,189.29213,0.129799
54.4579,189.24655,0.11602905
54.106426,189.20583,0.101586625
53.734184,189.17177,0.07828951
53.331486,189.14467,0.04681926
52.89261,189.13197,0.0008118078
52.39098,189.14047,-0.061003372
51.90018,189.1767,-0.12642251
51.37282,189.25143,-0.20512262
50.840042,189.368,-0.29084605
50.322845,189.52823,-0.38337585
49.850834,189.72821,-0.48903725
49.43969,189.9674,-0.6232359
-2.1385872,175.14381,2.4398806
-2.0208826,175.04353,2.2974234
-1.9265873,174.93674,2.1521866
-1.8777617,174.86269,2.0226
-1.8580126,174.82246,1.9138507
-1.8575388,174.81961,1.8261296
-1.869864,174.86346,1.7563144
-1.8907236,174.96553,1.7020209
-1.9144682,175.13434,1.6567863
-1.9376383,175.37518,1.6236538
-1.9562228,175.69171,1.60047
-1.9690201,176.05525,1.5877731
-1.976062,176.4252,1.5816051
-1.9807866,176.79964,1.5792818
-1.9838272,177.1862,1.5770926
-1.9867953,177.55634,1.5770088
-1.9889089,177.91801,1.577627
-1.9905365,178.27657,1.5748305
-1.9918643,178.64722,1.5697222
-1.991131,179.01134,1.5631212
-1.9884648,179.33847,1.5558038
-1.9839793,179.63982,1.5486896
-1.9777213,179.9224,1.5419303
-1.9705796,180.17531,1.5365208
-1.9633601,180.39166,1.533226
-1.9562079,180.58759,1.5319415
-1.9491421,180.77243,1.5321383
-1.942686,180.94139,1.5332663
-1.9376296,181.07721,1.5348408
-1.9349242,181.1549,1.5364517
-1.9344808,181.17049,1.5381396
-1.9354591,181.1411,1.5394874
-1.9366685,181.10237,1.540491
-1.9371591,181.08621,1.5412867
-1.9370162,181.091,1.5418826
-1.9359987,181.12593,1.5423558
-1.9336307,181.20894,1.542653
-1.9290732,181.37288,1.5440328
-1.9221028,181.63235,1.5455911
-1.9140252,181.95685,1.5478877
-1.9057959,182.31364,1.5502577
-1.8980827,182.70248,1.5538174
-1.8913279,183.10931,1.5583961
-1.8860774,183.5283,1.563078
-1.8826014,183.9517,1.5670726
-1.8810154,184.3729,1.5707633
-1.8808054,184.80115,1.5738758
-1.8821343,185.23409,1.5767922
-1.8842077,185.66347,1.5781085
-1.8869919,186.10509,1.577514
-1.8898727,186.56897,1.5755833
-1.8920597,187.03941,1.5731595
-1.8930899,187.51033,1.5704484
-1.8931286,187.97534,1.5681895
-1.8920923,188.4355,1.5665604
-1.8895627,188.90955,1.5635988
-1.8853085,189.3968,1.5580082
-1.8778764,189.87358,1.5472342
-1.8670226,190.30591,1.5313152
-1.8518316,190.69962,1.5132669
-1.831128,191.06291,1.4950325
-1.8054118,191.4079,1.4777219
-1.7728198,191.76147,1.4623336
-1.7339089,192.12349,1.451109
-1.6898417,192.4919,1.4431685
-1.6388394,192.88953,1.436852
-1.5837067,193.29936,1.4331088
-1.5262982,193.71442,1.4302934
-1.4669714,194.135,1.4286188
-1.406257,194.5604,1.4281715
-1.3446354,194.98914,1.4280994
-1.2934381,195.3511,1.429404
-1.2514398,195.64429,1.428327
-1.2210162,195.8569,1.4257028
-1.2064887,195.95546,1.4213544
-1.2053688,195.95917,1.4100904
-1.2139249,195.90588,1.3925384
-1.2268959,195.83409,1.3706359
-1.2420921,195.75864,1.3505565
-1.2614763,195.67076,1.3349701
-1.2931594,195.5375,1.3240917
-1.3312036,195.38403,1.3205844
-1.3717844,195.22353,1.3226286
-1.4177055,195.0445,1.3216856
-1.4652358,194.85794,1.3194077
-1.5155225,194.65782,1.3238367
-1.5658162,194.4539,1.3358562
-1.6152827,194.24605,1.3503901
-1.6673466,194.02066,1.3575394
-1.7191721,193.7889,1.3565342
-1.7746373,193.54172,1.3480748
-1.8198247,193.3489,1.3314166
-1.8625871,193.17906,1.3067666
-1.9020708,193.03592,1.2761924
-1.9368434,192.92586,1.2337263
-1.9760296,192.81717,1.1779164
-2.0236185,192.70398,1.1123303
-2.0697532,192.61174,1.041361
-2.086602,192.58296,0.9729726
-3.245309,232.48175,2.3168635
-3.3202333,232.56296,2.269599
-3.402695,232.65953,2.2305853
-3.5373743,232.83119,2.199965
-3.718601,233.07887,2.17614
-3.924456,233.37637,2.1540432
-4.1486583,233.71706,2.1286259
-4.3668876,234.06627,2.1042483
-4.581768,234.4287,2.0833862
-4.7819676,234.7833,2.0669851
-4.9712787,235.12991,2.058005
-5.150519,235.46683,2.0555422
-5.3231273,235.79419,2.055275
-5.4853187,236.1032,2.0536995
-5.6384706,236.39583,2.0500357
-5.7820807,236.67258,2.0449443
-5.921418,236.94534,2.036115
-6.0721173,237.24585,2.0240839
-6.236681,237.58386,2.0106726
-6.411799,237.95499,1.9978408
-6.5854845,238.33644,1.9859843
-6.7384996,238.68536,1.9729271
-6.89203,239.04585,1.959115
-7.03743,239.40192,1.9449196
-7.193343,239.79718,1.9313966
-7.3669906,240.25517,1.9203187
-7.5497727,240.7553,1.9111353
-7.736607,241.28223,1.9025649
-7.9240217,241.82582,1.8941658
-8.102735,242.36015,1.8851832
-8.279536,242.90161,1.8777118
-8.447398,243.43219,1.8705157
-8.609449,243.95576,1.8641173
-8.760836,244.4587,1.8572117
-8.906398,244.95435,1.8492097
-9.045478,245.44121,1.8407066
-9.18471,245.94328,1.8327477
-9.327474,246.47469,1.8253182
-9.476283,247.04268,1.8202317
-9.622767,247.6156,1.817337
-9.768863,248.19452,1.8158945
-9.909548,248.7566,1.8150718
-10.048668,249.31413,1.8147056
-10.183336,249.8549,1.8146658
-10.310695,250.36613,1.8149624
-10.428811,250.83975,1.8156732
-10.540397,251.2847,1.8174859
-10.6397085,251.67776,1.820407
-10.736343,252.05734,1.823078
-10.835157,252.44069,1.8255839
-10.94079,252.84837,1.8264352
-11.036119,253.21284,1.8264308
-11.125286,253.55501,1.8252205
-11.209083,253.8783,1.8225675
-11.296418,254.21875,1.8184369
-11.391109,254.59506,1.8115857
-11.490701,255.00223,1.8019649
-11.599216,255.46048,1.7927164
-11.712912,255.96205,1.7843642
-11.826211,256.4867,1.7743497
-11.929936,256.98758,1.7651248
-12.024394,257.4651,1.7584549
-12.115528,257.94498,1.7524896
-12.200237,258.40756,1.7459527
-12.275293,258.83334,1.7386333
-12.349883,259.27457,1.7301512
-12.427809,259.76187,1.7191504
-12.501926,260.25827,1.7069372
-12.57081,260.76212,1.6940715
-12.633381,261.26614,1.68126
-12.689566,261.76715,1.6704544
-12.740555,262.2773,1.6602045
-12.788683,262.81317,1.6491251
-12.830274,263.33813,1.6391132
-12.862041,263.8096,1.6304572
-12.888302,264.24976,1.6230549
-12.908912,264.65057,1.6161005
-12.927311,265.04916,1.6106852
-12.94465,265.47534,1.6057425
-12.95963,265.91272,1.5991248
-12.971897,266.35687,1.5906053
-12.981824,266.82968,1.5820025
-12.986781,267.27887,1.573779
-12.987499,267.70236,1.566056
-12.984937,268.08548,1.5586149
-12.980154,268.44656,1.5518588
-12.9736805,268.78287,1.5462886
-12.965944,269.1123,1.5431582
-12.95721,269.43063,1.5414162
-12.948195,269.72897,1.539775
-12.938629,270.03305,1.5373467
-12.927858,270.35162,1.5333061
-12.91548,270.68967,1.5294313
-12.900826,271.04816,1.525813
-12.88409,271.4203,1.5215821
-12.865396,271.80203,1.5171946
-12.844507,272.19138,1.5125531
-12.821015,272.5927,1.506924
-12.794227,273.01367,1.5005143
68.894005,232.85979,-0.04280728
69.45255,232.83575,-0.046599176
69.96661,232.8118,-0.050055686
70.46787,232.78638,-0.053938407
70.97047,232.75957,-0.05729429
71.487564,232.72993,-0.060295492
72.002525,232.69917,-0.0624279
72.5243,232.66647,-0.06429771
73.053665,232.63243,-0.066312015
73.58656,232.59679,-0.06908312
74.1184,232.55931,-0.07407744
74.64756,232.5198,-0.08053084
75.15237,232.47923,-0.0862457
75.63588,232.43723,-0.09139838
76.1203,232.39246,-0.09778261
76.588646,232.34657,-0.10433848
77.02587,232.30048,-0.11083258
77.44916,232.25327,-0.11753416
77.82539,232.20891,-0.12294397
78.165436,232.16696,-0.12641369
78.50285,232.12381,-0.13062173
78.847435,232.07838,-0.13620251
79.199715,232.03003,-0.14261714
79.56214,231.97798,-0.14952037
79.95225,231.91937,-0.15662594
80.35807,231.85529,-0.16424163
80.78557,231.78514,-0.16997361
81.22864,231.70915,-0.17496836
81.70065,231.62592,-0.18003614
82.190765,231.53654,-0.1861928
82.701035,231.4408,-0.19217247
83.22284,231.33975,-0.1968959
83.75557,231.23413,-0.19965224
84.2983,231.125,-0.2002816
84.82909,231.01778,-0.19866933
85.328064,230.9174,-0.19537948
85.76169,230.83156,-0.19152287
86.18744,230.74892,-0.18782412
86.60823,230.66891,-0.18440135
87.00131,230.5956,-0.18137151
87.35491,230.5306,-0.17943203
87.63987,230.47859,-0.17946894
87.91054,230.42935,-0.18047449
88.17282,230.38118,-0.1834018
88.38878,230.3412,-0.18597674
88.61975,230.29803,-0.1865075
88.87303,230.24947,-0.19149898
89.160545,230.19405,-0.1977825
89.50824,230.12514,-0.2000644
89.9033,230.04529,-0.19986467
90.34055,229.95676,-0.19957562
90.82397,229.85855,-0.20126681
91.33367,229.7535,-0.20773387
91.85816,229.64235,-0.21822292
92.36565,229.52959,-0.23015507
92.85732,229.41422,-0.24250284
93.375984,229.2862,-0.25502566
93.80206,229.17125,-0.27610186
94.23142,229.05087,-0.29909182
94.6964,228.90724,-0.32092237
95.19766,228.73965,-0.3470109
95.71061,228.55428,-0.37469533
96.175224,228.37093,-0.40235615
96.64796,228.16989,-0.43401462
97.1284,227.94756,-0.46288866
97.577446,227.72443,-0.48668218
98.01483,227.49333,-0.50819796
98.45343,227.24883,-0.5297412
98.88198,226.99783,-0.5514888
99.30474,226.73897,-0.5698821
99.72972,226.46843,-0.5793881
100.15743,226.1897,-0.5807582
100.59548,225.90286,-0.5778727
101.061806,225.59785,-0.57573825
101.53613,225.28954,-0.57571536
101.92076,225.03995,-0.5764549
102.27805,224.80742,-0.57650393
102.599976,224.59737,-0.5769333
102.94789,224.37166,-0.5751645
103.32098,224.12973,-0.5748146
103.73498,223.86278,-0.57400453
104.18048,223.5757,-0.5728624
104.63053,223.2856,-0.57176083
105.092,222.98885,-0.5705854
105.58055,222.67577,-0.5691662
106.08654,222.35185,-0.5683333
106.577126,222.0387,-0.5674448
107.054436,221.73445,-0.5667763
107.51105,221.44394,-0.5666152
107.94844,221.1651,-0.56867373
108.383995,220.88693,-0.5717522
108.82381,220.60378,-0.5750946
109.27188,220.314,-0.5767643
109.71456,220.02635,-0.5764564
110.13832,219.75111,-0.57567984
110.55295,219.48213,-0.57539076
110.964615,219.21465,-0.57688737
111.366165,218.95297,-0.5802511
111.761055,218.693,-0.58735687
155.09596,224.68738,-0.22045967
155.72487,224.5453,-0.24519685
156.2443,224.41304,-0.27755386
156.70294,224.28136,-0.31576622
157.11722,224.14435,-0.3587379
157.50586,223.99828,-0.40480074
157.91,223.82559,-0.4508525
158.30054,223.6374,-0.49227366
158.70534,223.42128,-0.5280662
159.11595,223.18228,-0.5634188
159.5233,222.92574,-0.59661925
159.84816,222.70354,-0.6229833
160.09935,222.52243,-0.6437968
160.25697,222.4029,-0.6570463
160.40778,222.28711,-0.665302
160.55942,222.16852,-0.6679875
160.73016,222.03365,-0.6702778
160.94205,221.86563,-0.67225647
161.19583,221.66309,-0.67436033
161.50044,221.41838,-0.6798697
161.82771,221.15282,-0.68796617
162.16837,220.87238,-0.69817835
162.51627,220.58014,-0.7091691
162.87732,220.27115,-0.7176116
163.23398,219.96051,-0.7217355
163.54684,219.6834,-0.7296789
163.86516,219.3983,-0.742695
164.17676,219.11188,-0.7573366
164.49223,218.81483,-0.7695316
164.79158,218.52432,-0.78010106
165.09467,218.22485,-0.79139745
165.39346,217.92285,-0.7998445
165.67844,217.62976,-0.8069339
165.96405,217.33157,-0.8144428
166.26709,217.01059,-0.8206911
166.5702,216.68578,-0.8232376
166.9198,216.30663,-0.8278599
167.28165,215.91302,-0.83020085
167.67058,215.4863,-0.8324568
168.02582,215.0968,-0.83407986
168.39693,214.68747,-0.83598983
168.78201,214.26129,-0.83751124
169.16563,213.83543,-0.8389844
169.55272,213.40453,-0.84041035
169.88452,213.03284,-0.844556
170.2169,212.65982,-0.8498944
170.5725,212.2555,-0.8511098
170.94142,211.83495,-0.8502921
171.31871,211.40544,-0.8482591
171.69135,210.98235,-0.84666026
172.0638,210.56064,-0.8467629
172.44029,210.1346,-0.8477939
172.72667,209.81166,-0.8485075
173.00476,209.49611,-0.8521
173.30663,209.1513,-0.85429794
173.62852,208.78313,-0.8508115
173.96008,208.40353,-0.84787863
174.28978,208.03008,-0.8466409
174.59619,207.68341,-0.8459805
174.88782,207.35417,-0.84571135
175.17056,207.03525,-0.8449744
175.44325,206.72847,-0.8427152
175.71133,206.42773,-0.83973527
175.97112,206.1382,-0.83652383
176.22478,205.85733,-0.8328551
176.46654,205.59145,-0.8291896
176.7002,205.33629,-0.8257929
176.92545,205.09204,-0.8225613
177.141,204.85966,-0.8196955
177.34508,204.64095,-0.8172711
177.53635,204.43681,-0.8155363
177.7136,204.24817,-0.81472313
177.85774,204.09508,-0.81421924
177.98918,203.95564,-0.8135447
178.10237,203.83566,-0.81300724
178.20113,203.73117,-0.8121305
178.28908,203.63846,-0.8099083
178.36699,203.55653,-0.8074506
178.44073,203.47932,-0.80554706
178.50793,203.40927,-0.8041462
178.5497,203.36574,-0.8031471
178.57646,203.33792,-0.8013527
178.55466,203.36023,-0.8009949
178.52763,203.38812,-0.7980414
178.4971,203.41946,-0.7957103
178.45319,203.46437,-0.7936583
178.38702,203.5318,-0.79179394
178.3002,203.61998,-0.78990257
178.16058,203.76167,-0.78955334
177.97774,203.94688,-0.7883306
177.76724,204.15935,-0.78674215
177.5481,204.3794,-0.7848589
177.3089,204.61952,-0.7850101
177.05894,204.87024,-0.78597385
176.81387,205.11748,-0.7913551
176.57716,205.35849,-0.8006168
176.36308,205.5804,-0.8136604
176.17867,205.7768,-0.8319049
176.0171,205.95622,-0.8574537
218.98059,212.42891,-0.4741316
218.99313,212.42218,-0.5065341
218.99791,212.41962,-0.54656106
218.99773,212.41943,-0.59718823
219.00143,212.41724,-0.65280175
219.01404,212.40771,-0.71046853
219.04477,212.38208,-0.7722983
219.10469,212.32465,-0.83856153
219.19455,212.22621,-0.9082509
219.31682,212.07213,-0.9789896
219.44447,211.88301,-1.0467384
219.55998,211.68385,-1.1076235
219.6607,211.4826,-1.1615596
219.75336,211.26936,-1.2147658
219.83725,211.04483,-1.2659663
219.91187,210.8099,-1.3104671
219.9675,210.59851,-1.3495584
219.99255,210.47733,-1.3879088
219.99355,210.46313,-1.4256992
219.98657,210.50851,-1.4653093
219.97697,210.59386,-1.5088845
219.96927,210.71738,-1.5545886
219.96765,210.83682,-1.6016939
219.97046,210.9157,-1.6480708
219.97241,210.93382,-1.6943641
219.96411,210.85858,-1.7411801
219.93437,210.68263,-1.788419
219.88605,210.46178,-1.8341157
219.82231,210.22374,-1.8769394
219.7463,209.98224,-1.9168919
219.6549,209.72533,-1.9509529
219.53781,209.43016,-1.9810579
219.39185,209.09164,-2.00702
219.21222,208.70282,-2.0271456
219.02158,208.31117,-2.038504
218.81927,207.90817,-2.0433218
218.61993,207.51581,-2.042285
218.43195,207.14624,-2.037745
218.26381,206.81233,-2.0315566
218.12091,206.52422,-2.023439
217.99586,206.26987,-2.0192587
217.88362,206.03758,-2.0185978
217.7893,205.84111,-2.0166485
217.70134,205.6579,-2.0141907
217.6018,205.4476,-2.0133774
217.50204,205.23671,-2.011666
217.4062,205.03304,-2.0062025
217.28983,204.78204,-1.999345
217.13646,204.44617,-1.9944304
216.96867,204.07314,-1.9898735
216.79353,203.68004,-1.9844748
216.61438,203.27197,-1.9795518
216.42896,202.84406,-1.9748182
216.23412,202.38844,-1.9703381
216.04892,201.95003,-1.9664379
215.84933,201.4728,-1.9631294
215.64793,200.98637,-1.9606023
215.45155,200.50867,-1.9585645
215.25594,200.0302,-1.9571645
215.0714,199.57661,-1.9562079
214.89311,199.13669,-1.9551882
214.71947,198.70705,-1.9540942
214.54796,198.28171,-1.9531235
214.37897,197.86212,-1.9531677
214.20416,197.43033,-1.9567544
214.03888,197.02274,-1.9608067
213.88176,196.6405,-1.9654962
213.73102,196.27794,-1.9699103
213.58484,195.93124,-1.9743669
213.44174,195.59595,-1.9792488
213.3054,195.28117,-1.9850216
213.1726,194.97961,-1.9925014
213.04674,194.69891,-2.0013533
212.94226,194.47218,-2.013116
212.87854,194.33757,-2.0275338
212.83516,194.24954,-2.046979
212.83714,194.25468,-2.0672271
212.85896,194.29564,-2.088913
212.88614,194.34337,-2.110608
212.91559,194.3927,-2.1302602
212.94833,194.44518,-2.1477807
212.98228,194.49753,-2.1614604
213.01276,194.54309,-2.1702647
213.03351,194.57356,-2.1739645
213.04413,194.58905,-2.1736424
213.05779,194.60892,-2.1717198
213.07372,194.6321,-2.1710763
213.09421,194.66179,-2.1788578
213.13147,194.71487,-2.1964316
213.17542,194.77507,-2.225452
213.2331,194.84929,-2.2676203
213.2973,194.92543,-2.317433
213.35097,194.98264,-2.3734734
213.38216,195.01247,-2.4324489
213.3967,195.02419,-2.502521
213.37224,195.00523,-2.5908105
213.29225,194.95651,-2.6989164
213.20172,194.91449,-2.8220456
213.1595,194.90074,-2.9437306
209.90277,154.24208,-0.57258046
210.09819,154.11522,-0.69581723
210.28397,153.96198,-0.817416
210.47899,153.75569,-0.9245202
210.66112,153.51727,-1.0161147
210.8344,153.2396,-1.0968156
210.98953,152.93604,-1.1747055
211.11807,152.6271,-1.2588055
211.22665,152.29478,-1.3399663
211.31049,151.94635,-1.4023536
211.37996,151.55106,-1.4461775
211.43129,151.1475,-1.4752146
211.472,150.7176,-1.5042238
211.50116,150.28036,-1.534765
211.51747,149.83965,-1.5634562
211.52184,149.42242,-1.5853273
211.51634,149.02003,-1.602541
211.50406,148.61772,-1.6176416
211.48387,148.19328,-1.632002
211.45622,147.76022,-1.6506764
211.42133,147.32182,-1.6716837
211.37598,146.87018,-1.6897705
211.32068,146.40793,-1.7057453
211.25603,145.93175,-1.7210629
211.18248,145.443,-1.7340181
211.10191,144.95752,-1.7477251
211.01619,144.4824,-1.7654895
210.92284,144.0068,-1.7839272
210.81909,143.52527,-1.7993618
210.70714,143.04492,-1.8141457
210.58603,142.5524,-1.8256537
210.45335,142.04216,-1.8329179
210.31627,141.53786,-1.8449892
210.1697,141.0125,-1.8572332
210.01605,140.49306,-1.8691235
209.86334,140.00137,-1.8851336
209.71002,139.53171,-1.9047644
209.54366,139.05026,-1.924281
209.36244,138.56107,-1.9435618
209.19261,138.13232,-1.9703306
209.02185,137.72406,-1.9989442
208.8224,137.28471,-2.0181968
208.60454,136.82938,-2.0290341
208.37729,136.36813,-2.0372157
208.14546,135.90857,-2.0458667
207.91336,135.45673,-2.0545454
207.66876,134.98906,-2.059631
207.40262,134.48836,-2.0612905
207.12086,133.96045,-2.0618207
206.8195,133.39558,-2.0609465
206.5004,132.79666,-2.0594738
206.18436,132.20204,-2.0578423
205.85657,131.58253,-2.0555978
205.54134,130.98567,-2.0550883
205.23727,130.40894,-2.0552952
204.94028,129.84593,-2.0566483
204.69951,129.3968,-2.06294
204.48936,129.00607,-2.068522
204.28076,128.62187,-2.074022
204.07529,128.24814,-2.0783591
203.8604,127.86295,-2.0845444
203.63507,127.464035,-2.0922732
203.40929,127.071335,-2.100849
203.18166,126.68247,-2.1092854
202.933,126.267525,-2.1192427
202.66983,125.83827,-2.1317332
202.40187,125.41208,-2.146447
202.15034,125.02535,-2.163101
201.881,124.62477,-2.1824985
201.57101,124.182526,-2.1980412
201.23643,123.72094,-2.2111375
200.88368,123.24779,-2.2245333
200.51778,122.770805,-2.2394671
200.14029,122.29452,-2.2580073
199.7754,121.850784,-2.2791016
199.40433,121.41766,-2.301738
199.00346,120.97127,-2.3266215
198.58897,120.53337,-2.3563957
198.16127,120.1054,-2.3889794
197.70877,119.68153,-2.4204965
197.28229,119.30438,-2.4445324
196.8781,118.964134,-2.4597633
196.42676,118.59669,-2.469228
195.99663,118.256294,-2.481246
195.6347,117.974434,-2.4904647
195.28917,117.71071,-2.4958954
194.95883,117.462166,-2.5011368
194.65062,117.23261,-2.5059958
194.35358,117.01397,-2.5117838
194.06322,116.802025,-2.516869
193.7476,116.574066,-2.5209234
193.41315,116.334915,-2.5256357
193.07874,116.09925,-2.5337472
192.69797,115.833275,-2.5423481
192.24615,115.52397,-2.5500908
191.74657,115.18948,-2.5617476
191.2355,114.85656,-2.5805616
190.79665,114.583725,-2.6052969
190.39093,114.3423,-2.6320155
123.751076,162.60507,3.0469935
123.004906,162.67665,3.0364785
122.30805,162.7529,3.018093
121.634026,162.83502,3.000195
120.964714,162.93048,2.9847896
120.2697,163.03929,2.969953
119.5628,163.16089,2.957148
118.84636,163.29317,2.9482744
118.13451,163.43198,2.9420898
117.42157,163.57553,2.9382663
116.715454,163.7206,2.9362183
116.01336,163.86687,2.9353192
115.2932,164.01692,2.9350135
114.535126,164.17487,2.9349647
113.76112,164.33685,2.9341798
112.989235,164.49933,2.9334173
112.3109,164.64696,2.9278715
111.63443,164.7938,2.9229264
111.007904,164.93567,2.913412
110.42547,165.0699,2.9069614
109.826996,165.21205,2.9042737
109.18234,165.36691,2.903446
108.53513,165.52383,2.903243
107.93781,165.6697,2.9029725
107.38661,165.8051,2.9015772
106.856346,165.93683,2.8956304
106.329926,166.07104,2.882587
105.76204,166.2213,2.8654284
105.19972,166.382,2.8443224
104.63726,166.55476,2.8194168
104.06306,166.74693,2.7915812
103.502075,166.95174,2.7629113
102.97221,167.16335,2.732837
102.43347,167.39665,2.6998837
101.87095,167.6624,2.6675265
101.31574,167.94754,2.635686
100.74582,168.26126,2.607388
100.29654,168.5317,2.5770168
99.8315,168.82466,2.5391476
99.29788,169.19096,2.5087316
98.84853,169.52194,2.4803102
98.436356,169.84218,2.448889
98.048805,170.1632,2.4220335
97.719406,170.45195,2.3967156
97.403015,170.74251,2.373632
97.07469,171.05867,2.3558834
96.72896,171.4035,2.3423305
96.37788,171.76352,2.3325908
96.00107,172.15666,2.327411
95.62428,172.55545,2.3241463
95.26711,172.93619,2.3227801
94.93802,173.28886,2.3215106
94.699684,173.54713,2.3181117
94.48322,173.78113,2.3153045
94.225266,174.06082,2.3097234
93.93482,174.37968,2.3022728
93.62938,174.72012,2.2931902
93.35693,175.03055,2.2819993
93.10879,175.31929,2.2683206
92.83385,175.64636,2.2545998
92.53638,176.01244,2.2396584
92.22316,176.40787,2.224151
91.88426,176.85081,2.2089252
91.53077,177.32909,2.1899424
91.18661,177.8135,2.1666644
90.866234,178.28893,2.1366842
90.5519,178.78357,2.1023996
90.23466,179.32137,2.0705829
89.92203,179.89352,2.0409606
89.64672,180.43597,2.0127459
89.38194,180.9941,1.9845997
89.115654,181.5986,1.9601136
88.85096,182.24113,1.9399008
88.60614,182.8755,1.9209092
88.38029,183.49408,1.9013113
88.21511,183.98138,1.8793272
88.09032,184.36826,1.856502
87.98465,184.72656,1.8372172
87.88376,185.09576,1.8192515
87.77919,185.50797,1.8019603
87.65917,186.01985,1.7839327
87.55276,186.52405,1.7598553
87.45512,187.0343,1.7274053
87.37696,187.54256,1.6913375
87.31716,188.03787,1.6460915
87.2784,188.53415,1.6052364
87.261826,189.00995,1.5711821
87.26126,189.50963,1.5357599
87.28095,190.05246,1.5058699
87.31734,190.60452,1.4737127
87.371704,191.15088,1.4359155
87.445755,191.69447,1.3928288
87.53984,192.21724,1.3488097
87.649376,192.701,1.2994792
87.777054,193.1623,1.2450385
87.93302,193.62285,1.1912594
88.12064,194.09204,1.1365268
88.345024,194.5749,1.0829461
88.600044,195.05608,1.0357679
17.892725,171.50305,3.0506492
17.264702,171.5606,3.0244281
16.687082,171.62904,2.9939377
16.140879,171.71051,2.9573514
15.609769,171.80908,2.919723
15.093424,171.92537,2.8821342
14.60197,172.05577,2.842706
14.127057,172.20296,2.795797
13.694488,172.35712,2.751244
13.371891,172.48738,2.7041066
13.16944,172.58083,2.6502707
13.048752,172.6447,2.5914943
12.977819,172.68832,2.539235
12.949271,172.70804,2.4868057
12.9494095,172.70816,2.4400795
12.982873,172.68022,2.4019957
13.034219,172.6335,2.3719745
13.092312,172.57765,2.3476334
13.187478,172.48128,2.3288364
13.290392,172.3726,2.3119442
13.397478,172.25606,2.2974658
13.537187,172.09917,2.2863014
13.70722,171.90349,2.2765913
13.907745,171.66814,2.2681193
14.1278,171.405,2.2594361
14.36655,171.11427,2.2502825
14.628427,170.78911,2.2403467
14.910337,170.43224,2.2301743
15.195316,170.06245,2.2174222
15.479791,169.68286,2.2015848
15.761428,169.29543,2.1839535
16.033289,168.90755,2.1646392
16.302973,168.50764,2.1450236
16.567167,168.09918,2.125266
16.821821,167.68701,2.1045034
17.064644,167.27571,2.0833995
17.298832,166.8592,2.0618815
17.51941,166.44519,2.0388415
17.727934,166.03188,2.014928
17.926537,165.61499,1.9914345
18.115503,165.1924,1.9678186
18.293413,164.76788,1.9440371
18.46379,164.33388,1.9211088
18.626253,163.8907,1.8994145
18.782269,163.43564,1.8796862
18.925737,162.98909,1.862718
19.063574,162.53302,1.8478115
19.191786,162.0805,1.8321334
19.30341,161.66173,1.8157827
19.406958,161.25172,1.8020422
19.509403,160.81834,1.7894156
19.6051,160.39049,1.778812
19.688614,159.99655,1.7703102
19.7649,159.62135,1.763661
19.834558,159.26604,1.7585893
19.897078,158.93745,1.7545797
19.948309,158.66277,1.7525508
19.989746,158.43777,1.7524401
20.024214,158.25029,1.7537282
20.052788,158.09563,1.7557898
20.075508,157.97365,1.7578247
20.093254,157.8792,1.7590735
20.110794,157.78711,1.7599453
20.128841,157.69244,1.7596906
20.139582,157.63576,1.7586005
20.142916,157.61813,1.7577552
20.140379,157.63142,1.7565155
20.130102,157.68619,1.7545364
20.113264,157.77687,1.752835
20.091022,157.89812,1.7505606
20.063593,158.05067,1.7455198
20.034662,158.2162,1.7368053
20.00457,158.39835,1.7237759
19.973682,158.60358,1.70358
19.946207,158.81416,1.6767247
19.922844,159.04263,1.6375463
19.904919,159.3208,1.5918194
19.898016,159.58946,1.5570143
19.901215,159.84172,1.5214863
19.915995,160.14064,1.4929786
19.94776,160.5418,1.4661136
20.006525,161.09567,1.4414238
20.086687,161.71634,1.4238367
20.183195,162.36453,1.4061418
20.277506,162.91258,1.3805519
20.378134,163.44038,1.3507285
20.50832,164.02371,1.3257306
20.66157,164.64026,1.3065246
20.833475,165.27983,1.2929544
21.016106,165.92548,1.285422
21.207825,166.58134,1.2812908
21.40486,167.24518,1.2792739
21.605574,167.91618,1.2790638
21.782652,168.50404,1.2787582
21.966,169.11435,1.2788934
22.155003,169.7446,1.2794892
22.323692,170.30463,1.2791517
22.467926,170.7825,1.2775202
22.610046,171.25313,1.2756871
-39.79361,175.16435,3.1125298
-40.698284,175.19078,3.11524
-41.584015,175.21457,3.1168702
-42.40357,175.23557,3.1167014
-43.096565,175.25406,3.1148663
-43.643394,175.27,3.1119878
-44.052887,175.28381,3.1067772
-44.42687,175.29672,3.1015944
-44.77486,175.31068,3.0968602
-45.07845,175.32391,3.0945227
-45.446228,175.34055,3.0955088
-45.89395,175.36101,3.0969975
-46.407352,175.38368,3.0990734
-46.973125,175.40771,3.1012115
-47.50193,175.42923,3.1028628
-47.940098,175.44664,3.1033545
-48.322716,175.46153,3.1039298
-48.695827,175.47552,3.105008
-49.08817,175.48961,3.1068895
-49.533436,175.50455,3.1102118
-49.966114,175.51863,3.1121833
-50.41462,175.53168,3.1142232
-50.90154,175.54495,3.1165903
-51.39284,175.55736,3.118588
-51.902924,175.56912,3.1203675
-52.429714,175.58078,3.1204224
-53.026134,175.59286,3.1205652
-53.682274,175.60612,3.120294
-54.33671,175.62022,3.1197076
-54.971542,175.63435,3.1192544
-55.64087,175.64903,3.1187968
-56.34135,175.6644,3.1178634
-56.91586,175.68124,3.1134877
-57.512253,175.69673,3.1128345
-58.22478,175.71564,3.112563
-59.015656,175.7377,3.1121457
-59.823864,175.76115,3.1114984
-60.604424,175.78505,3.1109083
-61.238354,175.80832,3.1077971
-61.84933,175.82843,3.1091547
-62.43018,175.84737,3.1111774
-62.998318,175.86479,3.1147165
-63.555,175.88004,3.1174634
-63.93931,175.89276,3.116069
-64.25131,175.90115,3.117462
-64.56419,175.90865,3.1186962
-64.89562,175.91602,3.1205587
-65.25467,175.9234,3.123184
-65.63129,175.93018,3.1265988
-66.062965,175.93655,3.130783
-66.57323,175.94225,3.1343062
-67.14972,175.94667,3.1365845
-67.688866,175.95018,3.135995
-68.169785,175.95372,3.1327264
-68.64224,175.95818,3.1278584
-69.115944,175.96399,3.124705
-69.52203,175.97255,3.1179283
-69.877426,175.98195,3.10537
-70.27531,175.99612,3.0903668
-70.77282,176.02103,3.0803235
-71.35195,176.056,3.0754664
-72.00864,176.09894,3.0734081
-72.72504,176.14742,3.0731392
-73.400986,176.19374,3.0733411
-74.09617,176.24127,3.074088
-74.820404,176.29007,3.0743454
-75.52979,176.3379,3.0744133
-76.202255,176.38359,3.074529
-76.84464,176.42699,3.0749755
-77.42629,176.46658,3.0750432
-77.96389,176.50269,3.0758467
-78.48259,176.53671,3.0775652
-79.048096,176.57239,3.0806043
-79.641945,176.60844,3.0838425
-80.19392,176.64075,3.0864303
-80.697495,176.66881,3.088472
-81.27859,176.69974,3.0902593
-81.905365,176.73187,3.0910134
-82.544716,176.76418,3.0917473
-83.08455,176.79591,3.0826097
-83.62097,176.82639,3.0740685
-84.11846,176.86287,3.0602384
-84.58224,176.90149,3.0400872
-84.99556,176.94379,3.0180378
-85.313034,176.98332,2.9932315
-85.61353,177.02756,2.9654825
-86.02304,177.0999,2.9455051
-86.59834,177.21367,2.9345374
-87.24462,177.34879,2.9292753
-87.91794,177.49367,2.9254193
-88.58883,177.64114,2.921311
-89.27442,177.79436,2.9175746
-89.935616,177.94656,2.9108775
-90.574,178.09612,2.9056394
-91.23779,178.25441,2.9033248
-91.95193,178.42702,2.9013083
-92.63731,178.59619,2.8970702
-93.307,178.76418,2.891759
-93.95947,178.93146,2.8846645
-147.13799,173.13025,-0.060429472
-146.40622,173.08556,-0.06032981
-145.67969,173.04137,-0.06142807
-144.91768,172.99454,-0.0637141
-144.14526,172.94437,-0.0689742
-143.45578,172.89334,-0.07960601
-142.91115,172.84686,-0.09253541
-142.46689,172.80373,-0.107827894
-141.98395,172.75316,-0.12182514
-141.43706,172.68748,-0.129645
-140.80203,172.60634,-0.1331049
-140.20459,172.52423,-0.14123252
-139.69624,172.44884,-0.15220459
-139.20993,172.37369,-0.16542995
-138.70235,172.28899,-0.18084289
-138.26276,172.20773,-0.19635308
-137.87697,172.13211,-0.20701587
-137.51791,172.05707,-0.21253033
-137.17061,171.98253,-0.21468584
-136.82059,171.90634,-0.21556734
-136.51514,171.83917,-0.21641386
-136.2529,171.78143,-0.21649475
-136.07814,171.74251,-0.21735294
-135.98135,171.72098,-0.21723166
-135.92278,171.7079,-0.21838172
-135.85112,171.69212,-0.21817806
-135.71484,171.66191,-0.21811414
-135.51921,171.61813,-0.22288783
-135.2898,171.56532,-0.2363372
-135.09306,171.51587,-0.26578528
-134.95786,171.47816,-0.31032678
-134.85654,171.44545,-0.3667878
-134.769,171.41212,-0.42026147
-134.6519,171.36049,-0.4664639
-134.42734,171.24812,-0.50137365
-134.10164,171.06995,-0.5283348
-133.71588,170.84488,-0.55041295
-133.27548,170.5747,-0.569349
-132.86067,170.30902,-0.5856492
-132.43623,170.02809,-0.60348946
-131.95529,169.6968,-0.6166589
-131.46056,169.34601,-0.62792873
-130.96407,168.98482,-0.64105916
-130.44913,168.6011,-0.65373975
-129.9301,168.20471,-0.6624904
-129.4041,167.79474,-0.6691527
-128.87302,167.37566,-0.67350996
-128.32996,166.94266,-0.67643374
-127.78846,166.50864,-0.6779848
-127.26876,166.08997,-0.67911005
-126.772804,165.68875,-0.6812263
-126.288086,165.29483,-0.6850329
-125.81565,164.90875,-0.6892845
-125.33173,164.51108,-0.6915452
-124.850426,164.11237,-0.6938734
-124.46362,163.78842,-0.69655955
-124.144264,163.52026,-0.69822544
-123.80798,163.23883,-0.69883287
-123.46047,162.94667,-0.69984883
-123.15061,162.68448,-0.7033517
-122.84977,162.42867,-0.7095396
-122.53052,162.155,-0.71606046
-122.21285,161.87857,-0.721709
-121.895226,161.59885,-0.7279674
-121.5774,161.31456,-0.73738015
-121.27626,161.04028,-0.7498941
-121.00527,160.7865,-0.7662641
-120.734215,160.52563,-0.78514785
-120.45344,160.24413,-0.8076369
-120.17108,159.94736,-0.83701277
-119.89188,159.63632,-0.87398154
-119.609406,159.29889,-0.91525024
-119.336525,158.94357,-0.956874
-119.08662,158.58844,-1.000289
-118.86041,158.23518,-1.0464329
-118.65512,157.87929,-1.0965528
-118.472206,157.52086,-1.1525882
-118.30652,157.14767,-1.2149031
-118.164406,156.7631,-1.2802116
-118.0499,156.37955,-1.3512986
-117.96034,155.97989,-1.4226751
-117.89892,155.56796,-1.4901363
-117.86551,155.15985,-1.5558283
-117.85892,154.75484,-1.6159389
-117.87713,154.35933,-1.6744385
-117.9173,153.97736,-1.7368659
-117.97896,153.60622,-1.7989203
-118.06311,153.24129,-1.8549087
-118.16796,152.88106,-1.9060124
-118.29135,152.52457,-1.951342
-118.4325,152.16977,-1.9890714
-118.588425,151.81682,-2.0191002
-118.75629,151.46361,-2.036806
-118.914955,151.14546,-2.0412343
-119.06664,150.84619,-2.0404046
-119.22415,150.53488,-2.0360532
-119.38522,150.21323,-2.0285416
-119.538826,149.90047,-2.0185087
-119.68044,149.60567,-2.0087087
-234.2277,168.513,3.0091903
-234.46938,168.54507,3.013571
-234.61507,168.5636,3.0177712
-234.68286,168.57129,3.0299094
-234.66556,168.56902,3.0469143
-234.58093,168.56076,3.0667968
-234.4669,168.5524,3.0923376
-234.36378,168.54768,3.121844
-234.30396,168.54733,-3.1230812
-234.3428,168.54776,-3.078701
-234.50255,168.5385,-3.0298655
-234.7199,168.51447,-2.9778347
-234.93237,168.47922,-2.927435
-235.10635,168.44106,-2.8820167
-235.20792,168.41185,-2.8349123
-235.22598,168.4056,-2.795746
-235.21289,168.41017,-2.7604103
-235.17746,168.4243,-2.7309434
-235.12544,168.44682,-2.710136
-235.06157,168.47609,-2.6971288
-234.99898,168.5059,-2.6863205
-234.95068,168.52945,-2.6768074
-234.92107,168.54413,-2.671756
-234.89656,168.55658,-2.668896
-234.86853,168.57085,-2.6698077
-234.8175,168.59685,-2.6751075
-234.76233,168.62482,-2.6768072
-234.7073,168.65236,-2.677708
-234.6528,168.67966,-2.6783304
-234.58531,168.71336,-2.679871
-234.51582,168.74805,-2.6799903
-234.47687,168.76747,-2.6772015
-234.44286,168.78458,-2.6720092
-234.37755,168.81775,-2.6669903
-234.29747,168.859,-2.660883
-234.21529,168.90196,-2.6530051
-234.13992,168.94208,-2.6439657
-234.08707,168.97075,-2.6348915
-234.07227,168.97893,-2.6257463
-234.08011,168.97453,-2.6144156
-234.09961,168.9632,-2.6039534
-234.11029,168.95686,-2.596974
-234.13445,168.94232,-2.59631
-234.17778,168.91609,-2.5985656
-234.20508,168.89964,-2.6023319
-234.20857,168.89755,-2.6059494
-234.18066,168.91412,-2.6091967
-234.11948,168.95012,-2.6147485
-234.0027,169.01804,-2.6219544
-233.88597,169.08502,-2.6270838
-233.78418,169.1425,-2.6316676
-233.68564,169.19763,-2.6360385
-233.61995,169.23425,-2.6367984
-233.56487,169.26472,-2.6354885
-233.50139,169.3,-2.6320019
-233.44827,169.32973,-2.6277177
-233.43083,169.3397,-2.6214519
-233.44724,169.33038,-2.612414
-233.46698,169.31877,-2.602191
-233.4691,169.31754,-2.5895355
-233.49074,169.30426,-2.577622
-233.56042,169.26042,-2.5680866
-233.72937,169.15144,-2.5607665
-234.00471,168.97086,-2.5558786
-234.35808,168.7367,-2.5537431
-234.75626,168.47156,-2.5531917
-235.17555,168.19182,-2.5530214
-235.6154,167.89828,-2.5528593
-236.06174,167.6001,-2.5521264
-236.51227,167.29868,-2.5508986
-236.96056,166.99768,-2.548671
-237.38884,166.70915,-2.5464334
-237.78752,166.43939,-2.5452065
-238.1274,166.20825,-2.5438957
-238.45596,165.9846,-2.542327
-238.79613,165.75204,-2.540226
-239.1745,165.49217,-2.537508
-239.59142,165.20462,-2.536159
-240.07668,164.86858,-2.536262
-240.61346,164.49663,-2.5387568
-241.14804,164.12877,-2.5420551
-241.65858,163.7804,-2.5448833
-242.09343,163.48721,-2.5483556
-242.47498,163.23239,-2.5529265
-242.8792,162.96214,-2.5580719
-243.37427,162.63408,-2.5669317
-243.95444,162.25772,-2.579746
-244.46231,161.943,-2.599041
-244.93066,161.6596,-2.6153455
-245.39699,161.3884,-2.629228
-245.85349,161.13066,-2.6389832
-246.34482,160.86018,-2.6471717
-246.8935,160.56409,-2.6563728
-247.46437,160.26193,-2.6644351
-248.05145,159.95717,-2.668253
-248.65941,159.64536,-2.6717417
-249.1961,159.37695,-2.6805034
-249.75757,159.09729,-2.6887836
-250.32634,158.82056,-2.697726
-249.85437,108.499756,-1.5200788
-249.82207,107.85161,-1.5256791
-249.7972,107.27817,-1.5351195
-249.77838,106.72783,-1.5476481
-249.76683,106.19549,-1.5632346
-249.7625,105.68197,-1.5777608
-249.76491,105.12589,-1.5884713
-249.77481,104.55775,-1.5975541
-249.79063,104.035255,-1.6094319
-249.81097,103.52662,-1.6239644
-249.83702,103.052666,-1.6409142
-249.86653,102.65897,-1.6609154
-249.89317,102.38103,-1.6843464
-249.91139,102.23217,-1.7131737
-249.92369,102.14526,-1.7462211
-249.94386,102.02828,-1.7750623
-249.99545,101.775,-1.7997329
-250.08136,101.40405,-1.8140717
-250.17024,101.04553,-1.8249463
-250.26207,100.68904,-1.8317261
-250.37029,100.281494,-1.8342309
-250.49847,99.804924,-1.835341
-250.63223,99.310394,-1.8359762
-250.75934,98.84409,-1.8374845
-250.8726,98.43273,-1.8418056
-250.98215,98.03674,-1.8459991
-251.0925,97.64458,-1.8481634
-251.20396,97.25249,-1.8492371
-251.30789,96.88853,-1.849566
-251.42519,96.47725,-1.8481424
-251.56242,95.99425,-1.8454391
-251.70984,95.47073,-1.8422178
-251.86548,94.91151,-1.8389586
-252.03448,94.29665,-1.8356938
-252.20316,93.67406,-1.8319181
-252.36945,93.05132,-1.8276794
-252.53833,92.408585,-1.8232175
-252.71124,91.73927,-1.8188248
-252.87764,91.08072,-1.8136421
-253.03156,90.45624,-1.8077348
-253.19403,89.78734,-1.8029493
-253.36296,89.07652,-1.7984571
-253.5319,88.35208,-1.7955533
-253.70378,87.6036,-1.794103
-253.8666,86.88656,-1.793225
-254.01334,86.22908,-1.7909282
-254.14041,85.653465,-1.7872428
-254.26358,85.09315,-1.7839789
-254.38918,84.51771,-1.7828443
-254.51643,83.9302,-1.7841756
-254.64096,83.357185,-1.7871202
-254.75648,82.83161,-1.7908916
-254.87024,82.32359,-1.7961848
-254.98749,81.812874,-1.8024675
-255.09189,81.36635,-1.8071138
-255.19597,80.92896,-1.8097359
-255.3149,80.43933,-1.8084009
-255.44786,79.890976,-1.8056043
-255.58441,79.32173,-1.8037916
-255.71448,78.7733,-1.802421
-255.84311,78.22938,-1.8021113
-255.96495,77.71389,-1.8036152
-256.07413,77.25262,-1.8057735
-256.1802,76.81201,-1.8108044
-256.2789,76.408714,-1.8178078
-256.3777,76.01609,-1.8253827
-256.46567,75.67704,-1.8316003
-256.54105,75.39177,-1.8356595
-256.61783,75.10679,-1.8358995
-256.70294,74.792305,-1.8324704
-256.78265,74.493484,-1.8268262
-256.85785,74.20595,-1.8192873
-256.92908,73.92536,-1.8120387
-256.99164,73.671104,-1.804382
-257.04996,73.42611,-1.7961836
-257.10822,73.172424,-1.788847
-257.16824,72.901436,-1.7820319
-257.23108,72.60977,-1.7774915
-257.28873,72.33538,-1.7746583
-257.3359,72.105965,-1.7694322
-257.37842,71.895134,-1.7626231
-257.4176,71.69424,-1.757281
-257.451,71.51743,-1.7520403
-257.4823,71.34663,-1.7465044
-257.51367,71.17033,-1.7420533
-257.536,71.04264,-1.7399035
-257.54868,70.96833,-1.7356577
-257.55618,70.92386,-1.7323185
-257.55957,70.903305,-1.7294451
-257.56308,70.881546,-1.7268802
-257.56955,70.84053,-1.7247564
-257.58182,70.7615,-1.7228711
-257.5988,70.650734,-1.7218106
-257.61694,70.53145,-1.7208637
-257.6337,70.42084,-1.719877
-257.64957,70.31502,-1.7184227
-257.66937,70.18179,-1.716877
-257.69537,70.00509,-1.7162706
-257.7247,69.80522,-1.7166668
-248.82185,4.638867,-1.1394479
-248.65579,4.278275,-1.132634
-248.53433,4.019241,-1.1284753
-248.42757,3.793729,-1.1251545
-248.34335,3.6175256,-1.1224378
-248.26515,3.454721,-1.1200285
-248.18246,3.2838442,-1.1184593
-248.08723,3.087945,-1.1166302
-247.96675,2.8410904,-1.1152827
-247.79977,2.5006347,-1.1135442
-247.57907,2.052554,-1.1118923
-247.30447,1.4977405,-1.1102238
-246.99611,0.87720144,-1.1085955
-246.67613,0.2361857,-1.1062475
-246.34857,-0.41623345,-1.1025689
-246.02084,-1.0636834,-1.0979465
-245.69084,-1.7094179,-1.0936333
-245.36685,-2.337343,-1.090821
-245.03116,-2.9827404,-1.0890028
-244.68198,-3.6509364,-1.0881149
-244.34068,-4.3029943,-1.0884837
-244.00438,-4.946792,-1.0904884
-243.67155,-5.586191,-1.0933131
-243.3415,-6.224349,-1.096488
-243.03857,-6.815055,-1.0995575
-242.76495,-7.3537436,-1.1025709
-242.51881,-7.8424172,-1.1060685
-242.28278,-8.314597,-1.1105938
-242.05182,-8.780542,-1.1154013
-241.84442,-9.203543,-1.1188897
-241.69308,-9.515,-1.1211506
-241.52715,-9.858419,-1.1248969
-241.37224,-10.182066,-1.128221
-241.21632,-10.510672,-1.1313968
-241.0549,-10.853992,-1.1337796
-240.9,-11.184815,-1.1341628
-240.7214,-11.568446,-1.1343228
-240.52809,-11.983542,-1.1323228
-240.32712,-12.412134,-1.1286691
-240.12587,-12.836607,-1.1233705
-239.90749,-13.292454,-1.117296
-239.67148,-13.778496,-1.1115133
-239.4442,-14.237995,-1.1065437
-239.20335,-14.719501,-1.1023014
-238.94847,-15.223365,-1.0971172
-238.68004,-15.746648,-1.0901185
-238.40457,-16.274742,-1.0817363
-238.11708,-16.814655,-1.0721874
-237.81326,-17.371868,-1.060342
-237.52393,-17.88644,-1.0462898
-237.24284,-18.371521,-1.0321046
-236.9705,-18.827375,-1.0195208
-236.71382,-19.244764,-1.0092193
-236.46216,-19.645655,-1.0016702
-236.23775,-19.996567,-0.99695987
-236.04506,-20.292923,-0.9915484
-235.87485,-20.552565,-0.98490846
-235.717,-20.791258,-0.9808765
-235.562,-21.024363,-0.9828324
-235.40604,-21.258364,-0.987136
-235.25832,-21.48272,-0.99407
-235.12695,-21.683933,-1.0014918
-235.01299,-21.862043,-1.0104204
-234.92177,-22.007019,-1.0193281
-234.8444,-22.132933,-1.0303441
-234.78099,-22.238691,-1.0440357
-234.72845,-22.328339,-1.0546097
-234.69421,-22.388035,-1.0581155
-234.67175,-22.42773,-1.0583159
-234.64696,-22.471561,-1.0528061
-234.61536,-22.527142,-1.0459229
-234.56042,-22.62187,-1.0349932
-234.5016,-22.72125,-1.0252889
-234.44087,-22.822084,-1.021904
-234.37366,-22.932024,-1.0207229
-234.30312,-23.046991,-1.0178659
-234.23058,-23.164299,-1.0138155
-234.13203,-23.322271,-1.0029898
-234.01921,-23.498537,-0.9856635
-233.90286,-23.6736,-0.9639361
-233.78445,-23.844091,-0.94068813
-233.66484,-24.008429,-0.9194879
-233.54028,-24.171719,-0.8984231
-233.41154,-24.333742,-0.8785711
-233.27512,-24.499342,-0.86439496
-233.13307,-24.666159,-0.85573167
-232.98845,-24.833265,-0.8514543
-232.8541,-24.98656,-0.85054505
-232.73302,-25.124893,-0.8540231
-232.61833,-25.256405,-0.8593137
-232.4993,-25.394266,-0.8629575
-232.36198,-25.553755,-0.8574411
-232.19804,-25.743216,-0.84329176
-232.01076,-25.953934,-0.82611006
-231.81061,-26.169424,-0.80121475
-231.60104,-26.384253,-0.76457417
-231.3807,-26.59592,-0.72447085
-231.15442,-26.796652,-0.6874094
-230.92621,-26.985645,-0.65890396
-201.68132,-55.861073,-0.07148938
-201.42091,-55.879555,-0.044160757
-201.17467,-55.89027,-0.016092857
-200.94183,-55.893436,0.015256548
-200.72075,-55.889797,0.049607914
-200.49564,-55.878723,0.085331984
-200.23615,-55.85767,0.11867266
-199.91939,-55.82128,0.14920782
-199.5753,-55.771267,0.17158207
-199.20058,-55.707817,0.18536118
-198.8066,-55.63489,0.19376987
-198.38936,-55.554085,0.19780093
-197.95456,-55.46757,0.2001866
-197.50482,-55.377438,0.1985172
-197.03934,-55.28402,0.19499892
-196.57097,-55.190434,0.19562754
-196.10745,-55.097904,0.20078038
-195.63808,-55.002205,0.20825835
-195.16418,-54.901543,0.21830674
-194.6944,-54.796917,0.23071603
-194.20573,-54.68254,0.24354088
-193.70665,-54.55908,0.2548137
-193.20897,-54.429688,0.26431438
-192.71118,-54.295223,0.27254567
-192.2133,-54.15673,0.2783237
-191.72984,-54.018543,0.28249806
-191.25572,-53.881805,0.28302613
-190.80801,-53.751904,0.27987784
-190.42523,-53.642204,0.2731135
-190.05779,-53.539364,0.26377144
-189.66374,-53.43274,0.25476515
-189.20746,-53.313313,0.24776405
-188.7483,-53.196526,0.24481905
-188.25134,-53.072227,0.24411704
-187.73076,-52.943,0.24286482
-187.19304,-52.810368,0.23995626
-186.6542,-52.679096,0.2353325
-186.15262,-52.55923,0.22808468
-185.64233,-52.441483,0.21614824
-185.2,-52.345825,0.19666053
-184.76852,-52.2598,0.16793086
-184.25568,-52.174084,0.12982824
-183.68571,-52.101223,0.08737914
-183.11124,-52.05129,0.042720784
-182.52592,-52.026215,-0.0024162326
-181.95023,-52.026585,-0.040907033
-181.4123,-52.049004,-0.07284394
-180.92285,-52.085876,-0.112462685
-180.67822,-52.11406,-0.15201765
-180.25797,-52.178238,-0.21869394
-179.79628,-52.278942,-0.28478557
-179.3126,-52.41889,-0.3470163
-178.83194,-52.59168,-0.40623045
-178.35631,-52.795708,-0.4607982
-177.88448,-53.029392,-0.51411694
-177.42131,-53.29071,-0.5676122
-177.08281,-53.511986,-0.6198927
-176.90495,-53.651318,-0.6814548
-176.85301,-53.70953,-0.75518155
-176.69563,-53.855377,-0.8550885
-176.50606,-54.06527,-0.94994307
-176.30841,-54.335278,-1.0343717
-176.10614,-54.668377,-1.1119512
-175.9168,-55.04582,-1.1856793
-175.72694,-55.500484,-1.2631681
-175.57571,-55.969738,-1.3305253
-175.46442,-56.428722,-1.4006816
-175.3977,-56.839943,-1.4843513
-175.3687,-57.21612,-1.5819905
-175.37344,-57.57996,-1.6873696
-175.41833,-57.979473,-1.7838246
-175.5087,-58.401077,-1.8716015
-175.64523,-58.845863,-1.9653505
-175.8335,-59.301247,-2.0525458
-176.06635,-59.749424,-2.1304448
-176.33388,-60.17883,-2.1831436
-176.62207,-60.590904,-2.209439
-176.9324,-61.01051,-2.222764
-177.25215,-61.430187,-2.2321904
-177.52675,-61.780746,-2.240135
-177.79732,-62.1218,-2.2468047
-178.1119,-62.515182,-2.2533157
-178.44217,-62.92296,-2.259819
-178.81734,-63.380936,-2.263955
-179.19046,-63.831867,-2.2649758
-179.5816,-64.30319,-2.262622
-179.94118,-64.737175,-2.259043
-180.26514,-65.12987,-2.2545938
-180.55934,-65.488884,-2.2509792
-180.82523,-65.81666,-2.2475598
-181.0469,-66.0906,-2.2460263
-181.19781,-66.27827,-2.2441359
-181.3629,-66.485374,-2.239904
-181.5606,-66.735855,-2.2353814
-181.82523,-67.07498,-2.2278812
-182.13283,-67.47357,-2.2201195
-182.4529,-67.89495,-2.212968
-182.804,-68.362656,-2.2084749
-183.10706,-68.77153,-2.2066646
-112.92666,-10.456579,2.7780104
-113.554985,-10.217588,2.7817276
-114.118484,-10.005692,2.7872782
-114.6811,-9.798493,2.7960021
-115.14523,-9.630885,2.8044505
-115.59319,-9.473545,2.8122041
-116.03891,-9.320773,2.8185105
-116.515465,-9.161605,2.825625
-117.0048,-9.001193,2.831752
-117.50704,-8.838876,2.8327918
-118.01599,-8.675552,2.8282394
-118.51103,-8.51354,2.8169632
-119.02084,-8.342548,2.8032458
-119.54238,-8.1603565,2.794184
-120.070076,-7.9700737,2.7904413
-120.61691,-7.7704444,2.789799
-121.19677,-7.5582237,2.7916102
-121.743576,-7.358931,2.7954233
-122.1957,-7.195739,2.7980797
-122.6832,-7.0211167,2.7986574
-123.15313,-6.85312,2.7978928
-123.63374,-6.6805177,2.7950432
-124.08707,-6.5150237,2.7864873
-124.48254,-6.365259,2.7674537
-124.87329,-6.2087607,2.7343304
-125.25826,-6.042161,2.6930213
-125.6137,-5.8676786,2.6392808
-125.92037,-5.697018,2.5680513
-126.18636,-5.5227447,2.487879
-126.40932,-5.348044,2.4066064
-126.57408,-5.190937,2.3306518
-126.79035,-4.967053,2.2478168
-126.99236,-4.7226853,2.1772847
-127.23361,-4.393912,2.12273
-127.5071,-3.9749112,2.0914013
-127.800255,-3.4827538,2.0748646
-128.11354,-2.924981,2.0639343
-128.35753,-2.4701083,2.0624297
-128.58557,-2.045716,2.0613225
-128.80685,-1.6331321,2.0599341
-129.00406,-1.2656908,2.0591757
-129.1914,-0.9161696,2.059433
-129.38283,-0.55595124,2.0594096
-129.58878,-0.16612142,2.057208
-129.79051,0.21663162,2.0531948
-130.01677,0.6510879,2.046792
-130.25824,1.1238047,2.0382316
-130.50381,1.61155,2.0292897
-130.77261,2.1600382,2.0196831
-131.04942,2.7383158,2.0093246
-131.33722,3.3546286,1.9985932
-131.61723,3.9689271,1.9905957
-131.89784,4.5975533,1.9849607
-132.17332,5.224102,1.9811052
-132.44043,5.8360734,1.9794114
-132.69969,6.43373,1.9786958
-132.91473,6.9258885,1.9789295
-133.13173,7.4270487,1.9780827
-133.3632,7.963178,1.9782202
-133.62073,8.5601225,1.9799451
-133.82518,9.029489,1.9829175
-133.97643,9.373599,1.9840353
-134.06831,9.581527,1.9837155
-134.13748,9.739587,1.9817535
-134.21988,9.9286,1.9797723
-134.34422,10.215493,1.979169
-134.52364,10.630419,1.9801662
-134.74261,11.13605,1.9827724
-134.97844,11.676893,1.985423
-135.21829,12.222019,1.9880522
-135.45856,12.764348,1.9901286
-135.66716,13.236449,1.9857459
-135.88602,13.734027,1.976495
-136.10571,14.247457,1.9656783
-136.3197,14.762587,1.9518738
-136.531,15.288758,1.9380262
-136.7368,15.822747,1.9269887
-136.9268,16.32982,1.9202467
-137.11386,16.843573,1.9140168
-137.29137,17.348299,1.8997121
-137.4318,17.764235,1.876617
-137.5269,18.068024,1.8442724
-137.60829,18.356712,1.8024963
-137.67433,18.636566,1.76687
-137.72343,18.884668,1.7275835
-137.75757,19.102144,1.6846925
-137.7801,19.30149,1.6341486
-137.79224,19.49719,1.5780336
-137.79356,19.694761,1.5148271
-137.78226,19.89354,1.4500695
-137.7593,20.083206,1.3817993
-137.7281,20.246311,1.3187582
-137.7043,20.338135,1.2585026
-137.69533,20.365726,1.1944962
-137.69327,20.370363,1.1371586
-137.7021,20.350437,1.084562
-137.73227,20.291939,1.0388716
-137.78743,20.197586,0.9979642
-137.85667,20.089407,0.9631277
-14.937727,7.837734,3.0479867
-14.808482,7.8256454,3.030784
-14.601842,7.802411,3.0097332
-14.3851595,7.773598,2.9875915
-14.1919,7.743527,2.9653666
-14.010906,7.7112327,2.9423552
-13.794133,7.6675324,2.9188108
-13.553632,7.611823,2.8878272
-13.273034,7.5387063,2.8522098
-12.977866,7.450611,2.814203
-12.674891,7.3473687,2.773687
-12.364263,7.2273216,2.730706
-12.075912,7.101076,2.6853123
-11.778484,6.95457,2.6356041
-11.474253,6.7862144,2.5845664
-11.173891,6.5998054,2.5362642
-10.879634,6.396703,2.4915788
-10.58691,6.1745753,2.449403
-10.306501,5.9414806,2.4062238
-10.031761,5.6917157,2.3559487
-9.766988,5.4258685,2.2969196
-9.502595,5.127584,2.2291625
-9.22999,4.775489,2.153563
-8.93922,4.3336663,2.0650246
-8.678534,3.8501506,1.970603
-8.457283,3.326987,1.8746806
-8.281166,2.7634547,1.7728012
-8.178221,2.250517,1.6680675
-8.143496,1.8917601,1.5760365
-8.139874,1.5043315,1.4856642
-8.186318,0.9682143,1.3769157
-8.276082,0.50666267,1.2821852
-8.433291,-0.024644164,1.1808956
-8.654783,-0.56324995,1.0782752
-8.927727,-1.0724006,0.97648233
-9.261844,-1.5668675,0.8730068
-9.63912,-2.016526,0.77153903
-10.054135,-2.4205139,0.67125493
-10.531127,-2.7997174,0.5675872
-11.054595,-3.133306,0.46332347
-11.600924,-3.40642,0.360877
-12.184057,-3.626611,0.25757498
-12.791153,-3.7864532,0.15397938
-13.391752,-3.879016,0.050811272
-13.945109,-3.9068458,-0.048478395
-14.444826,-3.8822253,-0.14073701
-14.90724,-3.8160827,-0.2338307
-15.323253,-3.7157571,-0.333945
-15.670763,-3.5948884,-0.43822312
-15.99341,-3.4441495,-0.5405337
-16.295006,-3.263637,-0.6298529
-16.576485,-3.0578945,-0.7151422
-16.812885,-2.8523362,-0.80256176
-17.0148,-2.6438284,-0.8857818
-17.23248,-2.3788712,-0.96544373
-17.466347,-2.0395577,-1.0502166
-17.610666,-1.7870277,-1.1245244
-17.704382,-1.5908633,-1.1915139
-17.788198,-1.3804343,-1.2639823
-17.876871,-1.1007087,-1.3508571
-17.947605,-0.7842388,-1.4443166
-17.989466,-0.4568799,-1.5374697
-18.003592,-0.0708387,-1.6301811
-17.972471,0.45324627,-1.736382
-17.887684,0.96524054,-1.8354218
-17.73494,1.5306188,-1.9384753
-17.512634,2.1082106,-2.0433307
-17.229418,2.6621053,-2.1473913
-16.893448,3.1790018,-2.2502325
-16.499554,3.666647,-2.353934
-16.057846,4.110434,-2.4572856
-15.569201,4.5089912,-2.5615184
-15.043782,4.853345,-2.6655214
-14.481262,5.1433544,-2.770379
-13.896248,5.371156,-2.8739927
-13.289104,5.537524,-2.977676
-12.668138,5.640345,-3.0817487
-12.036279,5.6781178,3.097171
-11.408885,5.6502705,2.9934454
-10.786844,5.5573997,2.8898165
-10.177294,5.4006844,2.786037
-9.58581,5.180912,2.6821024
-9.027207,4.9044228,2.5782464
-8.506192,4.5753875,2.475459
-8.021201,4.193821,2.3714442
-7.589796,3.7755015,2.2684789
-7.209334,3.3213005,2.167514
-6.897953,2.8611906,2.067208
-6.692155,2.4795759,1.9805458
-6.5524616,2.1562781,1.8972561
-6.4596386,1.8811355,1.814635
-6.3898134,1.599506,1.7238166
-6.347203,1.3222517,1.6295526
-6.3310876,1.0477215,1.5335869
-6.341491,0.7599706,1.435775
-6.382763,0.4542163,1.3407552
-6.454706,0.14698769,1.2493804
-6.5527344,-0.14664114,1.1572611
-6.6665773,-0.40519658,1.0631945
-7.3921475,8.864466,2.8402407
-7.2466516,8.819071,2.755032
-7.139627,8.775308,2.6724317
-7.0750356,8.742479,2.5972078
-7.043111,8.723082,2.5309722
-7.038223,8.719609,2.4760323
-7.0537205,8.731655,2.4340084
-7.086326,8.759378,2.405214
-7.127707,8.796676,2.3886676
-7.174003,8.839973,2.3787982
-7.2240496,8.887759,2.3705878
-7.275643,8.937852,2.363408
-7.328742,8.990046,2.3588831
-7.3861337,9.046998,2.35758
-7.4393125,9.100015,2.357941
-7.482296,9.142757,2.3605127
-7.537295,9.197175,2.3662298
-7.630606,9.288402,2.3757706
-7.7697268,9.422385,2.387513
-7.9636054,9.605125,2.3990211
-8.186643,9.810334,2.4096367
-8.422208,10.022125,2.4194138
-8.680216,10.249627,2.4300487
-8.956938,10.488753,2.4400375
-9.246235,10.7340555,2.4472833
-9.553113,10.99013,2.452599
-9.847607,11.232447,2.4575915
-10.108352,11.44488,2.4603045
-10.333881,11.627232,2.4625494
-10.534335,11.788416,2.4661834
-10.725665,11.941652,2.4706018
-10.910553,12.088384,2.4748986
-11.097146,12.23504,2.4801466
-11.284579,12.380593,2.4873462
-11.486975,12.535772,2.4961
-11.709907,12.703616,2.5065262
-11.948884,12.880126,2.5162983
-12.218198,13.075275,2.5243642
-12.518121,13.2888775,2.5305815
-12.839797,13.514556,2.535712
-13.137233,13.720465,2.5402021
-13.393554,13.89625,2.5438259
-13.596436,14.03436,2.5464337
-13.750144,14.138362,2.54856
-13.881892,14.227128,2.5506356
-14.023104,14.321813,2.5533483
-14.216254,14.450454,2.557692
-14.471856,14.619381,2.5620208
-14.752712,14.803327,2.5657856
-15.069314,15.008835,2.5698426
-15.407227,15.226118,2.5750382
-15.728485,15.43017,2.5813117
-16.047087,15.630046,2.5875437
-16.37955,15.836053,2.5931096
-16.733124,16.05254,2.5976236
-17.090649,16.269178,2.6006367
-17.488806,16.50901,2.602
-17.927038,16.771889,2.6033418
-18.41782,17.06582,2.605131
-18.94781,17.381907,2.608271
-19.489418,17.702017,2.6128006
-20.04766,18.028872,2.617151
-20.594448,18.344778,2.6219625
-21.165232,18.67186,2.626455
-21.785698,19.023855,2.630864
-22.45756,19.401016,2.6352782
-23.15571,19.788347,2.6398077
-23.861982,20.175816,2.6445165
-24.556847,20.553482,2.6480625
-25.196583,20.897062,2.6514494
-25.835575,21.23732,2.6558483
-26.463047,21.568357,2.6608064
-27.043486,21.870922,2.6653528
-27.627779,22.172516,2.6691422
-28.22397,22.477032,2.673192
-28.800089,22.768047,2.6781118
-29.37124,23.053045,2.6839812
-29.919641,23.322998,2.6899376
-30.448143,23.578968,2.6961453
-31.00535,23.845098,2.702751
-31.569426,24.109823,2.7097306
-32.119072,24.363293,2.7162113
-32.637753,24.598152,2.721905
-33.13712,24.820465,2.7278001
-33.612286,25.028494,2.7345562
-34.05469,25.218369,2.7425349
-34.48003,25.39728,2.7513387
-34.866173,25.555758,2.7602499
-35.248764,25.709192,2.7690988
-35.636223,25.860697,2.7776356
-36.032467,26.011719,2.7859716
-36.432568,26.16043,2.7939603
-36.825775,26.303043,2.8010988
-37.187065,26.430984,2.806897
-37.5216,26.547085,2.8114436
-37.86888,26.666145,2.8156118
-38.22735,26.787441,2.8206189
-38.594494,26.909687,2.8255978
-38.980297,27.036062,2.8305542
-2.363859,95.35569,1.6000489
-2.3802898,95.88884,1.5984262
-2.3916357,96.27515,1.5994124
-2.400251,96.550125,1.6017424
-2.4067492,96.74989,1.6039987
-2.4114244,96.88449,1.6058393
-2.4135494,96.93722,1.6076962
-2.4133015,96.928734,1.609612
-2.4107742,96.86258,1.6101667
-2.4065692,96.75546,1.6104901
-2.402806,96.66284,1.6118777
-2.4019685,96.64426,1.6133597
-2.4049225,96.71441,1.6144685
-2.4111097,96.85619,1.6156237
-2.42018,97.05802,1.6168573
-2.431713,97.30427,1.6196449
-2.4454837,97.58287,1.6242814
-2.4620752,97.89101,1.6302742
-2.4825017,98.234726,1.6369038
-2.5067647,98.6013,1.6439096
-2.5344968,98.97962,1.6513511
-2.563278,99.33194,1.6596023
-2.5912893,99.64223,1.6683971
-2.6216292,99.95463,1.6764617
-2.6601317,100.32491,1.6826358
-2.7034228,100.71434,1.6869031
-2.747846,101.09695,1.6893312
-2.7941978,101.487595,1.6906946
-2.8414283,101.87911,1.6922681
-2.8895345,102.27211,1.6945415
-2.9423769,102.69947,1.6968112
-3.0003738,103.15988,1.6989256
-3.0645423,103.66147,1.7004279
-3.1315513,104.177025,1.7016658
-3.1866567,104.58874,1.7037886
-3.2453575,105.0309,1.7044187
-3.3054583,105.47659,1.7055649
-3.3689802,105.9429,1.7080227
-3.4379992,106.44113,1.7122089
-3.5112257,106.95636,1.717076
-3.5887258,107.48314,1.7219682
-3.6689954,108.00951,1.7271788
-3.7522805,108.53799,1.7324308
-3.8390691,109.071075,1.7374668
-3.9270444,109.59325,1.7425553
-4.021407,110.138176,1.7477498
-4.121674,110.69898,1.7539091
-4.228838,111.27798,1.7610055
-4.323738,111.76317,1.76931
-4.416808,112.2233,1.7761939
-4.5213346,112.72818,1.782281
-4.6352925,113.259056,1.789677
-4.748245,113.7655,1.7977159
-4.8589354,114.24092,1.8068686
-4.9512787,114.61824,1.8165201
-5.032045,114.93557,1.8254713
-5.111789,115.24138,1.8338155
-5.186554,115.51648,1.8436512
-5.256514,115.76528,1.8541812
-5.314614,115.96271,1.8655449
-5.3663797,116.133026,1.877123
-5.40789,116.263306,1.8886477
-5.4316783,116.33541,1.898622
-5.443953,116.37171,1.9057304
-5.452857,116.39735,1.9114972
-5.4650097,116.43178,1.9164466
-5.481766,116.47835,1.9210947
-5.507284,116.548294,1.9262186
-5.5471563,116.65586,1.9316438
-5.6086216,116.81909,1.9373668
-5.677904,116.99974,1.9428108
-5.751722,117.18944,1.9468237
-5.8602324,117.46561,1.949562
-6.0119343,117.84722,1.9525746
-6.20464,118.32716,1.9566066
-6.4050846,118.82071,1.9606553
-6.616244,119.335884,1.9635285
-6.8222613,119.83465,1.9642721
-7.0286746,120.33172,1.96433
-7.244896,120.85328,1.9639484
-7.482716,121.4282,1.9630406
-7.723619,122.0113,1.9624685
-7.9585514,122.57903,1.9625052
-8.1957655,123.15355,1.9624226
-8.410216,123.669846,1.963694
-8.638533,124.220985,1.9646288
-8.8604965,124.75372,1.9676579
-9.070962,125.25378,1.9719615
-9.252658,125.67924,1.9772362
-9.394479,126.00549,1.9834341
-9.514215,126.2782,1.9897686
-9.630395,126.53938,1.9955888
-9.74596,126.79536,2.0001538
-9.870484,127.067795,2.0037801
-10.015742,127.382,2.0073144
-10.1878,127.750565,2.0110555
-10.389818,128.17934,2.014758
-10.586326,128.59267,2.0177255
-10.794471,129.02682,2.0210254
-5.0816054,202.86057,1.5973133
-5.1012187,203.59479,1.6015009
-5.1213903,204.24709,1.6064402
-5.142966,204.86885,1.6102101
-5.1671133,205.48859,1.612874
-5.1934757,206.10765,1.6159514
-5.220865,206.70393,1.6201608
-5.2489915,207.27098,1.624616
-5.2798448,207.84645,1.628694
-5.313939,208.44002,1.6321006
-5.3477917,209.02025,1.6307919
-5.3795195,209.56427,1.6245244
-5.405726,210.06197,1.6142013
-5.427702,210.55234,1.6031315
-5.4440107,211.04945,1.593519
-5.4558067,211.52672,1.5873784
-5.463831,211.96413,1.583464
-5.4699483,212.38358,1.5804286
-5.4746842,212.7873,1.579637
-5.478753,213.18495,1.5810862
-5.483777,213.47505,1.5866722
-5.4881377,213.64992,1.5919442
-5.4909368,213.81276,1.592782
-5.4933963,213.93898,1.588126
-5.4940853,213.97386,1.5838076
-5.493665,213.93909,1.5839009
-5.492988,213.88562,1.5837523
-5.492838,213.8746,1.5826771
-5.493267,213.91074,1.580536
-5.493818,213.9624,1.5804143
-5.493882,213.99193,1.5750262
-5.4940915,214.02187,1.5678183
-5.493918,214.17648,1.5641316
-5.4921985,214.46352,1.563401
-5.4898896,214.85425,1.5658658
-5.487747,215.35017,1.570006
-5.487337,215.86943,1.57487
-5.4896593,216.37183,1.580346
-5.4945607,216.88199,1.5860023
-5.502081,217.35368,1.5917708
-5.511967,217.834,1.5962551
-5.524141,218.31665,1.6004242
-5.5380626,218.77489,1.60479
-5.5534472,219.22308,1.6090026
-5.571176,219.68346,1.6140096
-5.5908175,220.12675,1.6207678
-5.6143646,220.58856,1.629945
-5.640559,221.03006,1.6399664
-5.6708674,221.4683,1.6487085
-5.7059536,221.92317,1.6566765
-5.746625,222.40137,1.6647449
-5.7961597,222.94151,1.6730609
-5.8519998,223.48404,1.6835498
-5.907416,223.95946,1.6954579
-5.9611635,224.3789,1.7080208
-6.0125375,224.7468,1.720225
-6.0677676,225.11409,1.7318745
-6.137332,225.54622,1.7439945
-6.220794,226.0249,1.756077
-6.309908,226.50075,1.7671934
-6.3933697,226.92235,1.7763764
-6.472768,227.30672,1.7836307
-6.541432,227.62737,1.787989
-6.5985966,227.8873,1.7908908
-6.649306,228.1142,1.7931019
-6.702414,228.35,1.7940792
-6.761837,228.61183,1.7947094
-6.8297195,228.91055,1.7955569
-6.9041038,229.23637,1.7969854
-6.986247,229.594,1.7986691
-7.069126,229.95058,1.8016331
-7.161761,230.34521,1.8053896
-7.2561584,230.73973,1.8104366
-7.35017,231.12321,1.8163986
-7.4504666,231.52272,1.8239152
-7.5662785,231.97054,1.8332912
-7.686188,232.41599,1.8437325
-7.810376,232.85965,1.8544778
-7.936151,233.29036,1.8655885
-8.071709,233.73814,1.8762071
-8.213094,234.1887,1.884048
-8.355226,234.63008,1.888074
-8.495423,235.0596,1.8880628
-8.637303,235.49306,1.8852978
-8.779258,235.93086,1.8802153
-8.917808,236.36604,1.8725598
-9.054449,236.80612,1.8627561
-9.190129,237.25645,1.8531463
-9.317891,237.69717,1.8440983
-9.433869,238.11081,1.8359536
-9.548275,238.5312,1.8287982
-9.669845,238.9913,1.8215699
-9.782986,239.43274,1.8149954
-9.873341,239.79523,1.8102673
-9.949086,240.10458,1.80752
-10.019928,240.39725,1.8065764
-10.099512,240.72786,1.8066157
-10.189293,241.10188,1.8063806
-10.280632,241.48346,1.8048998
-8.544938,304.7929,1.5805945
-8.547862,305.13058,1.5732698
-8.547995,305.29633,1.564446
-8.547339,305.411,1.555725
-8.545604,305.52844,1.5475738
-8.542881,305.65186,1.5412849
-8.539974,305.75812,1.5395782
-8.537442,305.84454,1.5424575
-8.535099,305.92938,1.5477983
-8.531713,306.07443,1.5546724
-8.52771,306.3139,1.5610824
-8.525496,306.54504,1.5663185
-8.524688,306.73477,1.571874
-8.524842,306.8575,1.576913
-8.525684,306.99918,1.5835215
-8.528908,307.26334,1.5906668
-8.536384,307.64987,1.5969166
-8.548288,308.10934,1.6025423
-8.563359,308.58563,1.607768
-8.581735,309.07748,1.613606
-8.603024,309.56796,1.6206616
-8.627211,310.05292,1.6279864
-8.658806,310.61578,1.6352911
-8.697559,311.227,1.6430433
-8.743351,311.8641,1.6513832
-8.791051,312.4497,1.6597799
-8.839109,312.99368,1.6663913
-8.887647,313.50006,1.6720427
-8.928455,313.90732,1.6758611
-8.966399,314.27353,1.6785072
-9.003869,314.6238,1.6801119
-9.04312,314.98032,1.6819159
-9.0848055,315.35165,1.684644
-9.130287,315.747,1.6886761
-9.166052,316.04837,1.693245
-9.194281,316.27643,1.6980026
-9.215293,316.44077,1.7024064
-9.236979,316.6046,1.7073296
-9.25662,316.74796,1.7112355
-9.2726145,316.86148,1.7141285
-9.293582,317.00693,1.7172772
-9.3220415,317.20026,1.7194083
-9.358543,317.44446,1.7214274
-9.405563,317.75513,1.7238262
-9.467138,318.15808,1.7259172
-9.542111,318.6426,1.7277126
-9.627021,319.186,1.728638
-9.716459,319.75458,1.7280507
-9.791389,320.22006,1.7283552
-9.850048,320.57632,1.7296783
-9.916623,320.99127,1.7307194
-9.986344,321.4232,1.7326862
-10.065077,321.9084,1.73427
-10.14837,322.41486,1.735512
-10.2311945,322.9125,1.7371373
-10.30916,323.37512,1.7393445
-10.378206,323.77847,1.7414206
-10.446629,324.1742,1.7425421
-10.513976,324.55978,1.743916
