predicted forward vel,predicted angular vel
3.3157105,-0.0025795475
3.079119,-0.0011282712
3.0143461,0.012111025
3.1956472,0.024131006
3.1706815,0.052361652
3.3484738,0.0838868
3.2285624,0.1256481
3.226187,0.15834905
3.2791822,0.1903708
3.4703443,0.20444192
3.7979193,0.23884973
3.8978436,0.2202859
4.010188,0.23716363
4.305781,0.20513248
4.3073125,0.1806385
4.4220695,0.13345668
4.4307384,0.10257322
4.578377,0.059523553
4.5871468,0.05543316
4.9462185,-0.014255729
4.922844,-0.028288947
4.978137,-0.0029351767
5.125401,0.001745725
5.116701,-0.0166294
5.2322245,-0.0139485225
5.4152384,-0.15614836
5.4782677,-0.020839768
5.5054913,-0.0039991457
5.656999,-0.0019540973
5.720622,-0.0047086924
5.733704,-0.0167178
5.879202,-0.0066730957
5.9988036,-0.013107184
6.1805706,-0.004541781
6.2769246,-0.0041211955
6.4789386,-0.0051862095
6.5125628,-0.0058681574
6.7830677,-0.009210641
6.9634695,0.0010959022
7.3028107,0.007415533
7.1060505,0.004992148
7.394033,0.007909371
7.345369,0.0069117565
7.382413,0.008563288
7.675735,0.016381977
7.7845125,0.0142100165
7.9024816,0.017903436
7.8501716,0.016941944
7.8729534,0.0075825397
7.9856076,0.0027805362
8.067184,-0.0072681066
8.063385,-0.0349309
8.174628,-0.046100788
8.447884,-0.03557291
8.49887,-0.032218136
8.634964,-0.013763683
8.749264,0.013493355
8.662637,-0.005361641
8.527069,-0.004279297
9.236343,0.028952524
9.770445,0.03666313
9.771836,0.02789856
9.668383,0.04450944
9.759813,0.04734923
9.735668,0.048792653
9.678734,0.051296145
9.731499,0.052715607
9.840961,0.051736474
9.904047,0.06787289
10.041529,0.082295716
10.140581,0.079380855
10.363521,0.07517463
10.516995,0.08069526
10.432371,0.09155593
10.486351,0.08894496
10.4551,0.09003214
10.441924,0.09251855
10.356178,0.07767545
10.347665,0.06587595
10.375469,0.064817704
10.411264,0.07106075
10.442612,0.06812439
10.405458,0.07216764
10.461004,0.064123124
10.465237,0.063457966
10.464413,0.059626244
10.505371,0.059140883
10.481518,0.062030748
10.470779,0.05340509
10.452384,0.041784644
10.495543,0.051656134
10.567101,0.054215305
10.578148,0.088858455
10.657329,0.0968838
10.737455,0.093975976
10.845169,0.06334154
10.78294,0.041542463
10.874161,0.038617432
10.95145,0.015616392
10.9144745,0.020448979
10.972913,0.018578991
11.097191,0.022932628
11.210637,0.022110283
11.200624,0.019161513
11.161526,0.024444303
11.222893,0.018938422
11.252123,0.009844534
11.2916355,0.009733435
11.245002,-0.0049790163
11.389229,-0.0059473924
11.502803,-0.0002218429
11.545127,0.018451896
11.400951,0.024468651
11.6154175,0.03512194
11.505643,0.03361392
11.697438,0.05122184
11.889212,0.057766892
11.830658,0.036787547
11.902304,0.027760841
11.809702,0.02761639
11.910456,0.014806187
11.941463,0.014207557
12.016506,0.014344479
11.900684,0.014924949
12.042377,0.004697322
12.132362,0.0008914871
12.055017,0.0033944277
12.049301,0.0033104718
12.207592,0.013116601
12.216158,0.04110317
12.31628,0.041299444
12.397308,0.03986521
12.421118,0.026644964
12.457779,0.036065847
12.2276745,0.025914092
11.962854,0.033143304
12.04701,0.02375512
12.045822,0.022833455
11.989101,0.007098238
11.95409,0.015110945
11.760935,0.018798212
11.656742,0.027573211
11.448276,0.031517453
11.735767,0.0038186125
11.825882,8.8799745e-05
11.789553,-0.018968275
11.761721,-0.036666147
11.39737,-0.025011333
11.2284355,-0.02912295
11.384414,-0.007547252
11.318636,-0.0069157016
11.009321,-0.0329433
10.970343,-0.031975828
10.814207,-0.05797919
10.871101,-0.04773421
10.858918,-0.049692623
10.855795,-0.042034023
10.74042,-0.071989164
10.675651,-0.09121062
10.707654,-0.084002465
10.576733,-0.09021291
10.567995,-0.10070313
10.675072,-0.10884646
10.706245,-0.11592713
10.735704,-0.12905264
10.540913,-0.13665491
10.4941,-0.1341254
10.491396,-0.12513547
10.559174,-0.12669751
10.641531,-0.15706557
10.359238,-0.120239586
10.4312935,-0.09917207
10.195919,-0.066972084
10.474821,-0.0014517345
10.311208,-0.012602771
9.815587,-0.015847413
9.364961,-0.029166909
9.513807,-0.03969519
9.857834,-0.034187287
9.751507,-0.030880263
9.389389,-0.039603315
9.325968,-0.04918603
9.213344,-0.053485103
9.061953,-0.06542467
8.997751,-0.079294465
9.0081005,-0.09594761
8.715364,-0.12852733
8.573683,-0.14685385
8.494905,-0.16027986
8.385367,-0.15399227
8.368217,-0.13376917
8.332552,-0.10765292
8.268318,-0.10425514
8.06468,-0.11408456
7.9125266,-0.13015366
8.207008,-0.14697626
8.243673,-0.16301344
8.272053,-0.1728604
8.324532,-0.1730415
8.412409,-0.17219247
8.337891,-0.17597505
8.314565,-0.17108686
8.26833,-0.16669206
8.219229,-0.15020926
8.209027,-0.116851315
8.361538,-0.14156733
8.408117,-0.1321653
8.533908,-0.13816969
8.378408,-0.12972322
8.486759,-0.13601445
8.563118,-0.13305105
8.619833,-0.13256879
8.821934,-0.12973803
9.2364025,-0.13873914
9.401058,-0.16357999
9.577169,-0.15328339
9.601726,-0.1417739
9.556765,-0.13007247
9.557571,-0.1138259
9.564087,-0.11555633
9.725927,-0.13418068
9.871822,-0.15173925
10.260227,-0.16799684
10.58556,-0.18185773
10.663408,-0.17659786
10.75932,-0.17919995
10.804733,-0.17255302
10.833461,-0.17623174
10.877348,-0.18460754
10.914951,-0.18075946
10.8997965,-0.18463354
10.985217,-0.1839671
11.13608,-0.18025492
11.403482,-0.18730357
11.53227,-0.18052526
11.679015,-0.17655899
11.951189,-0.17154084
12.071917,-0.16055974
12.157612,-0.15776189
12.258062,-0.15767424
12.334726,-0.15911387
12.41753,-0.15238337
12.427193,-0.1448753
12.455132,-0.14341004
12.560793,-0.15063837
12.682629,-0.16058561
12.849981,-0.17869735
13.012598,-0.19674863
13.242563,-0.20363067
13.28274,-0.20846115
13.239622,-0.20627597
13.485323,-0.20730066
13.448999,-0.20359999
13.369879,-0.19725771
13.544983,-0.19453397
13.721321,-0.20640627
13.78265,-0.21269958
13.7962055,-0.22013831
13.985832,-0.22594959
14.072758,-0.22950524
14.019794,-0.22303243
14.076973,-0.22129367
14.0998,-0.22156844
14.090771,-0.21825197
14.209484,-0.22021656
14.223425,-0.22014539
14.239002,-0.2219008
14.328938,-0.22298568
14.375416,-0.23389079
14.499811,-0.24937515
14.474361,-0.25085595
14.633532,-0.26257092
14.686144,-0.26241332
14.774561,-0.26642215
14.787403,-0.26855305
14.710115,-0.2598556
14.625359,-0.23980774
14.4739895,-0.23749553
14.504284,-0.24152671
14.413307,-0.23300368
14.38121,-0.22887443
14.511017,-0.22761042
14.421597,-0.21159239
14.171402,-0.19373128
14.130547,-0.18984148
14.156996,-0.19426684
14.036112,-0.18783794
13.798861,-0.18022646
13.598507,-0.1754424
13.25091,-0.15769482
13.065718,-0.15253893
12.936131,-0.14138715
12.697557,-0.11417858
12.666187,-0.104701474
12.591532,-0.11527869
12.522242,-0.10097686
12.435034,-0.0991781
12.485987,-0.109125644
12.3632965,-0.11092283
12.175095,-0.11212683
12.040405,-0.1118108
12.025276,-0.09120719
11.95936,-0.09566362
11.811224,-0.09205808
11.686832,-0.07729851
11.499841,-0.05353328
11.423491,-0.040431067
11.2317505,-0.024340054
11.299183,0.010184066
11.203207,-0.0011279583
11.173291,0.0023401603
10.756156,0.012405947
10.377852,0.022927819
10.347221,0.024135182
10.340361,0.020783208
10.219845,0.02486097
10.232801,0.02513077
10.288066,0.04019297
10.295816,0.043762974
10.153612,0.06008883
9.931154,0.08790856
9.892996,0.08688973
9.940442,0.08408639
9.905514,0.08471605
9.853112,0.09883851
9.691677,0.10006648
9.484868,0.127276
9.500879,0.11442376
9.525872,0.11111775
9.405657,0.108594134
9.384424,0.10761967
9.439223,0.09883981
9.477824,0.11221717
9.3750305,0.11825891
9.299496,0.119932726
9.266756,0.11459086
9.30378,0.11818823
9.209835,0.108285144
9.156191,0.11135511
9.000118,0.12377451
9.191187,0.11393293
9.361166,0.10707961
9.369281,0.102806985
9.43799,0.1122215
9.265492,0.10604318
9.268271,0.11980012
9.342946,0.117075644
9.333596,0.12314472
9.325146,0.11831111
9.435078,0.115827605
9.474297,0.11548264
9.538321,0.10312671
9.397549,0.1101145
9.309164,0.11899948
9.38035,0.11683058
9.445503,0.1196353
9.292263,0.120124124
9.407988,0.10935155
9.371433,0.106491886
9.397584,0.11423695
9.405849,0.11215047
9.401581,0.10178364
9.407791,0.10504933
9.607793,0.10982196
9.452726,0.11025618
9.397298,0.10611261
9.653873,0.112554386
9.598555,0.11030744
9.638222,0.1329557
9.51335,0.12237856
9.408339,0.10894308
9.372583,0.10384948
9.245436,0.10100557
9.122356,0.10404921
9.11958,0.095325
9.226536,0.09227842
9.183864,0.09464709
9.249177,0.097493
9.198465,0.11852325
9.241793,0.10529198
9.236176,0.09079836
9.255108,0.06724509
9.138834,0.069308475
9.158152,0.0718587
9.122797,0.07320987
9.116111,0.07629681
9.136616,0.080559924
9.2100315,0.08841983
9.279713,0.09251946
9.297749,0.093677655
9.175539,0.100482695
9.148508,0.10252552
9.068811,0.10354893
9.26034,0.10125301
9.290014,0.09556802
9.295902,0.07814716
9.055706,0.080910005
9.144686,0.044590205
9.16835,0.018220345
9.108032,0.038757086
8.992825,0.01645324
8.936531,0.00019391812
8.862324,-0.0016363077
8.844463,-0.0030777566
8.883562,0.0063960105
9.078018,0.014567842
9.248572,0.011024067
9.371815,0.028157182
9.436492,0.036587246
9.370773,0.037292358
9.21777,0.0153969955
9.354105,0.0092857815
9.41222,0.02770165
9.618084,0.03639468
9.516096,0.057239197
9.485788,0.06464642
9.491529,0.07417643
9.523201,0.07392204
9.455309,0.0802651
9.474859,0.08245272
9.374094,0.08020463
9.431198,0.0838889
9.4518175,0.07817276
9.419233,0.08330384
9.383442,0.08157694
9.361977,0.08224833
9.3553295,0.082845025
9.413283,0.08414604
9.438065,0.08442699
9.64665,0.08705386
9.594034,0.071857564
9.544792,0.0659294
9.511539,0.07251126
9.505196,0.07255846
9.495724,0.066637926
9.603281,0.0618909
9.548633,0.055808835
9.681629,0.055240035
9.725222,0.04572317
9.596899,0.029266872
9.701855,0.021943893
9.931046,0.028437093
10.167181,0.03702899
10.14066,0.026016127
10.001339,0.020758234
10.1706295,0.011171206
10.073751,0.011934896
9.950034,0.0058822427
9.955904,0.0025873184
9.939178,-0.0037980638
9.951969,0.0041040387
10.074481,0.0062640943
10.396452,0.005606274
10.534062,-0.00029126182
10.397093,-0.0034773108
10.601599,-0.010183502
10.688449,-0.0068054628
10.646381,-0.0029854272
10.561642,-0.009011542
10.593203,-0.016985817
10.712624,-0.016490368
10.753048,-0.01996973
10.421461,-0.028950902
10.577299,-0.036102653
10.834938,-0.027015535
10.7550125,-0.020490123
10.63657,-0.01880463
11.223549,-0.025458483
11.1454315,-0.011658076
11.230694,-0.0026459266
11.031193,0.0037110988
10.885843,0.004258761
10.852842,0.01798613
10.788811,0.027903842
10.949833,0.030485272
10.738346,0.02774841
10.757043,0.026133325
10.736584,0.018539421
10.762329,0.018410482
10.771696,0.011156056
10.716623,0.019613104
10.721584,0.023416128
10.643835,0.029025488
10.678492,0.029826604
10.904081,0.031374168
10.826313,0.032191582
10.786425,0.02958978
10.609926,0.022383122
10.433448,0.024602724
10.273986,0.015699886
10.50896,0.015961217
10.782957,0.022449084
10.772867,0.037207894
10.518362,0.030748036
10.561924,0.04749935
10.330906,0.030231502
10.182684,0.009702149
10.244707,-0.0068119075
10.321976,-0.008822439
10.383689,0.009474436
10.346706,0.0053496603
10.310897,0.0099896
10.21629,0.01565527
10.305555,0.0040506963
10.179002,0.0046025394
10.084653,-0.006002778
10.08328,-0.00045845658
10.036278,-0.0024803728
9.787715,-0.034328908
9.634567,-0.046252817
9.486881,-0.042537227
9.323791,-0.037025556
9.209283,0.008563388
9.1114025,0.029738648
9.083915,0.035807744
9.005415,0.05969526
8.890177,0.067300715
8.791801,0.07053659
8.787487,0.065029904
8.819366,0.042958852
8.808483,0.05143857
9.018911,0.027581511
9.243937,0.022385294
9.262117,0.03484701
9.006994,0.027236395
9.272291,0.024365308
8.38961,0.02836847
8.806229,0.0055056633
9.414652,-0.028523108
9.353209,-0.006900683
9.107485,0.0151409
9.155977,0.0019722153
9.002398,-0.0057114754
8.967812,-0.006883828
9.014349,-0.013829062
8.929617,-0.022986
9.261099,-0.021953242
9.462912,-0.031416044
9.505589,-0.041997112
9.717139,-0.045534678
9.788956,-0.066889614
9.6511135,-0.058629908
9.479244,-0.055465557
9.398731,-0.069273144
9.670717,-0.0933308
9.801947,-0.10613784
10.000048,-0.1107423
10.21043,-0.08529949
10.264911,-0.06672888
10.603215,-0.02193323
10.684227,-0.02676314
10.720819,-0.000101123005
10.6033,-0.0020577572
10.663478,-0.011000508
10.583038,-0.01250986
10.5870495,-0.007335322
10.464888,-0.0022095535
10.634566,-0.0061511192
10.63204,-0.0050999206
10.679247,-0.010085674
10.740295,-0.025409726
10.978207,-0.006307414
10.94756,-0.00082075037
10.884356,-0.0029639732
10.922706,-0.009353282
10.846054,-0.018588552
10.837385,-0.016259884
10.777588,-0.024310393
10.761245,-0.014125684
10.723419,-0.009014288
10.671925,-0.008811967
10.517893,-0.01915191
10.591749,-0.013439842
10.692163,-0.008212348
10.780088,0.0034129452
10.774612,0.020127468
10.807777,0.031278424
10.8304825,0.04437813
10.726197,0.02214149
10.678929,-0.0018547289
10.676705,-0.009613592
10.808581,-0.046694726
10.822523,-0.051850513
10.751099,-0.054489084
10.607712,-0.05110815
10.796345,-0.040174305
10.720639,-0.057369784
10.568411,-0.0821407
10.741038,-0.0995595
10.859298,-0.088206545
10.825824,-0.085972965
10.788025,-0.069966
10.845506,-0.050944187
10.750441,-0.084806226
10.731768,-0.045837365
10.477781,-0.038352773
10.415578,-0.044478826
10.440371,-0.05100763
10.335674,-0.050028652
10.255802,-0.04271225
10.209652,-0.035131842
10.483599,-0.058072917
10.408434,-0.009541471
10.44935,-0.0074954275
10.267897,-0.006976133
10.262358,-0.008078685
10.210552,-0.015004545
10.219263,-0.013495119
10.001274,-0.018797392
10.25168,0.00784526
10.250616,0.02277132
10.322569,0.040389866
10.390364,0.0543916
10.234824,0.047675893
10.124117,0.040141538
9.944294,0.030685328
9.85542,0.026467305
9.798111,0.016736586
9.957251,0.022871526
9.899606,0.013845963
9.87986,0.029183675
9.685091,0.022720357
9.650354,0.02893579
9.476003,0.027746981
9.476727,0.02141042
9.374857,0.012495993
9.202682,0.005309292
9.139988,0.014573597
9.008033,0.0207686
8.8484335,0.016098842
8.783623,0.008271075
8.640666,0.00693132
8.559363,-0.012456182
8.645277,-0.024991373
8.645878,-0.03635121
8.646269,-0.042026274
8.505064,-0.04934164
8.486959,-0.037876442
8.563715,-0.023886884
8.180073,-0.033976823
8.013411,-0.029365359
7.779067,-0.03757544
7.849353,-0.036046363
7.824416,-0.026970292
7.794345,-0.034021005
7.6895647,-0.034503825
7.717558,-0.035777412
7.5528493,-0.0706765
7.479766,-0.050609343
7.5609417,-0.047407113
7.6677327,-0.07748584
7.591128,-0.0795135
7.656935,-0.11996932
7.6547885,-0.14705159
7.62146,-0.15767108
7.662284,-0.1711015
7.70723,-0.16820146
7.4982257,-0.20123674
7.411588,-0.22246686
7.50718,-0.25193948
7.591771,-0.26252434
7.565968,-0.2845394
7.363668,-0.30190697
7.4132633,-0.27817634
7.5035524,-0.28658944
7.6450496,-0.25276828
7.608881,-0.27299464
7.543128,-0.2092218
7.725395,-0.18449596
7.728965,-0.19668205
7.940201,-0.1868113
7.9012995,-0.18213916
7.9099298,-0.1942954
7.9178023,-0.2224307
7.9200864,-0.21882637
7.983484,-0.23774393
8.249739,-0.23293535
8.414485,-0.21765445
8.415717,-0.21543999
8.520301,-0.2195321
8.367304,-0.18316878
8.384867,-0.20285532
8.524263,-0.21354376
8.718351,-0.24138747
8.764037,-0.25621545
8.7188835,-0.2557367
8.856515,-0.24236448
8.8478775,-0.21638368
8.716795,-0.18669593
8.547001,-0.17584033
8.370299,-0.19014712
8.4292145,-0.25566226
8.538416,-0.2599697
8.649881,-0.23007216
8.687296,-0.2147013
8.707743,-0.21880649
8.506086,-0.22426645
8.207855,-0.19739485
8.166791,-0.20218585
8.294081,-0.21967688
8.264122,-0.22649808
8.390541,-0.19515793
8.440603,-0.18350993
8.638021,-0.18981144
9.06058,-0.28684384
9.12761,-0.2594284
9.28497,-0.30593997
9.131051,-0.24480619
8.966055,-0.23765405
8.75946,-0.21839936
8.808838,-0.21746798
8.868595,-0.21768098
8.987213,-0.21691751
8.823395,-0.19599955
8.723274,-0.18937097
8.778808,-0.18138124
8.873737,-0.19003955
9.240682,-0.19988409
9.475919,-0.18664339
9.618359,-0.17880198
9.648396,-0.1846596
9.81541,-0.19759351
9.432085,-0.20120083
9.441663,-0.19103561
9.663345,-0.20520501
9.559032,-0.20995049
9.727977,-0.24151058
9.750517,-0.2175743
9.828293,-0.19101667
9.79171,-0.22330959
9.861364,-0.22399001
9.770655,-0.24734356
9.92849,-0.24084221
9.921663,-0.23097579
10.160782,-0.16726859
10.10663,-0.17406406
10.30492,-0.11194523
10.42556,-0.07070776
10.345185,-0.04231786
10.49678,-0.056699567
10.76,-0.1326791
10.563309,-0.19105789
10.543579,-0.20086348
10.536163,-0.16388223
10.84753,-0.1395208
11.3030815,-0.12853782
11.2646,-0.13846493
11.140155,-0.1697266
11.329992,-0.12692484
11.2646885,-0.06994527
10.981022,-0.019172722
11.119562,-0.058652997
11.345057,-0.062379375
11.311272,-0.0710369
11.482079,-0.04523831
11.626511,-0.024314506
11.317208,0.023004498
12.057644,-0.019448617
11.786009,-0.028316522
11.623308,-0.008412788
11.330151,-0.027742406
11.614555,-0.07315864
11.831194,-0.06706954
11.917965,-0.053012908
11.957832,0.014059825
11.758986,-0.024804672
11.929018,-0.02128181
12.067188,-0.025204478
12.349907,-0.03743106
12.475142,-0.037479006
12.387091,-0.061229207
12.309082,-0.05253762
12.238916,-0.029681137
12.472357,-0.025866287
12.653372,-0.011448797
12.661209,-0.008504318
12.692989,0.015194325
12.826462,-0.00059911795
12.841473,-0.014188705
12.888729,-0.046197988
13.020082,-0.037781574
13.030624,-0.034934536
13.00919,-0.049482003
12.920017,-0.039339244
13.032845,-0.021837642
13.124842,-0.023043817
13.298925,-0.02817805
13.314476,-0.018644353
13.239216,-0.025832115
13.28286,0.016409313
13.460815,0.036309876
13.359188,0.0076591047
13.534275,0.031954378
13.522043,0.052640602
13.481251,0.045387328
13.350725,0.0180194
13.434498,0.076638944
13.437275,0.01046256
13.594585,0.05813805
13.60397,0.064242944
13.695805,0.05412241
13.350233,0.06354491
13.288065,0.066957116
13.846176,0.06886276
13.663027,0.06531831
13.675537,0.041128248
14.01235,-0.012687778
13.816502,0.012193693
13.478989,-0.02300884
13.440935,0.006777264
13.353622,0.012451883
13.42614,0.013021668
13.303852,0.043695364
13.288666,0.0715394
13.242725,0.04928761
12.82258,0.078596294
13.134619,0.044166617
13.229637,0.03932682
13.169832,0.07187094
12.990482,0.055046864
13.038963,0.0739944
13.091461,0.075104535
13.047617,0.057868063
13.049843,0.0554592
13.229168,0.054898523
13.305521,0.06645666
13.414869,0.05865567
13.481121,0.04128725
13.388477,0.009313408
13.175877,0.0033649057
12.361685,-0.004811853
12.251589,0.0033136718
12.2583065,0.016403597
12.122526,0.0413939
11.775967,0.027702194
11.618809,-0.009960799
11.263126,-0.005353572
11.337242,-0.014844924
11.294142,-0.015698774
10.997126,-0.0092003215
10.937433,-0.038104415
10.914322,-0.01334917
10.773035,-0.008988855
10.850853,0.040177345
10.827831,0.06288037
10.633127,0.06879152
10.216852,0.08824189
10.039595,0.116757475
9.8167305,0.13470404
10.164874,0.13422605
10.191299,0.11114901
10.098528,0.13762908
9.875233,0.15699589
9.86673,0.1992137
9.7773905,0.2135516
10.287273,0.19353835
10.008274,0.17879428
9.712995,0.16588633
9.508202,0.15583712
9.686209,0.15337318
9.621193,0.16480647
9.405252,0.15807939
9.527635,0.14430422
9.5977,0.13196647
9.740942,0.11564191
9.699232,0.1354942
9.755989,0.114562094
9.78524,0.1484973
9.909803,0.14521112
10.02577,0.10581555
10.254185,0.10458792
10.654484,0.103223674
10.836866,0.10209994
11.040121,0.077955425
10.965276,0.084464595
10.952396,0.083167486
10.931047,0.1001022
10.861393,0.096117474
10.935181,0.12217857
10.891056,0.16730706
11.040725,0.1987791
11.271423,0.25963816
11.027224,0.2467213
10.770122,0.24656384
11.057796,0.19927418
11.070672,0.17236541
11.26598,0.17055146
11.108856,0.15871753
11.375149,0.10394503
11.582206,0.06760383
11.363742,0.02724277
11.447708,0.0030281246
11.528984,-0.0032393225
11.513777,0.0012260973
11.63299,0.010337913
11.59016,0.0065518934
11.477842,0.014573487
11.423491,0.033175528
11.508949,0.02079274
11.490786,0.01989117
11.28239,0.026269231
11.255381,0.024342781
11.517267,0.05186701
11.41374,-0.0021902937
11.240204,-0.006983118
11.191687,-0.01698049
11.347012,-0.02887396
11.385496,-0.0086321775
11.2975235,-0.0067308582
11.1232395,-0.01623216
10.760888,-0.02251028
10.741936,-0.032946363
10.438299,-0.08969078
10.4473505,-0.09209866
10.253533,-0.11670907
10.277826,-0.1974455
10.195932,-0.21560997
10.071846,-0.24515633
9.850225,-0.25006515
9.7268305,-0.25972375
9.4505825,-0.23647024
8.845909,-0.18405652
8.479227,-0.20020817
8.267349,-0.1586066
8.456974,-0.14784744
8.194514,-0.20501477
8.160703,-0.2661131
7.9255137,-0.26340777
7.749687,-0.28147304
7.584029,-0.236816
7.493422,-0.25994104
7.360347,-0.25341815
7.2230673,-0.1569375
7.459156,-0.10808537
7.7174444,-0.06398836
7.322918,0.014958408
7.1196957,-0.098073155
6.996556,-0.12195714
7.460367,-0.08065757
7.048936,-0.068765156
7.5015745,-0.08042013
7.0402083,-0.09257941
6.9494476,-0.21931197
7.036401,-0.23530476
6.9746246,-0.2127428
6.8830805,-0.2083381
7.178812,-0.2138637
7.2209387,-0.21132274
7.189261,-0.20267239
7.121668,-0.21079761
7.2538176,-0.20139967
7.264399,-0.19162335
7.2924776,-0.20488311
7.384418,-0.19255227
7.444472,-0.17498465
7.455372,-0.1677195
7.576316,-0.18112974
7.373355,-0.18037502
7.5943174,-0.15168731
7.3576264,-0.16459848
7.208632,-0.13529786
7.216855,-0.12094797
7.479395,-0.12553854
7.6607904,-0.13805279
7.553851,-0.22979411
7.555974,-0.24219953
7.402357,-0.18847711
7.185277,-0.2121022
7.2264175,-0.20041184
7.014945,-0.18862283
7.050435,-0.20937796
6.9531555,-0.21999042
6.7858944,-0.23962112
6.760188,-0.2184229
6.725601,-0.21587363
6.939848,-0.2088217
7.0215397,-0.21646248
6.9683867,-0.17709935
7.013274,-0.20300432
6.8327594,-0.17753975
6.7495694,-0.12660225
6.4453487,-0.08311562
6.726212,-0.12362854
6.871192,-0.15162316
6.873995,-0.18168949
6.874393,-0.1962154
6.8071856,-0.20711863
6.9237843,-0.22260134
7.010204,-0.27214456
6.965867,-0.22844718
6.9917307,-0.21705161
7.1794214,-0.2605611
7.268213,-0.24216045
7.4980125,-0.2383693
7.5226784,-0.22405632
7.6695285,-0.20284334
7.6722765,-0.1900423
7.709758,-0.16875069
7.7328196,-0.19347452
7.627858,-0.1635686
7.767082,-0.1728451
7.8426523,-0.10406485
8.025717,-0.070422836
7.9637027,-0.031539835
7.9739017,-0.023374768
8.158354,-0.017572397
8.259127,-0.011655033
8.269216,-0.0033917557
8.430496,-0.0010475088
8.431664,0.0006355662
8.640102,-0.005474625
8.728929,0.0030732378
8.856443,-0.006676914
9.148771,-0.015306456
9.272423,-0.011452209
9.376652,-0.013584038
9.547756,-0.0061360095
9.613623,0.0026747761
9.572665,0.0030021938
9.4536,0.0064937174
9.449879,0.00697547
9.553106,0.007781406
9.543185,0.014602037
9.533144,0.013613848
9.662956,0.02267161
9.732539,0.020830229
9.699418,0.02773589
9.751888,0.025056012
9.63792,0.03711105
9.520366,0.032094106
9.593628,0.02763867
9.719879,0.015997587
10.099126,0.017820701
9.877262,0.017812584
9.881826,0.021932192
9.7324,0.018177263
9.352873,0.010280028
9.592981,0.008162148
9.683208,0.015199129
9.597094,0.023510667
9.683717,0.025915861
9.920873,0.026861653
9.9403515,0.017450126
9.602678,0.020609083
9.6470785,0.029299458
9.859608,0.034562252
9.749781,0.04268957
9.719065,0.03567648
9.506342,0.029033422
9.650227,0.030513126
9.736496,0.02688612
9.634165,0.031888116
9.585306,0.029084262
9.766367,0.018594207
9.713234,0.017031284
9.872591,0.014133267
9.80004,0.012224711
9.872841,0.0038008988
9.793896,0.0010247733
9.6532,-0.00024753995
9.504649,0.004032518
9.60615,0.0034343963
9.728348,-0.0018801093
9.719614,-0.0058011636
9.810993,-0.0065876134
9.916317,-0.008276505
9.69739,-0.007913385
9.721881,0.00026920438
9.684252,-0.04731974
9.416161,-0.052881204
9.5341,-0.069407105
9.619197,-0.008021133
10.071503,-0.007740414
9.832084,0.013926731
9.305864,-0.003964735
9.781389,0.006128745
9.281114,0.04475598
9.509413,0.084261976
9.463384,0.074897535
9.393341,0.08427441
9.393684,0.07765292
9.183431,0.07449792
9.025071,0.08755424
9.118921,0.05146286
9.098675,0.03705759
9.0941925,0.039574057
8.773278,0.0911941
8.4066105,0.10806564
8.120338,0.115990624
8.029958,0.033164676
7.9403634,-0.011159627
7.6710577,-0.018219305
7.199149,-0.017931739
7.2340727,-0.0078123957
7.170534,-0.006929541
6.7884502,-0.002119109
6.2806168,-0.0029953327
6.4218636,-0.055828735
6.8329906,-0.13421516
6.256358,-0.1632006
6.2709866,-0.29794955
6.093279,-0.30618864
6.3879685,-0.36618495
6.4118,-0.43232912
6.567823,-0.3880743
6.2407446,-0.3679908
6.179957,-0.32066196
6.101107,-0.36139348
6.100877,-0.3271675
6.232815,-0.3826672
6.191908,-0.3233034
6.0500298,-0.2951716
6.2136784,-0.2956968
6.181696,-0.27995634
6.245343,-0.2923951
6.45126,-0.3821667
6.3795834,-0.48841912
6.7053823,-0.50307685
6.592308,-0.52668536
6.5251155,-0.4775641
6.534335,-0.40464127
6.5658607,-0.3623888
6.4758043,-0.33765125
6.4932556,-0.33054656
6.751171,-0.28137785
6.818603,-0.27197576
7.0078306,-0.21492253
7.325616,-0.15559532
7.5642843,-0.10052134
7.6327147,-0.12348649
7.6986856,-0.12006636
7.8126907,-0.11860928
7.856034,-0.11790238
7.95474,-0.0938243
8.2131,-0.021210944
8.351875,-0.010369308
8.877458,-0.011322992
8.992863,-0.007996224
9.084678,-0.010946417
9.335068,-0.00273625
9.340291,-0.00517329
9.730106,0.0071903467
9.846353,-0.018769896
9.892265,-0.009363553
9.859842,0.0039360495
10.022398,-0.029087605
9.983093,-0.0054775886
9.464066,-0.030763892
9.659928,-0.029462373
9.828554,-0.01990042
10.219926,0.009984901
10.21747,0.0061325673
10.275206,0.012126373
10.416571,-0.010476915
10.46624,-0.046683818
10.279942,-0.033071555
10.318718,-0.049224295
10.215078,-0.041299433
10.095552,0.0028242357
10.414211,0.014785137
10.418011,0.046887975
10.503393,0.03339674
10.362675,0.04726052
10.55168,0.036648303
10.375055,0.089814976
10.145699,0.08970941
10.072841,0.13357279
10.485086,0.12621419
10.076118,0.15523836
10.540169,0.1965324
10.675089,0.1988414
10.624699,0.20810062
10.645186,0.22876711
10.770363,0.21679692
10.775223,0.23092343
10.772309,0.23062511
10.739796,0.20652227
10.595236,0.16662967
10.459887,0.11121154
10.48774,0.025230117
10.924038,-0.02365403
10.572838,-0.03135597
11.018684,-0.021027884
11.217421,-0.022145769
11.538206,-0.024465414
11.569393,-0.02603378
11.513211,-0.037400395
11.335262,-0.034322344
11.447826,-0.03603235
11.825178,-0.029300539
11.78907,-0.008732265
11.580584,-0.023876613
11.4727955,-0.032289587
11.489698,-0.03805963
11.807333,-0.022916948
11.909349,-0.014466342
11.498184,-0.03309933
11.419981,-0.033755742
11.868057,-0.012467956
11.802441,-0.034632266
11.739361,-0.018352924
11.979063,-0.020663725
12.092041,-0.021869121
12.305857,-0.02322462
12.379869,-0.03797227
12.219934,-0.04272923
12.363087,-0.07389309
12.265356,-0.07667801
12.226013,-0.06552947
12.248001,-0.024387097
12.466091,-0.04035116
12.39307,-0.05633205
12.484842,-0.07646468
12.411085,-0.086036384
12.725828,-0.10395196
12.836117,-0.107621364
12.453304,-0.13884251
12.456408,-0.11716519
12.548265,-0.076909706
12.638412,-0.038640626
12.692677,0.004050711
12.7440815,0.017763047
12.819576,0.023813484
12.961895,-0.026390793
12.854109,-0.004281385
12.740477,-0.0074853357
12.634306,-0.013441356
12.918045,-0.0052216854
13.147261,0.0032843305
13.149675,-0.008938037
13.133902,0.0015164912
13.047462,0.012985598
13.367443,0.022635017
13.28871,0.027899457
13.55386,0.026200516
13.7436695,0.015226832
13.548517,0.009001445
13.52453,-0.0032754056
13.523369,-0.0011182223
13.405224,-0.007639367
12.994925,0.0015386846
13.178352,0.018290706
13.29726,0.020160394
13.191393,0.024920696
13.162571,0.025422584
13.13085,0.030324927
13.052877,0.026682734
13.182154,0.032728683
13.420862,0.03456926
13.1846485,0.03441743
13.424215,0.022345284
13.75725,0.008466033
13.703192,-0.008435665
13.683735,-0.012705719
13.738758,-0.06788975
13.880766,-0.11812997
13.907185,-0.07143403
13.812101,-0.06756287
13.801704,-0.04864397
13.786236,-0.034027338
14.030937,-0.059883796
14.077745,-0.07059634
14.201775,-0.05451539
14.297319,-0.06885633
13.991724,-0.03518881
14.060524,-0.012941992
14.023075,-0.04508628
14.232203,-0.03648541
14.106787,-0.051302776
14.334534,-0.03439433
14.341915,-0.022915645
14.455511,-0.030518843
14.093716,-0.0020630937
14.191954,0.013530793
14.268188,0.025529878
14.041328,0.017375136
14.300808,0.03233719
14.184868,0.047274843
14.10474,0.04112491
14.135271,0.023843596
14.142515,0.01822305
14.331865,0.006413432
14.43527,-0.0012200605
14.316263,-0.026657624
14.360867,0.022879602
14.224543,0.051214203
14.279818,0.0436484
14.248743,0.06411872
14.161697,0.07185764
14.136183,0.04466582
14.185102,0.025100747
13.950253,0.03822343
14.050901,0.015278237
14.274046,0.01625674
14.044659,0.010325037
13.959785,0.06283669
13.635256,0.07230972
13.867405,0.062594175
13.957207,0.080272295
13.892878,0.07418216
13.757662,0.062593624
13.661274,0.0359302
13.922844,0.0556153
13.955669,0.0560596
13.934549,0.076207444
13.978449,0.07334596
13.823006,0.070998445
13.967987,0.065950125
14.414389,0.07649268
14.612959,0.05327303
14.513136,0.031483993
14.350473,0.013202025
14.372396,-0.028879283
14.011822,-0.040510356
13.899229,-0.0085615795
13.920221,-0.003532922
13.778646,0.0021677483
13.65872,0.036754556
13.804079,0.051196255
13.868292,0.06771267
13.810629,0.06753569
13.656706,0.062617786
13.868711,0.036215395
14.203875,-0.03434155
13.956697,-0.01462294
13.995682,-0.036011823
14.069979,-0.08539657
13.889425,-0.056776635
13.884951,-0.0036599208
13.939503,-0.00077120773
13.884951,0.004999185
13.782095,-0.0037197303
13.817305,0.026885072
13.926186,0.03273134
13.936897,0.033298302
13.871616,0.013913229
14.004894,-0.005661089
13.733379,-0.02688217
13.64551,-0.04528489
13.749857,-0.04292772
13.897474,-0.041143224
13.596796,-0.020515336
13.749569,-0.006951837
13.663105,-0.015924988
13.729647,-0.02471452
13.798365,-0.00032142363
13.759541,0.028244095
14.185144,0.03492707
14.208927,0.041125514
13.6940365,0.028005319
13.751268,0.066627726
13.5879,0.06730509
13.69817,0.071400516
13.704678,0.032491416
13.648777,0.0669179
13.538263,0.04403858
13.52944,0.026782079
13.5048485,0.02393121
13.3675,-0.0108179655
13.573477,0.021500664
13.694227,0.012637328
13.669275,-0.00088609196
13.529598,-0.0068486836
13.705675,-0.01810206
13.761635,-0.032978028
13.8088455,-0.04223057
13.722399,-0.068478145
13.74544,-0.07322595
13.681082,-0.07616071
13.799885,-0.10472997
13.917402,-0.13911793
14.066629,-0.12763207
14.048681,-0.06983109
14.158443,-0.04626389
14.34646,-0.052985027
14.240017,-0.021568554
14.187798,-0.03363955
14.039909,-0.033874676
14.098499,-0.04134845
14.057081,-0.04142694
14.322683,-0.011061722
14.156845,0.015224179
14.318073,0.023486935
14.40102,-0.004402891
14.169947,-0.0006366912
14.457451,-0.00975899
14.210899,-0.006874595
14.285664,-0.01278129
14.436916,-0.024704961
14.780067,-0.009915685
14.475927,-0.01801152
14.668081,-0.008487169
14.490858,0.0037395936
14.579182,0.014257593
14.4784565,0.056843966
14.429756,0.06941895
14.579306,0.080740064
14.545717,0.06786638
14.605986,0.08031744
14.259016,0.11305423
14.287344,0.08435005
14.619806,0.024425257
14.342825,0.051682368
14.290932,0.053414837
14.430002,0.004316479
14.401922,0.01262084
14.562017,-0.005115466
14.421162,-0.025651732
14.490469,-0.0026659016
14.61628,0.015650116
14.518526,0.052011937
14.573978,0.03412056
14.515352,0.031783227
14.638018,0.026728487
14.448624,0.06534698
14.400248,0.060779504
14.443768,0.07073045
14.943342,0.03323763
14.847961,0.009487983
14.627825,-0.031415902
14.26836,-0.04882486
14.450674,-0.0612688
14.599737,-0.11887817
14.416927,-0.09393192
14.459158,-0.029071482
14.650772,-0.012015974
14.493832,-0.0329997
14.435402,-0.03406018
14.363516,-0.05141949
14.487576,-0.046818674
14.623545,-0.045795754
14.673931,-0.04017307
14.755129,-0.023892483
14.656017,-0.03183791
14.799366,-0.016981402
14.566181,0.017842354
14.497091,-0.03318482
13.948502,-0.047722004
13.986547,-0.04474535
13.982641,-0.027787993
14.1761875,-0.03148219
14.338926,-0.037823595
14.474993,-0.021381678
14.345114,-0.010535816
14.431463,-0.0073363613
14.371559,-0.014047744
14.397713,-0.01669783
14.522469,-0.030792808
14.506134,-0.02132064
14.394218,-0.04096406
14.53553,-0.055132806
14.638069,-0.034807198
14.475313,-0.013747748
14.496897,-0.00062327273
14.565794,-0.0018960256
14.446083,0.010709306
14.366661,0.007068876
14.539837,0.016867155
14.484827,0.019565726
14.13726,0.029292995
14.533421,0.037643284
14.509399,0.038665384
14.45606,0.0382274
14.345633,0.044476986
14.395765,0.04714927
14.2651825,0.05012712
14.068224,0.041430272
14.37624,0.04686082
14.401306,0.047077738
14.333326,0.03945733
14.162317,0.039258324
13.994865,0.04268244
13.890541,0.04454969
13.609747,0.03239809
13.617699,0.049437113
13.096073,0.06274776
12.949137,0.07379648
12.562988,0.047286823
12.652962,0.04690528
12.685287,0.04159596
12.692095,0.033806957
12.073261,0.031034278
11.849049,0.008794963
12.078663,0.0016852282
11.415058,-0.018836109
11.12727,-0.029470732
11.127583,-0.050917536
10.912638,-0.031292744
10.553598,-0.033311322
10.17529,-0.04921107
9.745723,-0.11989771
9.740057,-0.09577849
9.575783,-0.06734765
9.269665,-0.06024292
8.848151,-0.09416008
8.295132,-0.15848772
8.286056,-0.18604352
7.9329615,-0.30716896
7.8607,-0.417507
7.4082556,-0.6093262
7.098436,-0.60004175
6.8384185,-0.61807597
6.3677974,-0.51141965
6.2020683,-0.4659618
5.9596367,-0.3960239
6.014393,-0.34423473
5.7014456,-0.30081713
5.655737,-0.36256608
5.61527,-0.39437857
5.453546,-0.3296507
5.465273,-0.41455463
5.399557,-0.46211666
5.302155,-0.44223633
5.320213,-0.57355475
5.2815614,-0.5719774
5.2543015,-0.55248964
5.2061825,-0.46173397
5.133049,-0.38651192
5.146681,-0.3799174
5.1688824,-0.35799783
5.1357007,-0.3313517
5.111331,-0.23608859
5.173587,-0.3117396
5.1461997,-0.25110665
5.2464476,-0.3638352
5.192788,-0.39028502
5.3728104,-0.4641192
5.4372025,-0.4576626
5.4596195,-0.3795885
5.476097,-0.4021035
5.7377863,-0.40911257
5.992202,-0.39340395
6.275076,-0.32384062
6.2912545,-0.18115716
6.521759,-0.12650186
6.8011675,-0.070286065
6.591788,-0.097981
6.575017,-0.09787679
6.4565616,-0.119289234
6.65254,-0.1188582
6.646508,-0.0898584
6.721294,-0.07456887
6.77836,-0.049617328
6.8199615,-0.055896126
6.9206476,-0.0401164
7.093208,-0.032176487
7.2254868,-0.028770452
7.4452477,-0.02619099
7.5754075,-0.022751527
7.4555397,-0.033466414
7.739522,-0.015189057
7.6933894,-0.035031147
7.6901264,-0.022210425
7.6541605,-0.029550603
7.661313,-0.02591729
7.798002,-0.026267035
7.9264364,-0.020391794
8.049799,-0.024605272
8.032387,-0.01862123
8.119529,-0.0122764185
8.103508,-0.012624735
8.157661,-0.0035798382
8.098368,-0.013933223
8.008446,-0.011815205
7.9081397,-0.015178798
7.8710475,-0.018965578
7.844439,-0.025763562
7.8144555,0.009620143
7.6554866,0.012685724
7.6159143,0.007591758
7.5187387,0.0071612913
7.3137674,0.0042226203
7.189125,0.008115853
7.2240977,0.009888144
7.1038933,0.072832055
7.1048565,0.09274726
6.8216705,0.012986394
6.944253,0.1328992
6.9010773,0.14243273
6.7467194,0.12464536
6.914648,0.09814441
6.766343,0.071336575
6.7346606,0.08123714
6.540592,0.090263695
6.5241785,0.07863562
6.5346456,0.063197106
6.6974187,0.041917652
6.6768684,0.03279251
6.4025135,0.029695842
6.1640224,-0.00609068
