predicted forward vel,predicted angular vel
12.710381,0.0022884682
12.4629,-0.00379109
12.432963,-0.0036104452
12.43639,-0.005592767
12.464352,-0.0061727427
12.419663,-0.0123110935
12.433586,-0.01661896
12.562096,-0.008271117
12.48406,-0.006636396
12.369151,-0.017149176
12.438379,-0.018776387
12.676196,-0.021786503
12.8346195,-0.015332185
12.616335,-0.011279967
12.635279,-0.011593159
12.578479,-0.00973684
12.544165,-0.0060021225
12.302238,-0.005921021
12.303087,-0.0011657905
12.151445,-0.0026219003
12.299805,-0.0006552376
12.290121,-0.00078497827
12.242907,0.0009054877
12.458311,-0.0011605769
12.482311,0.00072327256
12.54991,0.0017459299
12.496986,-0.001246199
12.261776,0.005064534
12.299618,0.009021352
12.251081,0.0020118542
12.208853,0.0017380882
12.50651,0.00632032
12.552404,0.004671756
12.538311,0.0030025989
12.546096,0.0009826571
12.524351,0.0013458598
12.488852,0.0019909516
12.512821,0.00018030964
12.393109,0.0031209588
12.281667,0.0021113195
12.21611,0.0057042986
12.113368,0.00093150884
12.123022,0.008380184
12.120638,-0.0009321477
12.190068,-0.0057146735
12.176372,-0.008822612
12.175606,-0.01565253
12.183038,-0.011225365
12.185619,-0.0067701004
12.159181,0.00013189949
12.032619,0.0015457459
11.911247,0.0045647454
11.665881,-0.0027022567
11.759188,0.011068896
11.959822,-0.005642697
11.955479,-0.007611815
11.936887,0.0024220385
12.103989,0.012296078
12.015888,0.007856613
11.864772,0.006562547
11.889356,0.0054347273
11.809225,0.0062039457
11.739731,0.0016439259
11.756766,-0.0022161938
11.632935,-0.003530981
11.229141,0.0029162597
11.345675,0.0058456305
11.436835,0.015062046
11.195967,0.0123294145
11.277694,0.011523383
11.135596,0.012276626
10.966812,0.012347981
11.17448,-0.0018559247
11.117965,-0.0008579381
11.085511,-0.0062833354
10.853468,0.0025496967
10.805376,0.012589271
10.865438,0.011225423
10.93244,0.0118628945
11.028475,0.006671693
11.111004,0.0057804734
11.304276,0.0017838441
11.345684,0.0061578415
11.407704,0.0073950663
11.403509,0.0038400888
11.394122,0.00045341626
11.41075,0.0032031536
11.350559,0.002505608
11.390539,0.0011506416
11.420384,0.0035694987
11.306955,0.004206525
11.313939,0.0037177913
11.340308,0.0030838791
11.543767,0.002904052
11.537875,0.0027432404
11.447356,0.00031284615
11.450236,2.008304e-05
11.479211,0.0023172572
11.494396,0.0055021737
11.600107,0.0086419005
11.745994,0.012440672
11.89034,0.013956416
12.001449,0.011296723
12.052721,0.010564674
12.18716,0.009141176
12.3855505,0.014306702
12.384902,0.009942746
12.379877,0.007678208
12.424393,0.009357654
12.4066515,0.018922476
12.439419,0.015912076
12.378164,0.01699407
12.4218235,0.006170418
12.481345,0.008880737
12.617524,-0.014036369
12.678748,-0.010869201
12.721608,-0.00892126
12.767597,0.002298968
12.785195,-0.0009438433
12.611172,-0.0012118556
12.647006,0.007961266
12.687728,0.0037544556
12.647578,0.006683141
12.733837,0.009608386
12.638277,0.007972548
12.740171,0.0064781476
12.766598,0.007723313
12.727526,0.008956168
12.6738615,0.009234091
12.77777,0.009039832
12.859171,0.0049350597
12.86249,0.008473385
12.8131075,0.009124194
12.709871,0.012826704
12.6367035,0.008685218
12.761284,0.007864848
12.75179,0.0049480554
12.743083,0.0075571537
12.759857,0.0063218772
12.914286,0.009886185
12.81119,0.0023225397
12.907217,0.004504429
12.998933,0.0024804026
12.980262,0.003925467
12.962227,0.0017839093
12.926451,0.0023545995
12.93633,0.0045255087
12.851008,0.0024302378
12.748668,0.0023947041
12.747567,0.0016542897
12.66481,0.0005888529
12.734806,0.0042693205
12.809397,0.0032810122
12.880034,0.0034082308
13.068856,0.0042273756
12.969229,0.0019915625
13.015493,-0.0021718703
12.946647,-0.0041488856
12.778972,-0.0019714814
12.668966,-0.0028935298
12.627381,-0.0022013728
12.531328,0.001387028
12.376127,-0.0013359487
12.085138,-0.0003852807
11.902039,-0.007520601
11.882978,0.0028727837
11.890869,0.0033483393
12.022374,0.0019970853
11.989076,0.0013575405
12.071292,-0.000753114
12.160047,-0.006111838
12.13679,-0.0061644167
12.112454,-0.0038803555
12.083046,-0.0050419234
11.846251,-0.0067884065
11.6799965,-0.004004907
11.4831705,-0.0075577796
11.195424,-0.0084926225
11.593053,-0.017418548
11.736017,-0.016288541
11.524788,0.013785732
11.003013,0.022467248
10.325763,0.03205484
9.95574,0.02010651
9.523859,4.917197e-05
9.289928,-0.021768562
9.026323,-0.024425909
8.485802,-0.030678742
8.336525,-0.036569096
7.9277534,-0.047301255
7.9126725,-0.054925755
7.9546447,-0.055432603
7.686412,-0.050856836
7.4351153,-0.05789023
7.2161083,-0.057672687
7.1191034,-0.05634287
7.1403365,-0.048330992
7.023513,-0.04843968
6.896116,-0.035292752
6.9368277,-0.024779793
6.94698,-0.020596445
6.9537396,-0.028726365
6.9350905,-0.035683468
6.8454976,-0.020931281
6.8322864,-0.015940383
6.7295456,-0.020905342
6.7390633,-0.019238397
6.7764134,-0.014796317
6.837074,-0.020031959
6.8679194,-0.018106278
6.8147373,-0.01737205
6.7759657,-0.020129174
6.7910624,-0.026481621
6.858105,-0.052746065
6.9298415,-0.0597921
6.9553356,-0.056588575
7.118323,-0.046249226
7.1573977,-0.053612262
7.086717,-0.04927603
6.891732,-0.037318245
7.0166245,-0.021760568
6.983243,-0.020114258
7.4785466,0.022698736
7.284015,-0.012515198
7.490358,0.0034544226
7.658344,0.014776311
7.855714,0.0023541562
8.019421,0.0007731207
7.968032,0.0057750084
7.9565554,0.0119830165
8.002078,0.02634237
8.119671,0.037025567
8.048992,0.022462867
8.080458,0.012405942
8.13307,-0.0064536724
8.158422,-0.015111722
8.27993,-0.002976276
8.277416,0.012048151
8.248366,0.0075502032
8.15753,0.0011591539
8.24974,-0.015235353
8.274988,-0.0119045265
8.439159,-0.01692634
8.374718,-0.025902838
8.327353,-0.027665053
8.413004,-0.034430407
8.4075775,-0.03209691
8.411533,-0.021890718
8.470341,0.0063903015
8.544161,0.0053650886
8.511013,-0.0021533277
8.574539,0.0010900646
8.574391,0.018871931
8.536468,0.035547342
8.301596,0.031468466
8.116337,0.036542587
8.102076,0.04817523
8.208901,0.044405386
8.151842,0.045835234
8.294861,0.043853685
8.320869,0.023232214
8.231953,0.0029932
7.8581133,0.008980798
7.4482675,0.018425778
7.265402,0.03729142
7.2675447,0.019456713
7.078293,0.02972414
6.995773,0.03730902
6.976123,0.043928556
6.716418,0.05364699
6.518571,0.048989173
6.2456713,0.050563924
6.014325,0.032368932
5.8701844,0.015981719
6.012623,-0.007539183
5.526256,0.05886385
5.504224,0.09220785
5.238433,0.18990195
5.087105,0.23917486
5.124379,0.30544668
5.1735187,0.21519636
5.0631523,0.34000486
4.9410005,0.2877165
4.8049464,0.2957185
4.570138,0.28526193
4.3821297,0.33602828
4.324224,0.31728166
4.295982,0.33466905
4.3399463,0.26245618
4.1564035,0.24334179
4.0629063,0.34273696
3.9627595,0.35875106
3.8847764,0.42808843
3.7646143,0.43093425
3.7033591,0.40342206
3.73069,0.36527538
3.6802235,0.40817297
3.6957207,0.46444553
3.604373,0.47894675
3.5222442,0.43188202
3.7041945,0.32669783
4.002617,0.14179632
4.0748844,0.13341755
3.9638286,0.22920457
3.8193202,0.32251006
4.168582,0.33542007
4.2165318,0.35282707
4.194254,0.43805623
4.336931,0.41699427
4.7141523,0.46727264
4.8040676,0.46297956
4.929032,0.5103924
4.9724045,0.53931177
4.9820986,0.5058191
4.887501,0.48428452
5.1023626,0.44764072
6.3612957,0.38050085
6.379745,0.39828753
7.062784,0.37785697
7.1086044,0.3923127
7.417655,0.34929925
7.3085427,0.37191397
7.815966,0.4084391
7.917637,0.37515634
7.9114056,0.33714867
8.08379,0.32679993
8.2785015,0.27064264
9.263132,0.1927031
9.585484,0.20342085
9.693686,0.15543664
9.780972,0.143239
9.953616,0.13166484
9.967934,0.10477822
9.909391,0.11417419
10.913663,0.0889081
11.66394,0.08177955
11.994927,0.05419015
12.386519,0.033043582
12.267484,0.0036037527
12.342448,-0.00055343844
12.287467,-0.009132452
12.406711,-0.015745323
12.543869,-0.009863079
12.508622,-0.011146054
12.590142,-0.010602858
12.614671,-0.009089194
12.642258,-0.007475164
12.781622,-0.015078928
12.927824,-0.016890995
13.101108,-0.02021189
13.218346,-0.021349482
13.31541,-0.023482747
13.114644,-0.019580163
13.063625,-0.016459398
13.07007,-0.006465288
13.1807995,-0.005343659
13.171466,-0.0039464217
13.156898,0.00063644536
13.239806,0.0053206123
13.264149,0.008480413
13.397247,0.017235342
13.464132,-0.005002668
13.389477,-0.005069513
13.171749,-0.013609316
13.318738,-0.0107733905
13.389386,-0.0010771677
13.475738,-0.007985
13.448013,0.0015648454
13.49851,0.0039150044
13.400421,0.0144407
13.39765,0.02367079
13.4426565,0.01597242
13.51074,0.013795864
13.591652,0.009122066
13.657751,0.001321556
13.604576,0.0031547956
13.659142,-0.0044919215
13.663641,-0.0020053983
13.811167,-0.0029658955
14.071905,-0.009313237
13.996432,-0.0033412203
14.139509,-0.005384531
14.34163,-0.023165785
14.26512,-0.02783554
14.079673,-0.02181976
14.143013,-0.02750577
13.959104,-0.020500712
14.005682,-0.015670758
14.2414,-0.018560372
14.080501,-0.008968618
14.067672,-0.0029865224
14.018501,0.0067799482
14.116694,0.005871527
14.202694,0.0010303818
14.148973,-0.01523944
14.146475,-0.02585677
14.381806,-0.020274956
14.166117,-0.015091293
14.277899,-0.011083849
14.000712,0.0030307788
14.0458555,-0.003442416
13.862335,0.0048970673
13.9339485,0.004865963
13.959368,0.0063067097
13.928938,0.006782446
13.832868,0.0014849734
13.828141,0.005366022
13.665497,0.01403717
13.905711,0.016557168
13.891497,0.019507222
13.8481865,0.024061417
13.720685,0.013078541
13.687516,0.010784832
13.600329,0.008153386
13.394802,0.012136925
13.357445,0.012114298
13.177251,0.011425021
13.083995,0.011617251
12.996878,0.007641026
12.975118,0.005553823
12.508855,0.0067097265
12.245744,0.012291603
12.095422,0.0106324125
11.721829,0.00830064
11.667909,0.012456847
11.570746,0.015242152
10.955382,0.0141727775
10.558496,0.011068679
10.231301,0.001856422
9.724659,-0.0072313547
9.834943,-0.015108723
9.592574,-0.024539016
9.243102,-0.017084714
8.915421,-0.020529952
8.728012,-0.021705821
8.598412,-0.011614986
8.26627,-0.010906875
7.914965,-0.02063281
7.8949533,-0.029289655
7.5505204,-0.026361391
7.493317,-0.024094153
7.182454,-0.016721133
7.244518,-0.021516256
6.9299183,-0.0066662095
6.8167057,0.0018209256
6.8047624,0.016780796
7.04799,0.03953554
6.9998407,0.048820168
6.9758854,0.028993178
6.585409,0.048335664
6.5907803,0.020972017
6.5486183,0.016069986
6.65877,0.027018443
6.5883794,0.016059704
6.5730615,0.011754461
6.5911865,0.021005277
6.752432,0.010834906
6.5755677,-0.00022960827
6.583746,0.009226941
6.819475,0.00996948
6.6727943,0.016488016
6.7390685,0.020677214
6.728973,0.017156044
6.7683053,0.019511703
6.801246,0.022331858
6.8137236,0.024546517
6.9033637,0.03346082
7.0092134,0.035399802
7.152763,0.043575455
7.257471,0.031068806
7.121811,0.016661867
7.3790107,-0.00071005337
7.5642014,-0.018312965
7.9377418,-0.02133011
7.950067,-0.019003574
8.102606,-0.014440503
8.647219,-0.016154643
8.858217,-0.017448947
9.038717,-0.018276416
9.370878,-0.01605047
9.861298,-0.0066816825
10.241401,0.0023639314
10.333669,0.0078013167
10.260165,0.005772181
10.500628,0.009653779
10.36316,0.019457102
10.284904,0.01757076
10.627396,0.013419907
11.120413,0.025675584
11.15924,0.010761578
11.253834,0.013637368
11.419053,0.00902154
11.578267,0.009627116
12.001704,0.009297386
12.15325,0.0064070355
12.519852,0.007596398
12.546369,0.011478484
12.662314,0.011227843
12.788528,0.0106968125
12.984825,0.0132729765
12.83115,0.00936533
12.837871,0.011629073
13.482902,0.0018515643
13.681863,0.008621555
13.738689,0.008322885
13.737274,0.00971145
13.622862,0.006971242
13.786309,0.009554251
13.9214945,0.016075738
14.020718,0.018581562
13.785862,0.016515056
14.037858,0.013755719
14.248205,0.032733068
14.369296,0.015062462
14.540057,0.01199475
14.513101,0.008106503
14.449352,0.008223014
14.351811,-0.0049777813
14.203706,0.0022091977
14.193128,0.008798298
14.168694,0.002583703
14.203703,0.013779669
14.113983,0.0024133343
14.068577,0.00516513
13.995813,0.0135686435
13.803375,-0.0008578859
13.80935,-0.0004669428
13.73665,-0.0020476729
13.762142,-0.0006493833
13.751337,-0.0056269225
13.94441,-0.0029272418
14.092105,0.0023818593
14.023451,0.0013442375
13.9056835,9.685755e-08
13.942669,0.0016399138
14.049357,-0.0032097585
14.092945,-0.0030427277
14.06066,0.002019139
13.899364,0.00584846
14.072668,0.012694299
14.102526,0.014453759
13.967858,0.009644084
13.832805,0.0068502855
13.664787,0.001109302
13.516483,-0.00970275
13.616529,-0.01277788
13.561219,-0.007190829
13.376321,-0.00831338
13.352325,-0.0069172755
13.251827,-0.005852945
13.34502,-0.0009905044
13.413597,-0.0026617218
13.483421,0.0017707404
13.334976,-0.0015702173
13.258982,-0.0021877121
13.499342,-0.008731332
13.492068,-0.023685716
13.382603,-0.02868196
13.242261,-0.022018697
13.4127445,-0.016678654
13.371888,-0.018991217
13.364653,-0.007780349
13.438186,-0.0062993187
13.403671,-0.0068802014
13.393491,-0.009309512
13.430996,-0.004661601
13.471147,-0.006402705
13.466749,-0.00453756
13.383941,-0.006358763
13.477202,-0.0026612394
13.46927,-0.0042144097
13.642402,-0.0015034303
13.6212225,0.0030828472
13.65649,-0.0078317
13.643469,-0.009697862
13.515113,-0.018882804
13.486977,-0.020181894
13.543316,-0.008084819
13.477363,-0.00750483
13.3156,-0.013162412
13.484865,-0.00973101
13.71811,0.0044965874
13.788525,0.0077814627
13.947038,0.015552678
13.789515,0.016637197
13.804973,0.012323322
13.799061,0.0066488804
13.703983,0.005750196
13.621639,0.0048557036
13.565621,0.00060446
13.635816,0.0007297378
13.675339,0.0043529235
13.682367,0.013125115
13.757582,0.011070012
13.675686,0.0047727115
13.683002,0.0010910053
13.521984,0.0031198487
13.505449,0.0013926681
13.517763,0.0024005324
13.328883,0.0031660218
13.459469,0.004399549
13.539868,0.0075509995
13.491343,0.004230717
13.460105,0.0010360386
13.405907,0.003934169
13.337626,0.0025396291
13.23718,0.00091050006
13.284302,-0.0049504824
13.225871,-0.00054164603
13.3383045,0.01014448
13.234875,0.003201887
13.255125,0.010814181
13.33189,0.007992476
13.247376,0.009606943
13.368011,0.0059087146
13.397353,0.0068324385
13.423159,0.007507541
13.245608,0.013355659
13.172376,0.014456138
13.104646,-0.003590325
13.35697,0.00817602
13.336902,0.0034808572
13.352677,-0.0014537945
13.246249,-0.005140377
13.233578,-0.0064973496
13.280153,-0.0054710265
13.246203,-0.0053447466
13.119292,-0.006297104
13.049796,0.003762748
12.983359,0.006533405
13.115897,0.007992381
13.156853,0.014487261
12.978467,0.00035701692
13.095788,0.0058776364
13.059796,-0.009401143
13.011703,-0.009647265
12.9738655,-0.00886221
12.8693075,-0.0054282844
12.813723,-0.006043069
12.797481,-0.006649025
12.798707,-0.0061673857
12.908535,-1.6838312e-06
12.823401,0.007558193
12.731672,0.006758662
12.631544,-0.00033549406
12.547732,0.0043504685
12.339937,0.00014913827
12.412201,-0.00036210194
12.108249,0.00020671263
11.908096,0.010872791
11.942119,0.006886187
11.854025,0.006658938
11.97388,0.009287242
12.055723,0.0062758625
12.114277,0.011357013
11.964208,0.016394531
11.791931,0.015501473
11.67717,0.008800108
11.694316,0.014875047
11.717338,0.015859839
11.660431,0.020401077
11.546549,0.02293627
11.205376,0.018292014
10.918635,0.0039173067
11.002463,-0.011902973
10.791453,-0.012193821
10.347963,-0.026247524
10.156653,-0.032058693
10.043898,-0.020461597
9.629196,-0.016912006
8.954811,-0.018032957
8.668523,-0.009685576
8.120068,-0.005354926
7.7941313,-0.0029199421
7.601577,0.008393087
7.3295636,0.017234452
6.873931,0.070764214
6.8527126,0.040749073
6.9094706,0.0420209
6.857464,0.05291429
6.386493,0.15516256
5.7180676,0.32081878
5.587555,0.3938883
5.3496323,0.3510983
5.0478816,0.36447573
4.8963895,0.4006561
4.6181717,0.45721513
4.4875903,0.46162474
4.450362,0.47671217
4.4993925,0.47032845
4.5727544,0.43404084
4.5795155,0.41815794
4.552047,0.42448854
4.42675,0.45293432
4.3590245,0.54062444
4.181364,0.49578148
3.8785646,0.43138987
3.706202,0.46677524
3.9440942,0.46361947
3.959052,0.5290393
4.1104083,0.4616388
3.8540015,0.47162467
4.3194838,0.42885953
4.3764257,0.4087757
4.5884376,0.24243094
4.5856495,0.36218774
4.3549366,0.33559263
4.245596,0.44463736
4.6893873,0.5478769
4.8346353,0.57488376
4.7448187,0.59881127
5.0104084,0.5700878
4.9877806,0.5948802
5.1231923,0.44398266
5.345748,0.41954672
5.429622,0.26855713
5.5597773,0.2997055
6.031718,0.2869376
6.205857,0.3440734
6.6141896,0.34248775
6.7139053,0.30292082
6.9915257,0.25735372
7.029312,0.22370121
7.4786544,0.15570502
8.253239,0.093957335
8.631002,0.0735845
8.257451,0.09562948
8.289412,0.061129436
8.321377,0.030969502
8.192493,0.025040124
8.99615,-0.008863829
9.410251,-0.02174858
9.412527,-0.02513747
9.768578,-0.019518409
10.5545845,-0.014179889
11.604951,0.005987022
11.597693,0.0050535183
11.409613,0.009761394
11.538258,0.008867572
10.974655,-0.0017863084
11.569114,0.008402709
11.672658,0.013367115
11.92579,0.01007003
11.901622,-0.00021988526
12.142612,0.0013188887
12.222941,0.0013070721
12.356597,0.008010346
12.465107,0.0055642687
12.703979,0.005706873
12.761461,0.0052748304
12.93795,0.01085162
12.791512,0.008931169
12.871603,0.009112979
13.476207,0.020348435
13.800195,0.0089557525
13.71076,0.0052925646
13.611676,0.002784174
13.590331,0.009503513
13.570424,0.00229742
13.720172,0.012099495
14.021698,0.010849638
13.923186,0.015546082
14.157634,0.014656714
14.020391,0.0014596991
14.057248,0.0019572526
14.202297,-0.002456138
14.11746,0.00011057407
14.158926,0.0043080635
14.061676,-0.000858251
14.392927,0.00066707283
14.591574,0.004209077
14.593577,0.00865166
14.241687,0.015355732
14.447168,0.009758707
14.589279,0.005812401
14.442121,0.003073942
14.295794,0.002230879
14.371698,0.0014568157
14.435066,0.0010891091
14.247361,0.0025395416
14.289876,-0.0014292337
14.399172,0.009765639
14.686159,0.0053864457
14.42362,0.0022558086
14.389157,0.0004681386
14.415265,-0.0036692992
14.498716,-0.0037591793
14.358629,0.0009706374
14.466502,-0.001124829
14.566987,0.0016467776
14.82997,0.011201213
14.436459,0.0090865195
14.471936,-0.0062733795
14.121006,0.0011292696
14.209855,-0.0043617487
14.30204,-0.003229536
14.519036,-0.0065630376
14.396907,-0.008857431
14.548772,-0.00059947
14.488775,0.0044181887
14.352198,0.0053715184
14.410821,0.0075042006
14.53988,0.0019021444
14.35099,-0.0033738893
14.376818,0.00038138404
14.285822,-0.00014006346
14.45861,-0.0068863705
14.316104,-0.006115973
13.997175,-0.00020920485
13.768015,-0.0036590714
13.991741,0.0015784167
14.094596,0.0051749162
14.082068,0.0027395487
13.969474,0.0041557886
13.684402,0.008015438
13.605826,0.011008002
13.711039,0.010910092
13.733665,0.015104298
13.898319,0.009738643
13.97075,0.019932251
14.05031,0.011586613
13.953703,0.007335866
13.92971,0.013474286
13.802078,0.012446765
13.938358,0.010671187
13.614896,0.006548927
13.641044,0.0062929243
13.538233,0.013791306
13.501459,0.0075082304
13.514728,0.012752327
13.591435,0.031641968
13.561033,0.007714548
13.206279,0.000300508
13.044546,-0.0017572567
12.845168,0.003948983
12.729211,-0.0020298064
12.619595,-0.0005645305
12.727694,-0.0016369019
12.645082,-0.0035771504
12.530132,-0.010978807
12.679516,-0.004376024
12.647354,-0.003992576
12.697293,-0.014485292
12.905788,-0.012165755
13.054399,-0.013491426
13.090044,-0.00975056
12.935179,-0.004715439
13.015836,-0.0012994483
12.788532,-0.0028226674
12.532293,-0.0029877797
12.431586,-0.0014347881
12.484759,-0.0008089803
12.5215,-0.0007578768
12.498787,0.00070264563
12.544168,-0.0025351718
12.630461,-0.00091079064
12.665436,0.0023863614
12.620131,0.0004284419
12.710796,0.00219509
12.491943,0.011270918
12.600205,0.0027447809
12.689884,0.004633097
12.741189,0.00953664
12.730065,0.0047615953
12.691832,0.0068733636
12.704107,0.0020400584
12.6365,0.0029430669
12.66292,-0.00020067766
12.649426,0.0014351904
12.525371,0.0060492493
12.5035515,0.008747043
12.409012,0.009083619
12.486659,0.00815602
12.479503,0.0027423054
12.474074,0.0056844577
12.373405,0.010973077
12.40476,0.00557214
12.350346,0.0052140485
12.521045,0.003431961
12.432932,0.0067682182
12.192469,0.010032344
11.947813,0.007663953
11.956763,0.009534685
12.0970125,0.0087680975
12.175989,0.0018469319
12.150326,0.01120989
12.37385,0.014433215
12.205539,0.0151257105
12.223652,0.0069587585
12.127643,0.011143057
12.176321,0.012003671
11.787381,0.006762609
11.864757,-0.0010611787
11.842266,0.009665058
11.1324625,0.008082389
11.322747,0.01199976
11.4710455,0.01741991
11.324311,0.0131000355
11.141436,0.012924667
11.2302265,0.01151713
10.890339,0.017100096
11.033999,0.013477907
10.98451,0.009551645
10.841204,0.010942826
10.664347,0.0118081095
10.650396,0.009715407
10.5519285,0.012997134
10.506585,0.013733572
10.467262,0.013871321
10.492133,0.011014814
10.621114,0.011684364
10.567739,0.014797581
10.922786,0.018898105
10.883401,0.021743635
10.540436,0.0077206697
10.375432,0.0023195706
10.4921255,0.009326527
10.567387,0.010735546
10.37071,0.01479266
10.398991,0.017755687
10.619541,0.012821242
10.790986,0.0035721883
10.893626,-0.0048910435
10.981598,-0.01775223
10.961541,-0.019710664
11.185881,-0.022476647
11.32084,-0.022799559
11.388282,-0.019032393
11.461019,-0.024907995
11.577504,-0.003579611
11.552733,-0.007552922
11.566315,-0.0243484
11.716082,0.0038464516
11.946915,0.0041695293
11.954835,0.0020526852
11.979972,-0.0017708354
12.082436,-0.0029485878
12.252571,-0.009146392
12.161614,-0.02208966
12.205878,-0.011412263
12.190811,0.0042947046
12.303627,0.016370263
12.341741,0.0058588814
12.309245,0.017461406
12.509652,0.0098195495
12.502282,-0.00071923994
12.612406,-0.0061853305
12.623688,0.004369894
12.770251,0.0026762187
12.906944,0.005323842
12.829191,0.008744
12.647673,0.016729562
12.776773,0.0124025885
12.8137455,0.017544022
12.8458,0.01882785
12.772805,0.013958933
12.853183,0.009785415
12.958148,0.011158668
12.834145,0.01574701
12.859386,0.012820777
13.030228,0.010114187
13.083098,0.01283771
12.957671,0.013760639
12.924958,0.019913642
12.892636,0.016819632
12.924953,0.013164125
12.975939,0.014073938
12.991601,0.016201388
13.252887,0.014218269
13.10737,0.005455442
13.054415,0.008651387
13.236198,0.0061210115
13.172295,0.0030415207
13.135851,0.003667757
13.1591835,0.0029645935
13.044028,0.0056480244
13.003977,0.004380921
12.932804,0.0019528046
12.914868,0.001418449
13.076154,0.0052556433
12.835377,0.0030177608
13.093624,0.005534645
13.086513,0.0042616315
13.165284,0.0005285591
13.039291,-0.002691429
12.867441,-0.0014779568
12.794799,-0.002115991
12.728501,6.476045e-05
12.648773,-0.0010475051
12.416942,-0.0008693971
12.207785,-0.003792476
12.277209,-0.0013962556
12.167295,0.0021943152
12.339646,-0.00037495047
12.316861,-0.0024158359
12.2817955,-0.0021485724
12.394232,-0.0021985266
12.377917,-0.005719958
12.306387,-0.006458938
12.229505,-0.006752003
11.954441,-0.0075914823
11.824367,-0.013334744
12.018335,-0.015730012
12.156907,-0.0028346553
12.026337,0.012971402
11.4084425,0.024347335
11.096639,0.029706135
10.864941,0.028375149
10.145755,0.0048647765
9.959146,-0.0022121854
9.568298,-0.018693093
9.601189,-0.027343988
9.490982,-0.031297106
8.809156,-0.048778906
8.207723,-0.05205507
8.117654,-0.045718364
7.796212,-0.03357725
7.39756,-0.031386975
7.3442073,-0.015696377
7.2128854,-0.013484806
7.300359,-0.011390634
7.1420097,-0.013327744
7.0775013,-0.018956032
7.0366344,-0.018976815
7.013729,-0.014568429
7.0482354,-0.016731832
7.1403766,-0.021872472
7.121476,-0.016962644
7.175273,-0.022957422
7.277581,-0.02693563
7.290775,-0.03478937
7.2025876,-0.026309751
7.2507696,-0.034174662
7.281292,-0.049621828
7.039336,-0.054545246
6.9239388,-0.058689244
6.994104,-0.04269155
7.039133,-0.038586795
6.984307,-0.05049272
6.9994483,-0.018698037
6.959719,-0.024963181
7.2975974,-0.0037381686
7.306519,-0.01167246
7.383291,-0.009909563
7.6910934,0.012619043
7.8389473,-0.0021390617
8.038811,-0.0016245618
7.98375,0.005876519
7.9786177,0.0174269
7.8826785,0.024683286
8.114928,0.0339661
8.12525,0.024464037
8.130285,0.0209366
8.188168,-0.004191909
8.177281,-0.011845339
8.268999,0.008183769
8.448043,0.020740079
8.347792,0.025211982
8.29604,0.00917937
8.346836,0.0010680426
8.389368,0.001335023
8.478678,-0.016477518
8.408461,-0.019128717
8.422085,-0.026079845
8.439729,-0.02887465
8.511755,-0.017985474
8.503616,-0.012401324
8.565699,-0.014266331
8.605455,-0.029280975
8.593453,-0.03494851
8.657015,-0.026654009
8.452152,0.015790794
8.414311,0.024851367
8.173828,0.03289665
8.386862,0.020104446
8.473951,0.01282151
8.483055,0.024497323
8.393127,0.012580449
8.58971,-0.01673035
8.631123,-0.015630603
8.450802,-0.006965032
8.129747,0.0032025483
7.950165,-0.00013513677
7.968551,0.012834178
7.6151843,0.018122777
7.7274494,0.02016535
7.848064,-0.0019893404
7.7866,-0.044194266
7.654948,-0.054646663
7.7540593,-0.061385587
7.7432485,-0.055953383
7.7759557,-0.05946313
7.968242,-0.04848192
7.980677,-0.0385613
7.9499435,-0.038350962
7.935113,-0.03269334
8.0352745,-0.019110836
8.057861,-0.029510207
8.074499,-0.038558457
8.041962,-0.041299105
