predicted forward vel,predicted angular vel
5.581382,-0.030113049
5.4060736,-0.022914939
5.3198586,-0.020960636
5.454107,-0.007764386
5.5811725,-0.0035607386
5.544382,-0.0039005205
5.5894547,-0.005365936
5.676586,0.0033588074
5.6862383,0.023366528
5.746406,0.046313144
5.7421765,0.059524663
5.718734,0.049284138
6.136348,0.05285678
6.328935,0.03175479
6.4086766,0.019362057
6.3519044,0.01424979
6.5864196,0.03504159
6.4656777,0.035491686
6.6381683,0.010529986
7.4388366,0.0088976305
7.575433,0.0054709036
7.322256,0.0022319295
7.4146543,0.00034237094
7.5157022,0.0012150779
8.138996,0.0052608475
8.861273,0.007682169
8.816925,0.0072098244
8.832663,0.008718239
8.9380245,0.0087804925
8.902774,0.018233735
9.131334,0.019377913
9.377374,0.01737952
9.498424,0.016726436
9.525486,0.009081246
9.635187,0.019162279
9.70156,0.017719947
9.696003,0.013299745
9.766392,0.006769873
9.770659,0.0015074369
9.864536,-0.0025592241
9.99368,-0.0015170053
10.206122,-0.0014979877
10.3547945,0.004914699
10.550315,0.0012767706
10.565029,-0.0005421415
10.548698,0.0011526886
10.363003,-0.0015322119
10.280628,0.0030516535
10.407866,0.0026557595
10.432729,0.00171322
10.554556,0.0019754097
10.52818,0.005506186
10.542828,0.0010544211
10.567683,0.0024705995
10.765328,-0.00365239
10.798101,-0.0029940866
10.776847,-0.0042364895
10.690153,-0.0021633226
10.615657,-0.0031513553
10.662493,-0.013715275
10.575228,-0.015111636
10.602911,-0.0057990737
10.430834,-0.0031107552
10.3326025,-8.520484e-05
10.348094,-0.0011614449
10.433977,-0.0040501878
10.497701,-0.0025180168
10.572369,-0.0028934516
10.568766,-0.00680485
10.499035,-0.009055378
10.589311,-0.009186499
10.563078,-0.005564574
10.511329,-0.0022982042
10.532796,-0.0027083065
10.604738,-0.00084433705
10.546467,-0.00029804
10.548779,-0.00027040765
10.480378,-0.003510151
10.408995,-0.0013932809
10.304346,-0.004220333
10.29765,-0.0012041498
10.186426,-0.0012794007
10.082821,0.0009814799
9.848786,0.0019409731
9.825291,0.0031567551
9.930017,-0.0024908148
9.757254,0.00830745
9.613196,0.018413177
9.401165,0.013571551
9.721565,0.009532331
9.881865,0.008345877
9.723833,0.0067152297
9.616005,0.006759176
8.891653,0.007241235
8.646929,0.008039331
8.703596,0.008105941
8.653883,0.0032183137
8.601611,0.0028516315
8.1506405,-0.0067796465
7.753736,-0.012664348
7.2971582,-0.016908325
7.2209306,-0.021239638
6.931593,-0.024748914
6.8942575,-0.029297069
6.584503,-0.027510189
6.216445,-0.02570346
5.70571,-0.029755395
5.496501,-0.03197535
5.5187235,-0.031462412
5.362399,-0.044150725
5.0312796,-0.047541335
4.9033885,-0.04910241
4.8704314,-0.048938245
4.7881746,-0.041117758
4.5172114,-0.043167606
4.5614014,-0.03221182
3.92737,-0.03535001
4.043777,-0.021992348
3.6216428,-0.11697392
3.355374,-0.1811695
3.4298673,-0.21289985
3.71782,-0.28687447
3.6325955,-0.28398764
3.7278202,-0.3548028
3.2743645,-0.4320711
3.2703245,-0.43599898
3.613822,-0.46832818
3.4964068,-0.5539968
3.486576,-0.5974058
3.602311,-0.50864255
3.6550078,-0.40871906
3.5917277,-0.4167567
3.8677797,-0.41415024
3.7105584,-0.4794445
3.605151,-0.49055278
3.4256978,-0.52165073
3.4916418,-0.55410016
3.400928,-0.50308186
3.2992911,-0.2926904
3.3724802,-0.27387673
3.993393,-0.43772793
3.8765016,-0.43229818
3.9200299,-0.36175174
3.9782996,-0.3429029
4.085839,-0.40047342
4.436565,-0.31874996
4.6767435,-0.3565663
5.1304626,-0.29319137
5.24916,-0.23982854
5.580022,-0.1765302
5.5680356,-0.15313111
5.243285,-0.093840234
5.3328695,-0.11584963
5.368722,-0.055525422
5.4551077,-0.026521172
5.644872,-0.0011393316
5.794972,-0.01559246
6.1856427,-0.011128224
6.1349387,-0.0015256256
6.2125216,0.0056571625
6.459765,0.016536482
6.6050043,0.008923601
6.69787,0.0028270744
7.1089644,0.00089893304
7.119509,0.005164575
7.137541,-0.002116982
7.44544,-0.007969262
7.386175,-0.02821169
7.330187,-0.04381291
7.704586,-0.02997649
7.7448006,-0.038014997
7.7642503,-0.045379907
8.026691,-0.026999023
8.164957,-0.025450181
7.9739733,-0.035132565
8.074924,-0.035710294
8.024552,-0.04085338
8.088116,-0.051130533
8.084539,-0.055142663
7.9394403,-0.057964332
8.035921,-0.047436483
8.236208,-0.05670385
7.7472396,-0.044281945
7.896446,-0.085669994
7.921953,-0.030186243
7.7209196,-0.05395388
7.5311556,-0.010933012
7.4013824,-0.032199416
7.3300133,-0.020497184
7.4294496,-0.059581473
7.4948487,-0.058267914
7.334291,-0.029032305
7.3334,-0.030764863
7.201552,-0.052357793
7.1329412,-0.017186578
7.015702,-0.029436521
7.2479525,-0.029087335
7.381974,-0.05905935
7.3193946,-0.06049584
7.244804,-0.06414303
7.2381415,-0.07283139
7.228764,-0.05320102
7.096601,-0.03987947
7.1599936,-0.03132524
6.973772,-0.018754099
6.6928124,0.009326216
6.4213676,0.04442156
6.6159205,0.029571142
6.728812,0.021099446
6.5618234,0.038928658
6.4104314,0.054003254
6.295206,0.06247664
6.2051067,0.050287746
5.973097,0.055946942
6.162239,0.037590593
6.1249533,0.029757667
6.5262766,-0.009828497
6.3365602,0.025664454
6.155206,0.033660002
6.274106,0.056244005
6.4319406,0.09267945
6.561197,0.062487107
6.964078,0.05809768
7.1490545,0.04918997
7.0233335,0.039576873
7.135623,0.037621222
7.184763,0.022025267
7.3017225,0.001319237
6.9816875,0.027235426
6.872537,0.044996124
6.7234783,0.07108959
6.963145,0.06548604
7.2157226,0.04885602
7.4430275,0.015373005
7.264391,0.021521822
7.1051297,0.050242975
7.074243,0.058333606
7.0127897,0.08388278
6.842012,0.0869746
7.0306625,0.08099538
7.2009816,0.048506994
7.4408865,0.03625142
7.253433,0.019899406
7.4708314,0.006501792
7.756249,-0.028631866
7.8900805,-0.037198354
7.779842,-0.04051195
7.9748425,-0.0417177
7.880374,-0.050624266
7.777274,-0.035368167
7.7600546,0.019836802
7.75886,0.0140427565
7.922899,0.03656611
7.951587,0.025269872
7.788661,0.0018218625
7.8832693,-0.013703592
7.9286566,-0.014025353
7.684294,-0.017268822
7.6599255,-0.023072887
7.910919,-0.02602965
7.949048,-0.035916544
7.7536,-0.038749754
7.908267,-0.023527265
8.08466,-0.02851488
8.271012,-0.026690591
8.298002,-0.028773233
8.2284565,-0.026912346
8.184866,-0.030220255
8.294814,-0.036490068
8.376883,-0.03897405
8.394734,-0.02833347
8.362667,-0.036146887
8.315669,-0.03483486
8.304102,-0.037124895
8.371483,-0.034086846
8.289941,-0.037728976
8.39609,-0.026884932
8.270409,-0.027128622
8.068105,-0.021721762
7.926541,-0.020838823
7.8710594,-0.023141578
7.8611503,-0.024630833
7.792902,-0.026232723
7.65028,-0.023111109
7.523447,-0.026150335
7.458687,-0.02650331
7.449116,-0.027671289
7.3989434,-0.024025772
7.2525883,-0.02269366
7.376021,-0.023596875
7.3140097,-0.023676641
7.321222,-0.03074073
7.2218184,-0.0249146
7.2496977,-0.035080124
7.2713366,-0.039105956
7.2766623,-0.023161601
7.187812,-0.01985944
7.1181154,-0.008213719
7.12977,-0.0029213317
7.0789313,-0.03007666
7.1064277,-0.015431896
7.2083774,-0.024229098
7.2356906,-0.028045759
7.1239448,-0.016967244
7.1725035,-0.024769917
7.2721915,-0.021711472
7.1775293,-0.031753443
7.0681877,-0.037973102
7.068359,-0.035786547
7.0834613,-0.036548607
7.2285767,-0.029274207
7.2861123,-0.032825243
7.2963424,-0.03194219
7.183308,-0.044153735
6.794835,-0.05956462
6.723612,-0.04767862
6.745836,-0.044245034
6.81167,-0.020271506
6.8533154,-0.016914278
6.7041574,-0.035493337
6.495032,-0.048750147
6.427975,-0.03194137
6.439198,-0.0140507
6.5263805,-0.006784674
6.334852,-0.038652867
6.2202992,-0.044475473
5.9704647,-0.10622351
6.0456443,-0.029591061
5.9901342,-0.017023467
5.9584837,0.04506979
6.067136,0.027699098
5.9412985,0.08356957
5.8776026,0.10237161
5.960966,0.09492538
5.6387925,0.08820796
5.688409,0.10506916
5.4209404,0.09142541
5.651786,0.095345415
5.474469,0.10246606
5.462706,0.15201136
5.4277,0.19544728
5.3475866,0.19808553
5.567959,0.19889809
5.657018,0.19737314
5.628381,0.18790953
5.623495,0.12474279
5.789587,0.074346446
5.5094347,0.06462756
5.4293613,0.059772737
5.310551,0.03732933
5.5367765,0.03959034
5.691382,-0.007782465
5.890375,-0.022307701
5.807502,0.029396096
6.0629654,0.0034234785
5.907928,-0.04668635
5.5064745,-0.07949007
5.0467005,-0.0804957
4.755616,-0.10719164
4.958289,-0.14132278
5.2346573,-0.18590418
5.2827253,-0.20960552
5.1817636,-0.16455807
5.1011524,-0.15911464
4.7756596,-0.13771772
5.1157722,-0.11535454
5.175206,-0.12203808
4.694753,-0.120786935
4.6591516,-0.11094554
4.7557926,-0.09937042
4.9074993,-0.040121652
4.743561,-0.022164375
4.728567,0.014608979
4.610978,0.029943546
4.8136,0.05110942
4.820054,0.01969945
4.80072,0.014540184
4.759385,0.010687472
4.7499247,-0.013568882
4.7349143,-0.0063381884
4.7350636,0.00823329
4.7945433,-0.0007741563
4.8826704,-0.014263913
4.991749,-0.026591063
5.2879863,-0.018203314
5.3183775,-0.020851444
5.3353114,-0.04307051
5.293252,-0.03405546
5.39791,-0.017628528
5.3314066,-0.0268033
5.4878826,-0.04343456
5.4121003,-0.023081634
5.393223,-0.04050369
5.330579,-0.026448745
5.3415747,-0.027427986
5.290633,-0.014513038
5.3314486,-0.007820979
5.4465246,-0.002226781
5.629996,-0.0074594915
5.7339826,0.013428453
5.7178106,0.022100676
5.295779,0.03499022
5.012655,0.037696514
5.026122,0.01371065
4.6457615,0.017735116
4.4427357,0.016657196
4.006592,0.028573107
3.7573729,0.056452114
3.9318295,0.06331772
3.647171,0.093059115
3.6987786,0.15281074
3.785146,0.17248058
3.7403703,0.19048016
3.7282078,0.24203238
3.5331345,0.25660825
3.6830316,0.28328437
3.2800813,0.32448488
3.255107,0.34093785
3.0615191,0.3284257
3.3760293,0.29480708
3.5272489,0.34740835
3.62579,0.31385374
3.432112,0.31676686
3.4113073,0.30701518
3.5453677,0.33336335
3.508772,0.37717444
3.6374912,0.3765043
4.354005,0.34051692
4.298582,0.3317719
4.3475885,0.31130487
4.4369764,0.37147868
4.1680446,0.3719076
4.3770103,0.41568208
4.692316,0.40493703
4.6127796,0.40363854
4.7336416,0.44248998
4.8704557,0.40330935
4.9614058,0.42734796
5.177239,0.4421423
5.157291,0.45999956
5.3029265,0.49856192
5.4445524,0.51441133
5.78568,0.4124542
5.8355036,0.37260026
6.156732,0.2974801
6.126155,0.27543104
6.3586397,0.21078262
6.672222,0.17336293
6.800051,0.16052212
7.0027213,0.1281969
7.0691004,0.12185444
7.4024053,0.086532846
7.5280037,0.08316561
7.7868505,0.054450534
8.007063,0.034911145
8.139515,0.039056476
8.077137,0.034585252
8.225801,0.027782314
8.2750225,0.033841107
7.9082975,0.008536601
8.13401,0.008068637
8.4679165,0.004147157
8.385982,0.017706605
8.631784,0.014735812
8.699231,0.025271349
8.8972645,0.015828628
8.817413,0.016776029
8.911129,0.009207065
8.641678,0.016868463
8.655449,0.017081358
8.524369,0.01200825
8.603012,0.017126072
8.720964,0.01676913
8.630106,0.016234718
8.713507,0.011619024
8.660826,0.009738309
8.961901,0.010378672
9.016691,0.0030518603
9.085172,0.012644691
9.01318,0.018071929
8.834459,0.024798056
8.54776,0.027167642
8.655575,0.03249196
8.744766,0.03481887
8.673838,0.022526508
8.809594,0.016233524
8.65019,0.016541177
8.58844,0.019091923
8.486092,0.027214495
8.194561,0.021892026
8.090702,0.024543446
7.415119,0.03207995
7.3331766,0.03980055
7.0824914,0.050082147
6.794262,0.06206615
6.7671328,0.061520804
6.461874,0.06477797
6.389459,0.06194258
6.3145914,0.06543578
6.2473807,0.060442574
6.0208807,0.04819455
5.8304796,0.053998295
5.760667,0.032913238
5.6338987,0.02613093
5.4611425,0.0324776
5.2425613,0.032371696
5.0403852,0.029715978
4.7477903,0.023413856
4.5275755,0.020981008
4.368075,0.024861123
4.357465,0.027592275
4.4244595,0.028164733
4.3777065,0.037287503
4.189831,0.11032971
4.188377,0.117704004
3.9435713,0.16194472
3.7528672,0.23498306
3.7826679,0.2817636
3.902831,0.23422986
3.5065818,0.2486066
3.581883,0.25486273
3.4875112,0.024720067
3.4786196,0.09359759
3.653185,0.22022043
3.4934552,0.33234918
3.458051,0.3190533
3.5022726,0.35624582
3.3881288,0.36162794
3.4312308,0.37399173
3.543851,0.3165465
3.4522781,0.26268542
3.6775684,0.28724098
3.3859744,0.3273419
3.3650758,0.36769104
3.24531,0.3578757
3.310464,0.40624148
3.2298021,0.4620306
3.4362893,0.5979425
3.236599,0.6740927
3.1610675,0.59328187
3.3001382,0.5250975
3.4912202,0.5139646
3.6491652,0.4684074
3.7910693,0.37782967
4.072899,0.26137096
4.1069355,0.22619376
4.004075,0.098837875
4.134646,0.050392814
3.657549,0.031694327
3.5671105,0.022021636
3.6278434,0.016213752
3.5599751,0.019593433
3.8004565,0.016876888
4.76546,0.04217158
5.664587,0.0023536626
5.447407,0.016765893
5.056966,0.034524
5.1571865,0.035834596
5.371352,0.026679216
5.730404,-0.00069288164
5.8206577,-0.007676756
5.8143816,-0.027644217
5.8205786,-0.021694127
5.9118576,-0.018300828
6.350424,-0.027935773
6.645901,-0.039902482
6.585027,-0.0507596
6.800032,-0.10025852
6.8986597,-0.106037974
6.873986,-0.096221976
7.2097044,-0.07596451
7.3626823,-0.07037826
7.5826626,-0.08672148
7.5596914,-0.08862656
8.021109,-0.083883256
8.038069,-0.07796641
7.9077334,-0.06628539
7.9988194,-0.05887282
8.228107,-0.05739297
8.23431,-0.05367902
8.417753,-0.04542943
8.474327,-0.039319314
8.8842945,-0.038322113
8.79586,-0.02407217
8.689884,-0.023529477
8.734417,-0.027602665
8.382356,-0.02115897
8.451075,-0.01955875
8.521249,-0.019365989
8.697849,-0.019926757
8.8480015,-0.020425346
8.995964,-0.015792191
8.95143,-0.030251633
8.823419,-0.028688278
8.833558,-0.027071316
9.162764,-0.016503192
9.079804,0.0015936792
9.161129,0.0012796894
9.122569,-0.0006952025
9.157547,-0.0013716556
8.842083,-0.015725836
8.94872,-0.011022877
8.7225,-0.018931568
8.852341,-0.017415699
8.781802,-0.020674586
8.991911,-0.02190087
8.934431,-0.022755973
8.877956,-0.023175433
8.972357,-0.025674406
8.702927,-0.025265206
8.751619,-0.021309055
8.469522,-0.025145203
8.428238,-0.02668538
8.511841,-0.027235731
8.487479,-0.02132669
8.495185,-0.023489237
8.571161,-0.024130397
8.5159855,-0.028318211
8.474603,-0.0316251
8.511779,-0.024501719
8.917517,-0.017188251
8.788513,-0.012681574
8.947565,0.012778385
9.210545,0.007086931
9.132376,0.008539448
9.12182,0.006862171
9.245982,-0.0017645936
9.374466,-0.011281148
9.079395,-0.011830285
9.398005,-0.012326922
9.333004,-0.013513744
9.457109,-0.014881324
9.424515,-0.012693882
9.629017,-0.008134497
9.621337,-0.012998961
9.583298,-0.019243956
9.5719385,-0.029401295
9.466295,-0.032087132
9.466055,-0.027681932
9.454859,-0.015843697
9.494468,-0.020707555
9.584484,-0.015548617
9.721811,-0.024794422
9.715004,-0.030191958
9.581083,-0.026859187
9.501196,-0.026907802
9.526516,-0.02748771
9.436424,-0.02874285
9.363951,-0.028259818
9.465427,-0.02824365
9.545553,-0.028149404
9.571746,-0.009503745
9.58272,-0.0103829205
9.558741,-0.015932575
9.526672,-0.009887636
9.317084,-0.0013045724
9.33348,0.0036249664
9.550937,-0.0065399595
9.637658,-0.0047148596
9.705013,-0.008742152
9.669523,-0.016456157
9.563876,-0.028727274
9.612082,-0.022309095
9.453446,-0.020290755
9.472832,-0.031048499
9.624897,-0.035000928
9.813981,-0.03727989
9.795727,-0.025638416
9.808296,-0.019787155
9.87527,-0.014692977
9.862692,-0.02389253
9.806456,-0.027550422
9.680313,-0.0253793
9.538681,-0.02285152
9.449342,-0.017978985
9.484418,-0.02089572
9.532501,-0.02636223
9.788254,-0.03181322
9.753187,-0.03185033
9.755519,-0.03191999
9.901485,-0.027153485
9.917755,-0.028002802
9.954674,-0.02841261
9.955478,-0.028395936
9.838778,-0.025554955
9.876469,-0.019539606
9.695886,-0.018061012
9.615042,-0.01948043
9.65952,-0.014091052
9.840476,-0.010220729
9.854103,-0.0038063414
9.85647,-0.00066985935
9.72585,0.00806516
9.6234455,0.0011384245
9.744696,-0.0008781068
9.720465,0.0045601875
9.846889,-0.0074530263
9.669973,-0.006063558
9.849146,-0.010348767
10.012693,-0.013220772
10.194444,-0.010179788
10.338469,-0.012746468
10.216535,-0.020942457
10.225952,-0.019580245
10.134423,-0.016695052
10.069584,-0.016374774
9.942507,-0.009731874
9.901474,-0.0068184547
10.055212,-0.012299165
9.753588,-0.017504163
10.103604,-0.01736053
10.171926,-0.011708181
10.2989645,-0.008557953
10.387636,-0.0074565522
10.139265,-0.007867094
10.119473,-0.00618406
10.045837,-0.010656953
10.017312,-0.0116555765
10.003412,-0.016148828
10.033232,-0.016062066
10.028845,-0.015392575
10.093605,-0.009129781
10.1367855,-0.008470779
10.179672,-0.011561461
10.165848,-0.017689995
10.071943,-0.01575131
9.982372,-0.015506249
10.01828,-0.011989839
10.02009,-0.009710748
9.992524,-0.009043194
10.082458,-0.0065524317
10.001169,-0.0067919455
10.018982,0.00032453053
10.104739,0.0047887024
9.896228,0.006049713
9.801973,0.006769646
9.663921,0.0019121319
9.525158,-0.00166451
9.431713,-0.0012646224
9.220371,-0.0020232368
8.706873,-0.009353779
8.880245,-0.011854637
8.718237,-0.010258142
8.484015,-0.010326259
8.529349,-0.008811366
8.237159,-0.014050033
8.230207,-0.024588678
8.033518,-0.026692078
8.025591,-0.031842314
7.6282015,-0.042666115
7.485859,-0.074433014
7.3713126,-0.051332265
7.3136983,-0.0627525
7.3720765,-0.08513472
7.36205,-0.09914708
7.212769,-0.10328321
7.096226,-0.09730603
7.084909,-0.1077912
7.0072975,-0.10633193
6.903119,-0.09450383
6.733696,-0.08699283
6.6043553,-0.07299011
6.2907844,-0.058680713
6.3742566,-0.06388484
6.3495173,-0.06999943
6.3156157,-0.05921901
6.2382455,-0.048261285
6.1068783,-0.043745138
5.7990994,-0.028217357
5.894861,-0.033291567
5.926981,-0.022305854
5.731186,-0.01381629
5.4153185,0.01177231
5.212311,0.005801445
5.0160666,-0.00827658
4.6591673,-0.020803198
4.2665176,-0.019057192
4.2546,-0.024308413
4.1804686,-0.036490813
4.1523395,-0.041865975
3.8716145,-0.04406929
3.7678678,-0.031856544
3.738998,-0.035635777
3.542574,-0.039060034
3.2598705,-0.033040762
3.0633602,-0.029423706
3.1618414,-0.027406752
3.1602325,-0.07242176
3.0256588,-0.10628538
2.9288247,-0.11441274
3.0380552,-0.21801229
3.0584712,-0.2764395
2.9221807,-0.4257369
3.0352502,-0.45523667
2.9679656,-0.43638474
2.8763988,-0.45671457
2.7254593,-0.45012283
2.7406178,-0.31177354
2.955716,-0.26786053
3.045016,-0.2970469
3.1125033,-0.46116418
3.0055742,-0.48071033
2.819824,-0.4955145
2.9306638,-0.5994745
3.1207242,-0.59279275
3.4649765,-0.5095198
3.7141552,-0.45540196
3.8243015,-0.42218864
3.954908,-0.4201557
4.469032,-0.44720078
5.0566854,-0.35490215
5.2663317,-0.27054197
5.037882,-0.25268066
4.8684607,-0.2484879
4.920312,-0.24971767
5.2519817,-0.27107233
5.1548223,-0.35567963
5.2438593,-0.4180885
5.5611577,-0.42844516
5.859679,-0.38443875
5.6625023,-0.43112302
5.857939,-0.22267343
6.3952513,-0.07009047
7.2815204,-0.055788442
6.908743,-0.059573688
7.0178456,-0.049325705
7.3799057,-0.03485287
7.2988906,-0.030981194
7.011817,-0.03365999
7.1341367,-0.02995357
6.976499,-0.035498936
7.134119,-0.039921653
7.1876664,-0.020715468
7.2950125,-0.01087812
8.126362,-0.0038679224
8.348107,-0.0071303286
8.072422,-0.0068175998
7.702629,-0.009998094
7.7299957,-0.010004081
8.151395,-0.005855318
8.191922,-0.0048974156
8.419119,-0.0041191857
8.379049,-0.0055345558
8.293144,-0.012962677
7.9354258,-0.016903255
7.8783035,-0.014785763
7.854791,-0.017184183
7.690518,-0.010422699
7.792528,-0.00898933
7.6718445,-0.013733707
7.545134,-0.01219644
7.5628915,-0.0063445214
7.503523,-0.010772638
7.511653,-0.009847742
7.5477676,-0.0077282395
8.064206,-0.009971693
7.7418013,-0.014301922
7.4135847,-0.020582683
7.065804,-0.038587898
7.0680146,-0.033406503
6.975987,-0.026389305
6.8828216,-0.02410286
6.6110854,-0.0139819905
6.552951,-0.01580508
6.403978,-0.019356921
6.253746,-0.020798288
6.2166567,-0.017729465
5.999358,-0.017605
5.6814785,-0.017206818
5.402268,-0.019258182
5.0719423,-0.014189459
4.9226646,-0.0033101514
4.8417883,0.0020852238
4.4344335,0.002534777
4.321851,-0.0014552902
4.3663816,-0.024832401
4.2150507,-0.041979067
4.1787124,-0.050469957
4.0289865,-0.093765
4.042537,-0.12029247
4.049365,-0.1357588
4.282267,-0.18497849
4.639853,-0.21157601
4.5180454,-0.29301125
4.2516212,-0.32924622
4.1499023,-0.278656
4.0470753,-0.27081108
3.9610295,-0.3515241
3.9447763,-0.3783456
3.7413282,-0.4058966
4.025687,-0.32677466
4.1388545,-0.37304574
4.126873,-0.47343773
4.0371456,-0.49844062
3.7529113,-0.5603334
3.649854,-0.64701056
3.4008286,-0.56483173
3.5824952,-0.5267867
3.748406,-0.5865456
3.5972786,-0.5168306
3.6646986,-0.49532175
3.771004,-0.48603958
3.7363331,-0.45180988
3.6818733,-0.5164375
3.5373316,-0.5286274
4.1131516,-0.44122255
4.3169527,-0.44133437
4.4222317,-0.36267465
4.3793893,-0.32058483
4.59678,-0.27036196
4.9883547,-0.22815727
5.019101,-0.17198138
5.140436,-0.0899695
5.2389593,-0.214698
5.303949,-0.24509557
5.790891,-0.21978314
5.9651685,-0.23200332
5.8906884,-0.17837237
6.4303446,-0.10543844
6.4413013,-0.09386256
6.406603,-0.07008313
6.566946,-0.05569175
6.81199,-0.050465703
6.91768,-0.058077276
7.0979233,-0.030037116
7.147702,-0.0016420521
7.4411645,0.0024925508
7.5322757,-0.004685493
7.4589925,0.0065785414
7.4433646,0.012968122
7.504008,0.019260023
7.569268,0.0071272533
7.551994,0.0050614625
7.583996,-0.014736857
7.6596236,-0.014031891
7.654223,-0.022215094
7.4946394,-0.027689464
7.626773,-0.0286792
7.715156,-0.028564245
7.7169876,-0.026058942
7.9197073,-0.012373269
7.936767,-0.012701314
7.8495307,-0.025048316
7.8301992,-0.027047206
7.875575,-0.016835399
7.826769,-0.023077026
7.732418,-0.016918764
7.645522,-0.0049041957
7.61549,-0.00075463206
7.6401596,-0.0017872341
7.787139,-0.0019337665
7.6370296,-0.008941038
7.659646,-0.02288058
7.7956104,-0.02557021
7.8054476,-0.03468282
7.832493,-0.035887454
7.5840845,-0.034472868
7.4364085,-0.032874346
7.3777657,-0.030151393
7.590074,-0.03481398
7.8866453,-0.028168209
7.7554474,-0.024690013
7.5200114,-0.017244972
7.4395466,-0.011352863
7.3426313,-0.0064824056
7.0509663,-0.012052752
7.1392093,-0.009499095
7.090216,-0.008092737
7.11217,-0.004208334
6.953084,-0.0077932365
6.913652,-0.011893809
7.046643,-0.01221852
7.093987,-0.013150752
7.0602827,0.0020689666
7.264644,-0.0036159456
7.1497564,-0.0064055417
7.0100822,-0.015682142
6.9510393,-0.011580206
6.9264708,-0.018502425
6.7971377,-0.022549283
6.893599,-0.017371833
6.851931,-0.030511316
6.9322867,-0.025980338
6.8627625,-0.025226481
6.9560757,-0.0052147526
6.9142847,-0.009621233
6.8729315,-0.012277488
6.746573,-0.018596873
6.753689,-0.025134262
6.8392606,-0.03011933
6.823105,-0.0274957
6.5923586,-0.034910742
6.601392,-0.040374532
6.687933,-0.042913653
6.7143717,-0.047718465
6.762149,-0.043566838
6.7598386,-0.049973525
6.672147,-0.044860914
6.8065696,-0.045900747
6.644626,-0.040243186
6.6171136,-0.04241973
6.4783764,-0.038023777
6.365652,-0.04346636
6.3982186,-0.0418958
6.5072203,-0.026745535
6.496779,-0.032816753
6.34457,-0.03628245
6.4306235,-0.028509278
6.3225336,-0.023911469
6.148217,-0.024192438
6.1626697,-0.023581535
6.123085,-0.020643055
6.3834124,-0.022760324
6.36508,-0.021705315
6.3184414,-0.026309498
6.253269,-0.040249743
6.4516277,-0.035114773
6.393097,-0.042542845
6.4874263,-0.020820197
6.407694,-0.044002146
6.515201,-0.07035145
6.4746547,-0.09108085
6.5971723,-0.10482179
6.661832,-0.0937344
6.765937,-0.10006186
6.8986206,-0.075791895
7.0145392,-0.050447337
6.99783,-0.041069172
7.033738,-0.035716392
7.1503654,-0.042211063
7.1711855,-0.03812392
7.354939,-0.032516107
7.290241,-0.018741898
7.3957353,-0.020331513
7.6480002,-0.020847455
8.081566,-0.022178963
8.396195,-0.019571424
8.608084,-0.013843469
8.625728,-0.0085339155
8.754309,-0.010127068
8.710843,-0.015054025
8.833923,-0.0011278838
8.977337,-0.0032545775
9.113614,-0.0008151792
9.170837,-0.0022190642
9.193743,-0.008198472
9.297819,-0.0053888094
9.499071,-0.00035486743
9.73321,-0.0143971
9.605584,-0.0071314946
9.582853,-0.0077121705
9.228466,-0.0056971423
9.386375,-0.00011175312
9.691926,0.0021386556
9.752818,0.0007059537
9.762112,-0.003323853
9.848747,-0.004606189
9.557974,-0.015350547
9.522956,-0.012098912
9.3953285,-0.011186894
9.366199,-0.012665082
9.225854,-0.020200029
9.408243,-0.01712592
9.307751,-0.017322686
9.369577,-0.01576496
9.241097,-0.014876246
9.396044,-0.011940911
9.411398,-0.003322985
9.110678,-0.026031688
9.42107,-0.026765242
9.354017,-0.02988192
9.203731,-0.02648411
9.21773,-0.019731171
9.416298,-0.009960454
9.413033,-0.0058000498
9.309624,-0.005229024
9.175378,-0.015746169
9.219116,-0.016597241
9.406484,-0.029245466
9.3519125,-0.035967384
9.140924,-0.032557003
9.133976,-0.030058775
9.151495,-0.029622387
9.327931,-0.028245997
9.472712,-0.02880983
9.36223,-0.028544385
9.226687,-0.03307586
9.443563,-0.030348338
9.313637,-0.03323362
9.189486,-0.069995515
9.118313,-0.07504171
9.199588,-0.04489486
9.122496,-0.046353795
8.9874,-0.04201132
9.271986,-0.039059736
9.165041,-0.050323516
9.200211,-0.04759407
9.17433,-0.052834257
9.081347,-0.062221028
9.2255745,-0.057565287
9.249809,-0.044039004
9.385122,-0.0337578
9.408444,-0.043907046
9.383603,-0.030088715
9.244991,-0.026425805
9.246048,-0.03141753
9.33803,-0.020036355
9.374577,-0.028820451
9.371888,0.008691683
9.213363,-0.00011808053
9.159637,-0.008695545
9.206322,-0.020797707
9.214634,-0.020409644
9.044051,-0.018465832
8.924927,-0.02122961
9.107313,-0.02465576
9.101812,-0.024195217
8.919622,0.012556912
9.018951,-0.01418563
9.037603,-0.007875033
9.023846,-0.012061261
8.683841,-0.009298027
8.63125,-0.029099852
8.724853,-0.028194867
8.58155,-0.019860908
8.57339,-0.026450519
8.751665,-0.027357426
8.395634,-0.001903262
8.316408,0.03951461
8.235609,0.06334912
8.172583,0.07944153
7.931634,0.049201064
7.7087436,0.04209707
7.694082,0.030920561
7.958513,0.026003545
7.8825808,0.010902606
8.040422,0.012923205
8.121149,0.0060860775
8.059046,-0.015085466
7.6548243,0.0016764048
7.7017603,0.041281275
7.648757,0.0032748356
7.5584216,0.0386096
7.527076,0.045691557
7.5548573,-0.012868419
7.502676,-0.019345999
7.5399942,-0.03528308
7.328127,0.009394426
7.5319242,0.0050239787
7.60469,0.012825966
7.2922864,0.009153623
7.4869447,-0.018329032
7.633618,-0.0756125
7.527123,-0.053274088
7.80859,0.017029671
7.4520082,0.011678119
6.5703273,-0.08375404
6.071307,-0.09224224
6.2130895,-0.08055091
5.999648,-0.07238626
6.193619,-0.048971012
5.9654036,-0.053408712
5.403138,-0.04184115
5.106928,-0.047030665
5.197691,-0.04545594
4.9894047,-0.06359729
4.9057827,-0.037296772
4.7981734,-0.06261128
4.841421,-0.07395475
4.6281013,-0.08516063
4.314619,-0.081954405
4.008691,-0.09524196
3.7042503,-0.062253587
3.3359666,-0.07751183
3.2482831,-0.10169622
3.2482777,-0.07035319
3.168691,-0.07880159
2.7804708,-0.06376277
2.6496017,-0.05483102
2.7553065,-0.047429174
2.6507173,-0.042389587
2.5691621,-0.048779592
2.5188031,-0.047053076
2.336006,-0.090084285
2.545813,-0.06288092
2.612254,-0.056496024
2.670251,-0.032407716
2.6487823,-0.02457548
2.6765068,0.013314802
2.6839595,0.005835276
2.7041674,-0.021197245
2.7183912,-0.050632425
2.8134491,-0.046020806
2.8894677,-0.05646739
2.9367235,-0.08845543
2.9746609,-0.114734486
2.9787817,-0.14632708
3.0440872,-0.14382866
2.91433,-0.15945715
3.0212493,-0.123819366
3.1747231,-0.14005604
3.2339754,-0.21115054
3.3343344,-0.22581467
3.4297845,-0.27362692
3.5640829,-0.3444385
3.9903772,-0.37283224
4.0095787,-0.42323488
4.173399,-0.40228784
4.074113,-0.37494427
4.0973268,-0.37191164
4.1151304,-0.3301261
4.3437085,-0.35284293
4.6319747,-0.3824886
4.861492,-0.41100246
5.07576,-0.42475837
5.117819,-0.40979683
5.448201,-0.37316138
5.646508,-0.35045338
5.7999988,-0.32743257
5.748062,-0.40145755
5.787336,-0.43648458
5.9364243,-0.45079172
6.0685387,-0.48033994
6.0737386,-0.49876678
5.961401,-0.47684568
5.9181952,-0.4127211
5.8866444,-0.3437134
6.019185,-0.2918005
6.189608,-0.22754645
6.5722528,-0.14559247
6.714422,-0.09856028
6.7707205,-0.07026323
6.5446243,-0.101685256
6.5403676,-0.067593865
6.7356443,-0.09390838
6.8753285,-0.09596691
6.86235,-0.08308236
6.870408,-0.10467392
6.9162955,-0.107982054
7.0622973,-0.11691667
7.2010446,-0.11432184
7.58379,-0.1482135
7.6977763,-0.1276524
7.459983,-0.12954108
7.4695415,-0.13131095
7.830853,-0.10684273
7.7074966,-0.0814378
7.612073,-0.07776904
7.801263,-0.051961258
7.957177,-0.04510212
8.000704,-0.017353266
8.173273,-0.00891736
8.110355,-0.0030071624
8.210602,0.0029531475
8.218803,0.006159086
8.289457,0.0087792035
8.254717,0.0058981963
8.232925,0.009370284
8.175256,0.005240444
8.0690975,-0.0012534186
8.083759,-0.0008724034
7.92127,0.0018183105
7.7927885,0.0062875133
7.7349606,-0.01066795
7.816326,-0.030975346
7.8378644,-0.046464004
7.7955556,-0.034575917
7.71924,-0.02114651
7.5765524,-0.002784038
7.1908674,-0.015816145
7.032587,-0.030674253
6.999238,-0.054494046
6.77082,-0.06210491
6.773463,-0.059119806
6.561753,-0.095851794
6.3322053,-0.13679169
6.297753,-0.1581791
6.182413,-0.17374149
6.0606513,-0.16781011
5.8673716,-0.17592008
5.8129673,-0.17589316
5.808382,-0.17873912
5.890354,-0.17130741
6.0581775,-0.15880379
5.432557,-0.20492545
5.1446185,-0.15916187
5.1262116,-0.1657816
5.1471944,-0.20393656
4.88738,-0.17601381
4.9658866,-0.17659046
5.0856543,-0.20378867
5.0854144,-0.16667154
4.9891043,-0.14160305
4.896057,-0.10906048
4.573341,-0.12573306
4.4550705,-0.13435617
4.3408494,-0.09299857
4.427029,-0.17849006
4.412241,-0.22921683
4.409684,-0.24195383
4.1195507,-0.33661926
4.466127,-0.40894973
4.5143046,-0.30365056
4.8772993,-0.23173694
4.8985004,-0.16593024
4.711816,-0.1412709
4.972689,-0.21122965
5.202546,-0.35863692
5.4123335,-0.39498395
5.0187254,-0.2785592
5.037866,-0.30070776
5.26859,-0.13269682
5.6320844,-0.109799206
5.64342,-0.09001416
5.6348667,-0.06227923
5.3380413,-0.04170137
5.642623,-0.028693285
5.6708794,-0.029805698
6.0152354,-0.022490732
6.261889,-0.024908673
6.439806,-0.03553947
6.4433966,-0.03400377
6.7861485,-0.03139923
7.006338,-0.03562914
7.068833,-0.036592115
6.9257383,-0.05452907
6.852096,-0.06985335
6.9930363,-0.058586285
7.576823,-0.05179701
7.7940254,-0.05453646
8.160542,-0.060028404
8.230461,-0.060070597
8.077391,-0.06713326
8.032377,-0.07023744
8.140459,-0.056227736
8.090666,-0.05197674
8.179279,-0.044112623
8.242153,-0.04213114
8.33949,-0.037733193
8.459404,-0.03515794
8.857472,-0.034474775
8.829008,-0.026177604
8.750786,-0.026194122
8.694525,-0.027601428
8.400601,-0.022459306
8.40256,-0.02259282
8.622681,-0.020571113
8.788555,-0.019645538
9.028755,-0.018353388
9.041712,-0.017126419
9.007542,-0.026264638
8.823789,-0.030557863
9.053804,-0.027720205
9.217783,-0.005289687
9.107609,-0.004483862
9.144991,-0.0027306452
9.429444,-0.0037880447
8.94426,-0.009355675
9.010929,-0.012468543
8.988419,-0.011856712
8.891828,-0.016267411
8.804335,-0.017637849
9.019789,-0.019115776
8.966118,-0.02001891
8.845353,-0.021125555
8.888498,-0.02360183
8.624801,-0.024397269
8.810091,-0.020734169
8.511223,-0.026534744
8.5158615,-0.025328003
8.598571,-0.022085786
8.495394,-0.022616029
8.5212965,-0.026460253
8.622496,-0.026467875
8.624104,-0.029810227
8.637882,-0.025118042
8.886265,-0.017318156
8.91942,-0.018942691
8.984474,0.01238784
9.298752,0.0034241714
9.132645,0.010014018
9.194161,0.0056618657
9.273973,-0.0031880792
9.453665,-0.013189573
9.149108,-0.016959973
9.477644,-0.010444477
9.475428,-0.02296929
9.416609,-0.014686301
9.467222,-0.012638189
9.6833515,-0.0110863075
9.685324,-0.018168628
9.509357,-0.029854432
9.540204,-0.03252178
9.343637,-0.03063532
9.54095,-0.019265424
9.6086855,-0.023588255
9.686497,-0.017684184
9.771714,-0.025270212
9.7143755,-0.028881818
9.632544,-0.025896557
9.56469,-0.025143579
9.495372,-0.026758835
9.434645,-0.02804771
9.421346,-0.032374658
9.588732,-0.02684747
9.527044,-0.020108484
9.631693,-0.011453953
9.6085,-0.013132758
9.618488,-0.010526933
9.383966,-0.00033385865
9.4247265,0.0023956317
9.570594,-0.0060152523
9.712878,-0.0002423469
9.681946,-0.019746445
9.687498,-0.024999313
9.682663,-0.028139923
9.565147,-0.025555283
9.4919615,-0.033504806
9.639622,-0.03528274
9.788298,-0.038624134
9.800472,-0.026906118
9.806572,-0.0178034
9.972507,-0.013425868
9.931389,-0.028838158
9.959694,-0.027144425
9.686235,-0.022100106
9.739071,-0.020430274
9.66321,-0.020251002
9.672488,-0.02271308
9.908992,-0.027652033
9.980492,-0.027352892
9.900455,-0.025302015
9.988554,-0.026121214
9.915318,-0.024075903
10.044347,-0.021064732
9.940552,-0.017479647
9.919418,-0.016531974
9.845136,-0.0153546035
9.910223,-0.007951852
9.927713,-0.0028646085
10.19591,0.0007340908
10.115853,-0.007927187
10.046534,0.00030309893
9.932112,0.006181538
10.093398,0.006274713
10.2508745,-0.0020219814
10.167841,-0.0029287785
10.115407,-0.00593701
10.181598,-0.009918191
10.307769,-0.011167176
10.478435,-0.0126088895
10.4438505,-0.024537764
10.470085,-0.023220956
10.418984,-0.022306725
10.363354,-0.018994354
10.190767,-0.012736306
10.259308,-0.012267005
10.189618,-0.009255912
10.218934,-0.015501652
10.354512,-0.0075108595
10.432191,-0.009431396
10.360508,-0.007269729
10.216875,-0.007418018
10.1642685,-0.009744972
10.141096,-0.009040598
10.152647,-0.013941325
10.157276,-0.017140195
10.15648,-0.012368593
10.214636,-0.011674203
10.172181,-0.012825929
10.185967,-0.014021993
10.10395,-0.016975775
10.102833,-0.015198603
10.015942,-0.009066651
9.980337,-0.009259269
9.990701,-0.0048673395
10.025559,-0.004579777
10.014366,0.0020836238
10.032505,0.0051883105
9.744743,0.0072431676
9.716043,0.0049644187
9.447031,0.00090175495
9.513862,0.0012692846
9.4456415,-0.0018015206
9.101191,-0.009565324
8.505861,-0.012874108
8.719686,-0.009229735
8.513803,-0.011445172
8.43469,-0.010872059
8.115608,-0.01943373
8.089481,-0.027935136
7.94935,-0.035252545
7.746209,-0.04348994
7.450914,-0.059360914
7.423796,-0.07587266
7.3157024,-0.07132046
7.3704176,-0.09065969
7.394929,-0.108472794
7.187066,-0.106120035
7.1578116,-0.10306959
7.1431193,-0.103728294
7.168065,-0.094002515
7.0285087,-0.068448596
6.93052,-0.06409179
6.9961424,-0.05872923
6.8570476,-0.06460245
6.7399535,-0.08540578
6.5900846,-0.09120229
6.2929893,-0.07901418
6.2357326,-0.054940335
6.2877316,-0.040423125
6.102215,-0.029538143
6.0333586,0.026493758
5.957061,0.045155346
5.7267513,0.058175597
5.3962584,0.042689435
5.1881332,0.035020832
4.7986717,0.021018662
4.7700343,0.0043365546
4.6473694,0.0064507574
4.554476,-0.0058773626
4.1848307,0.009548843
3.9904673,0.012360621
3.5200605,0.0073780613
3.2868824,0.0047965944
3.0148191,0.0006705802
2.6471667,-0.003069928
2.1902354,-0.008835858
1.9603735,-0.0095395185
1.9070427,-0.009888563
1.6876473,-0.0123704225
1.6065757,-0.012022547
1.5436823,-0.007926941
1.5577769,-0.00575801
1.5768636,-0.007314522
1.5080086,-0.008938074
1.5583067,-0.0045022108
1.4990975,6.878376e-05
1.4652705,-0.0004614815
1.4817543,-0.003985269
1.5297253,-0.004310796
1.5105395,0.00022719614
1.4553164,0.0012700036
1.4928137,0.0023621656
1.4318151,0.0037822593
1.4758378,0.005245615
1.5199599,0.008317525
1.7850702,0.007166717
2.0925915,0.008478367
1.8920656,0.0064876005
1.7241411,0.011835896
1.9749991,0.008948119
2.3407578,0.0245801
2.819788,0.026934117
3.243633,0.016119413
3.3004317,-0.012344807
3.4167504,-0.036062412
3.5987349,-0.0363565
3.873565,-0.031614996
3.9725587,-0.024700437
4.307236,-0.031668738
4.4344244,-0.050354406
4.3761826,-0.040504523
4.3560047,-0.044725902
4.7121024,-0.0352978
5.234724,-0.018143967
5.4720416,-0.005924795
5.741334,0.003944952
5.875675,0.009323863
6.26471,-0.009478029
7.0257244,-0.04341322
6.937605,-0.076812804
6.9701085,-0.06340584
6.9906387,-0.033733126
7.084054,-0.05535368
7.05151,-0.029611852
7.212406,-0.041154273
7.523149,-0.08499812
7.9170265,-0.114422366
8.078638,-0.10033419
8.044334,-0.093108654
8.183241,-0.073225856
8.452545,-0.013956942
8.390749,0.022285722
8.718096,-0.025651552
8.749596,-0.0011739396
8.856707,-0.014980882
8.685316,-0.03862346
8.857492,-0.057756603
9.295261,-0.055516317
9.624474,-0.046015605
9.714049,-0.03537469
9.73571,-0.014739197
9.918701,-0.009651147
9.965645,-0.023316316
9.963734,-0.020689517
9.959721,-0.014359631
10.100775,-0.0076574627
10.088907,-0.006124215
10.073437,-0.009599619
9.987944,-0.018669054
10.017193,-0.018826064
10.113552,-0.015056089
10.200363,-0.012641199
10.14826,-0.011833657
10.156432,-0.0159811
10.151334,-0.017207824
10.295982,-0.02334772
10.352156,-0.027302831
10.506704,-0.02423872
10.431842,-0.020694785
10.609412,-0.016343813
10.600837,-0.013813078
10.414961,-0.02012496
10.551369,-0.018468942
10.518538,-0.017715469
10.391147,-0.012886517
10.470496,-0.0144902095
10.484629,-0.01577036
10.360352,-0.011208914
10.393649,-0.006394958
10.501445,-0.0060550906
10.393475,-0.00032810867
10.398368,-0.005243836
10.314817,-0.005449841
10.347664,-0.0038523264
10.246405,-0.002890749
10.277966,-0.0076274034
10.260743,-0.012259919
10.278697,-0.012174346
10.337168,-0.013649203
10.270893,-0.0064397343
10.271129,-0.0072407536
10.407054,-0.0020831134
10.524738,-0.0068218745
10.418436,-0.012710251
10.574172,-0.01934538
10.497751,-0.01621154
10.39074,-0.019932352
10.461457,-0.010619782
10.35654,-0.020188477
10.505,-0.014517598
10.652028,-0.0049481466
10.636023,-0.002551414
10.683782,0.00041978806
10.841911,-0.0033667218
10.8622675,-0.004988393
10.750199,-0.013243191
10.625366,-0.011098057
10.522367,-0.019783992
10.579645,-0.02656357
10.577823,-0.008781107
10.707168,-0.008574713
10.7411995,-0.004573347
10.629591,-0.011396505
10.736782,-0.0076726433
10.737964,-0.0023204572
10.702491,-0.0075740423
10.6567135,-0.0032626
10.5719795,-0.006153416
10.649473,-0.003781408
10.558477,-0.005544612
10.552656,-0.006137004
10.423628,-0.008512605
10.339107,-0.016661003
10.344636,-0.023900457
10.258902,-0.020559542
10.559552,-0.02682437
10.583179,-0.020490728
10.635079,-0.018008005
10.511415,-0.023531936
10.583532,-0.021342322
10.735743,-0.025808256
10.711666,-0.031939916
10.628653,-0.02859386
10.504694,-0.023655862
10.6145115,-0.012431867
10.693829,-0.010704208
10.892144,-0.018221237
11.072333,-0.01643733
11.039491,-0.014615402
10.972563,-0.0068484023
10.989202,-0.015812099
11.018625,-0.010239404
10.895099,-0.00660171
10.902565,-0.0020700414
10.996192,-0.012716856
11.055673,-0.015847318
11.058725,-0.024469439
10.862373,-0.016988114
10.707196,-0.014668554
10.700675,-0.010096654
10.783412,-0.006378783
10.731655,-0.0056486446
10.76626,0.0023506824
10.638644,0.0030161235
10.705177,-0.007152997
10.825503,-0.007983547
10.890426,-0.004717037
11.002696,-0.006028576
11.009624,-0.004105365
11.113492,-0.006021874
11.095649,-0.0045648944
11.205834,0.009769237
11.019242,-0.005683977
10.972556,-0.0047474094
10.896458,-0.0021915305
10.917345,-0.0025357585
10.831876,-0.014230937
10.695966,-0.026647188
10.661969,-0.012958199
10.769727,-0.01277861
10.737489,-0.013710976
10.53619,-0.009021413
10.124945,-0.029171154
10.116795,-0.012417674
10.282303,-0.01866977
10.489077,-0.01205096
10.455377,-0.009115908
10.313683,-0.00478255
10.247235,-0.0037888028
10.135893,-0.010661252
10.160838,-0.01376193
10.195873,-0.023420349
10.295413,-0.021307152
10.2429085,-0.016810525
10.384602,-0.0058342367
10.121382,-0.015047021
9.958469,-0.015756596
9.818806,-0.011467267
9.686527,-0.014458358
9.574104,-0.0024289247
9.54627,-0.010738835
9.529007,0.0050409213
9.461647,0.013132166
9.388369,0.013425246
9.24937,0.015596844
9.265982,0.010160333
9.318779,-0.023970842
9.186712,-0.0258566
9.195168,-0.0063173976
8.972321,-0.022706956
8.957851,-0.009766348
9.147215,0.0047155526
9.254084,0.003124984
8.990032,0.0011391491
8.783909,-0.019437194
8.7556715,-0.023470916
8.957914,-0.010320373
9.087076,-0.0053265747
9.360313,0.0022015125
8.938904,0.008065447
9.102636,-0.005733026
8.730583,-0.0063594673
8.945934,0.012305874
8.567045,0.006846253
8.539777,0.0012022052
8.519865,0.009780837
8.340757,-0.0016513243
8.227495,-0.0074712913
8.327642,-0.016561951
8.478258,-0.0079507455
8.340495,-0.0413505
8.382706,-0.036392808
8.28075,-0.060473457
8.0028,-0.07953119
7.7597256,-0.1558277
7.535683,-0.10297942
7.308854,-0.05103363
7.380281,-0.063612446
7.2793264,-0.08758179
7.1540866,-0.09547576
7.069449,-0.09560015
6.9389105,-0.0752133
6.7405343,-0.08175709
6.8763614,-0.100312196
6.8587823,-0.111745
6.8502736,-0.10440461
6.729267,-0.10562152
6.5040236,-0.11218886
6.261992,-0.11539729
6.3095407,-0.12042536
6.0619087,-0.110249415
5.939251,-0.10668941
5.7535543,-0.10848324
5.5930233,-0.0940939
5.4837112,-0.10700607
5.242672,-0.09826866
5.2002807,-0.09510365
4.9845414,-0.09895575
4.905675,-0.08150138
4.77874,-0.079367846
4.516182,-0.05179602
4.466349,-0.041923672
4.391136,-0.022359919
4.296671,0.021824721
4.2773757,0.03670011
4.2378035,0.038593978
3.9889169,0.024242353
3.885415,0.008487489
3.6193159,-0.0058274567
3.3554602,0.039371487
3.4939992,0.056314927
3.1720378,0.08241233
2.7118874,0.11809372
2.7915246,0.11356653
2.5992303,0.08694352
2.6104157,0.1386761
2.6649613,0.23739068
2.4722273,0.28701913
2.440292,0.3058591
2.509297,0.3408929
2.8617547,0.27653408
2.7435653,0.28458154
2.676112,0.28342915
2.6287875,0.2952839
2.5113738,0.24064474
2.276529,0.22511484
2.1897483,0.2532304
2.3330994,0.18425293
2.356054,0.17207101
2.3550985,0.19970469
2.375891,0.10935856
2.3733087,0.13152432
2.2307448,0.118373364
2.0634036,0.08783884
2.2632113,0.09556447
2.1800969,0.094681665
2.2668881,0.097457305
2.1736476,0.08863938
2.1181734,0.082108706
2.1792357,0.072680585
2.2863238,0.058957368
2.3705049,0.061444648
2.650074,0.083154336
2.6722295,0.04987027
2.7712708,0.04719929
2.7569187,0.057955146
2.7983165,0.05871317
2.861384,0.077759095
2.8018124,0.08691329
2.9426637,0.15719089
3.055565,0.10440882
2.9041069,0.10520024
3.0661697,0.11856064
2.9822328,0.12538476
3.2948074,0.19401741
4.1606107,0.20270495
4.6094,0.22875704
4.3561163,0.23314972
4.7018914,0.17855613
5.066747,0.15034704
5.309098,0.116157085
5.581135,0.08961283
5.733884,0.10296719
5.8576717,0.10452093
6.039082,0.122749664
6.694327,0.1042148
6.8929696,0.08956766
7.0123687,0.063058175
7.344062,0.04732334
7.596115,0.04262276
7.888792,0.038287167
7.963543,0.03925737
8.021048,0.037287287
8.19244,0.02945865
8.505157,0.017953232
8.573266,0.0050737355
8.719264,0.00081832334
9.306755,-0.000454735
10.131717,-0.00014386699
10.480448,-0.006273607
10.737028,-0.006082099
10.98077,-0.016175695
11.265861,-0.013800487
11.14493,-0.004350934
10.98399,-0.027109426
11.2472515,-0.047949538
11.463381,-0.045715787
11.541866,-0.05185893
11.478999,-0.039077453
11.553872,-0.038449503
11.455144,-0.028007183
11.603825,-0.033750918
11.649376,-0.039319403
11.495077,-0.027726755
11.559545,-0.03272583
11.478074,-0.030041635
11.485057,-0.029506609
11.60033,-0.056425653
11.527295,-0.053784847
11.607677,-0.04370138
11.6641035,-0.036365904
11.475203,-0.04031463
11.448621,-0.0415105
11.373962,-0.0393558
11.318144,-0.033008408
11.333833,-0.042876177
11.347665,-0.04010145
11.426888,-0.040775344
11.391756,-0.042383812
11.348026,-0.039171625
11.323227,-0.032549098
11.336037,-0.026197232
11.304936,-0.018676244
11.26439,-0.014773924
11.263375,-0.01438652
11.255346,-0.00876312
11.307946,-0.024086278
11.207157,-0.012064293
11.148401,-0.013114054
11.097753,0.0021660086
11.0463,0.0066084918
11.007423,0.014391154
10.95729,0.013530031
11.113984,-0.00809826
11.222367,-0.010430537
11.173962,-0.013781656
10.93267,-0.0036032908
10.797293,-0.0023192316
10.893596,0.0009304136
10.887748,0.0142009575
10.859026,0.020596592
10.905211,0.011719097
11.007664,0.0040133726
11.005825,-0.0005561616
10.917546,0.0132684875
11.145808,0.001164183
11.012479,-0.00226257
10.685976,-0.002975652
10.534363,-0.010365125
10.6208515,-0.018691886
10.776346,-0.04899641
10.603297,-0.037392262
10.65202,-0.030067489
10.661586,-0.0036781207
10.779476,-0.017754864
10.916879,-0.03137106
10.680436,-0.029469483
10.1798,-0.013154376
10.314056,-0.020726118
10.300761,-0.021471813
10.203172,-0.026119158
10.252653,-0.025663074
10.12529,-0.030795101
10.269891,-0.01906567
10.115319,-0.021785323
10.024153,-0.020194352
10.079423,-0.024391502
9.998086,-0.015976906
10.120972,-0.026520822
10.046029,-0.027376529
9.827732,-0.018287323
9.439037,-0.022722136
9.33282,-0.028101802
9.441467,-0.021770656
9.720325,-0.022150353
9.815916,-0.024056152
9.7980385,-0.026414458
9.475258,-0.033420116
9.687251,-0.03693204
9.796983,-0.03078799
9.8356495,-0.034724843
9.705587,-0.030731585
9.489273,-0.026253022
9.741482,-0.027161729
9.673857,-0.014931388
9.608187,-0.015802845
9.166276,-0.013349362
9.332883,-0.014707603
9.568438,-0.011738643
9.546545,-0.017820455
9.618248,-0.01746225
9.629318,-0.024360687
9.627377,-0.01879897
9.793397,-0.014648866
9.799601,-0.015330106
9.811203,-0.008024076
9.747311,0.0012268238
9.846231,0.007362634
9.770037,0.0028847586
9.582734,0.0024628546
9.530834,-0.004475599
9.446934,0.014100684
9.355978,0.013365152
9.204784,0.009699737
9.408016,0.03837929
9.5393505,0.09461208
9.421144,0.11964776
9.40657,0.12714428
9.451034,0.12643722
9.394972,0.13623866
9.620143,0.1409075
9.585987,0.15444933
9.669764,0.14757414
9.825716,0.14499837
9.879017,0.15046288
10.014772,0.13526711
10.088851,0.12811407
10.237739,0.11151801
10.287898,0.123863876
10.325769,0.12518097
10.088476,0.1192023
10.3562765,0.098587684
10.355225,0.07068199
10.577944,0.07016939
10.616545,0.086596854
10.498983,0.075178
10.531275,0.051414873
10.670585,0.05568736
10.7869835,0.03837769
10.752589,0.0362793
10.778687,0.043655477
10.687218,0.043162093
10.527152,0.03626033
10.79151,0.033397917
10.884339,0.03197852
10.95847,0.018356659
10.980422,0.016117448
11.020059,0.00764033
10.954881,0.00024762563
10.89103,0.0026352704
10.860613,0.009555347
10.775334,0.016238933
10.821883,0.0015084017
10.95035,-0.026923422
10.584316,-0.032723963
10.662359,-0.03892518
10.829458,-0.062933885
10.729528,-0.06326642
10.770394,-0.06772206
10.915707,-0.05002492
10.791908,-0.070895456
10.761224,-0.05990997
10.7407875,-0.049608253
10.717358,-0.026117697
10.635315,-0.012821712
10.529066,-0.005998969
10.536304,-0.0011352524
10.476227,0.0015848912
10.413833,-0.0007371418
10.448899,-0.00019747391
10.490004,-0.0100038685
10.281212,-0.006482821
10.142296,-0.000117896125
10.162519,-0.009800997
10.133272,-0.016516186
10.076124,-0.0077932626
10.067286,0.0042815786
9.972136,0.013267411
9.487048,0.014281031
8.923756,0.014557485
8.713793,0.015022786
8.354183,0.022549303
8.286672,0.009493583
8.300991,0.036044568
7.866705,0.063075975
7.6143126,0.03843566
7.635481,-0.0010008719
7.4847136,-0.014713209
7.4920826,0.0015336089
7.059484,-0.00050560385
6.7411575,-0.0043942407
6.424081,0.0068579353
6.204965,0.016568974
6.140536,0.032169
5.9239316,0.049384087
5.468999,0.094340876
5.217596,0.10512789
5.173283,0.06524811
5.004451,0.061834197
4.9292307,0.052244693
5.0302567,0.07239285
4.7920594,0.06789061
4.383865,0.053675864
4.1060896,0.07428065
3.9328449,0.11179115
3.5029287,0.11265512
3.3552372,0.10847251
2.8901176,0.10713026
2.26894,0.11219105
2.181252,0.1382994
2.185138,0.14614654
2.10867,0.16503401
2.1288514,0.1927206
2.1536646,0.19001874
1.9789381,0.24733055
1.9524518,0.26005864
1.7825739,0.32916898
1.7248414,0.3094331
1.5455258,0.26871783
1.528892,0.22195016
1.4940366,0.23860742
1.4004223,0.26691112
1.6655831,0.26603
1.6647215,0.29418856
1.7889723,0.275684
1.8246524,0.31071168
1.9949154,0.32564175
2.227742,0.35862595
2.53662,0.39795774
2.753138,0.4431613
3.1462882,0.4281726
3.3092465,0.41817504
3.446518,0.44559622
3.950996,0.41479093
3.9206643,0.4280364
4.236229,0.40083402
4.4889956,0.34645653
4.5953183,0.3348515
5.0704994,0.31697553
5.410744,0.290614
5.7122526,0.25440145
5.8642488,0.19748153
6.1504087,0.14422922
6.286926,0.12110562
6.513443,0.1498624
6.53651,0.19335768
6.75865,0.22703382
6.695988,0.22945303
7.141155,0.19823755
7.5480156,0.14917791
7.686347,0.12973179
7.7552047,0.11706531
8.35401,0.069741406
9.237686,0.02708742
9.378093,0.010547214
9.496901,0.017583068
9.599376,-0.00018971413
9.794054,-0.0067160055
9.8211975,-0.022330262
9.705063,-0.015188549
9.681758,-0.040699914
9.742376,-0.043584213
10.012756,-0.09910362
10.265216,-0.11421901
10.320854,-0.12723331
10.369626,-0.09793796
10.346485,-0.07886338
10.464468,-0.10297015
10.790924,-0.07482598
10.863854,-0.087186344
10.870915,-0.08862512
11.1949215,-0.059527114
11.407869,-0.06978811
11.247854,-0.0656978
11.066629,-0.048407495
11.037959,-0.03673209
11.105464,-0.031456638
11.336561,-0.03059432
11.308931,-0.051631324
11.590224,-0.043853037
11.780168,-0.011318177
11.840898,0.006362252
11.830071,-0.0038179364
11.674113,-0.007802861
11.506752,-0.0052105207
11.781394,0.0050177015
12.003985,-0.015798066
12.10317,-0.0010091513
11.8981905,0.013520822
12.076571,0.0041215476
12.194178,-0.001569353
12.064285,-0.02197402
12.2294445,-0.037664622
12.179191,-0.040290445
12.3946905,-0.03541866
12.555359,-0.033559546
12.3097925,-0.024362344
11.927696,0.0018599089
11.532369,0.0048373863
11.82414,-0.012116425
11.841526,-0.015314393
11.812775,-0.018528499
11.780001,-0.020877235
11.700988,-0.022367887
11.652817,-0.030159138
11.504114,-0.019079078
11.320969,-0.018452983
11.305112,-0.018757764
11.486718,-0.010479979
11.488855,-0.018256582
11.45003,-0.016219467
11.45694,-0.006297851
11.415112,-0.009120826
11.443307,-0.01573708
11.305645,-0.026461344
11.215443,-0.022154152
11.197513,-0.022862092
11.032098,-0.024300113
11.067784,-0.028280005
11.121514,-0.04399632
11.08852,-0.04634896
10.989768,-0.044352934
11.103753,-0.04486385
10.915414,-0.050810188
11.135452,-0.04326473
11.032422,-0.047632188
10.879696,-0.038778074
10.987242,-0.03167195
10.850626,-0.034359854
10.76384,-0.034163952
10.717854,-0.03548395
10.743056,-0.039761446
10.889873,-0.041566275
10.836565,-0.049458623
10.75802,-0.036026657
11.027236,-0.04005009
11.253392,-0.024734564
11.36524,-0.03052086
11.350336,-0.034882225
11.153046,-0.026106518
11.235872,-0.027927764
11.307286,-0.022194054
11.196393,-0.021076437
11.197831,-0.025442049
11.120447,-0.033043917
11.304908,-0.03079814
11.304586,-0.038015507
11.301188,-0.05366967
10.954012,-0.06638041
10.862257,-0.060209468
11.033075,-0.05776827
10.999798,-0.069805905
11.175059,-0.08645032
11.133613,-0.095475376
11.001266,-0.0923786
11.02635,-0.073574446
10.952222,-0.035416856
11.047476,-0.030563377
11.225725,-0.033729322
10.927086,-0.064572565
10.832818,-0.04259914
10.781919,-0.05296635
10.519332,-0.039204128
10.38889,-0.03850558
10.66641,-0.040294927
10.670123,-0.048408255
10.622729,-0.0444566
10.661515,-0.054747656
10.672409,-0.04101771
10.456511,-0.042531617
10.422772,-0.061771564
10.387797,-0.08563901
10.350299,-0.0527704
10.55327,-0.06615651
10.596767,-0.068208
10.422005,-0.06776802
10.450909,-0.05366935
10.5433,-0.060077682
10.494398,-0.06501635
10.387651,-0.043613143
10.530887,-0.059211478
10.563658,-0.050451323
10.4828,-0.039579295
10.548558,-0.02994264
10.498569,-0.03216194
10.428037,-0.04695742
10.274656,-0.04063648
10.302596,-0.035304043
10.219842,-0.046149097
10.257052,-0.05648253
10.411136,-0.040124215
10.442123,-0.022243015
10.202554,-0.014963068
10.1832,-0.021077946
9.9600935,-0.0060132816
9.994949,-0.0021746047
10.079224,-0.008092333
10.027004,-0.036983963
9.9105835,-0.025851067
9.73428,-0.019004673
9.406322,-0.028533835
8.995344,0.0057164878
8.862345,-0.0076122545
8.466206,0.005826704
8.407257,0.010393892
8.249939,0.014326572
8.1813965,0.025357524
8.269524,0.024550773
8.332245,0.023758695
8.162458,0.024977025
8.111281,0.013746596
7.7939095,-0.007039886
7.7517304,0.010171696
7.5725813,0.0056220777
7.5089855,-0.014908481
7.1729803,-0.01057867
6.912081,-0.0075297207
6.709997,-0.012174536
6.20871,-0.018342108
6.3815246,-0.0084232725
6.2575545,-0.0073340274
6.1567903,-0.01576564
6.1032705,-0.019643024
5.85158,-0.02216176
5.6829777,-0.03178142
5.5572944,-0.027294785
5.333826,-0.031289987
5.047325,-0.03077893
4.920089,-0.014314596
4.6755295,-0.01601125
4.293789,-0.02787099
4.1201696,-0.033413906
3.9225092,-0.032079667
3.7709694,-0.023315616
3.3496923,-0.022665445
3.2870545,-0.019847348
3.066794,-0.017786246
2.739666,-0.010430865
2.554866,0.0047965124
2.436069,0.0032202862
2.2820895,0.00905795
2.1441119,0.014943751
1.9282501,0.020829309
1.8971499,0.025775753
1.9168935,0.033213466
1.9060163,0.03369857
1.7132361,0.04495056
1.3943112,0.035854716
0.83926845,0.033885837
0.70655656,0.024337389
0.6413115,0.02235332
0.5122678,0.014980238
0.28338718,0.010427552
0.23766959,0.009979699
0.11591458,0.006494507
0.078478456,0.010493802
0.18944263,0.012021104
0.0265522,0.020900335
-0.19765472,0.015694285
0.006500721,0.025683856
-0.12244558,0.012964668
-0.12825775,0.013068225
-0.09538746,0.011621427
-0.1592269,0.019782295
-0.08924961,0.008630646
-0.0678978,0.013649533
-0.17464852,0.018257204
-0.11666584,0.01185644
-0.11712265,0.005253814
-0.12891436,0.015510291
-0.136724,0.012699867
-0.15716219,0.0051081683
-0.14082932,0.00832833
0.08340192,0.0032362677
0.07485819,-0.014537223
0.07432628,-0.033371307
0.17747736,-0.04839042
0.21521151,-0.05916109
-0.10569787,-0.062268317
-0.17158222,-0.046545252
-0.22152519,-0.015801419
-0.17069983,0.038544815
0.07612729,0.03438409
-0.07593727,0.04180315
-0.3263507,0.05641592
-0.111889124,0.041189216
0.002010107,0.028366137
-0.040608406,0.014529802
-0.17061996,0.0218109
-0.1966424,0.0199292
-0.1667347,0.019704912
-0.1833291,0.01898156
-0.16954422,0.018083509
-0.116499424,0.016627815
-0.15804768,0.01587762
-0.15156579,0.010377858
-0.12636042,0.014053693
-0.14757061,0.01492491
-0.13078952,0.00875097
-0.14204216,0.014916841
-0.14735079,0.007269798
-0.15350914,0.015863465
-0.13171768,0.00869607
-0.13280654,0.008678487
-0.15555954,0.016587034
-0.15377307,0.012496194
-0.14018822,0.011023052
-0.09020877,0.012408808
-0.13318396,0.013255285
-0.13104343,0.01263117
-0.121068954,0.009690819
-0.115060806,0.007534977
-0.11236644,0.020086283
-0.15405798,0.013917505
-0.2266717,0.015409909
-0.1829288,0.011081503
-0.061206102,0.015267609
0.14128566,0.01888126
0.043854713,0.0350457
-0.13368225,0.06322663
-0.14515448,0.06968939
0.09756732,0.0767097
0.005608082,0.04915376
-0.07139087,0.008512902
-0.13939548,-0.015605845
0.15020418,-0.017301649
0.28084302,-0.025107384
0.43228078,-0.00038091838
0.5441091,0.033548947
0.80338573,0.08596659
1.0700306,0.09101573
1.2685912,0.07235968
1.6029887,0.08451691
1.8103931,0.0828599
2.1037798,0.16256961
2.106626,0.24489643
2.340061,0.2993936
2.5571222,0.3524922
2.7022743,0.37029576
2.862117,0.36433488
3.0355744,0.31152874
3.1751707,0.26196283
3.5514824,0.30326998
4.06386,0.370795
4.106887,0.5186069
4.1104717,0.55122775
4.479889,0.4897619
4.6638937,0.42708486
5.033212,0.39103103
5.2788634,0.28178787
4.971226,0.31589633
4.9730587,0.36415368
5.643725,0.4069143
5.886731,0.31699127
6.33219,0.2709691
6.65879,0.25698698
7.3208885,0.21368746
7.5877643,0.1784535
7.776291,0.18475701
7.830556,0.11256188
7.8383284,0.0643358
7.867211,0.09643757
7.9254923,0.09830123
8.511747,0.07940146
8.606794,0.06285918
8.907146,0.047027737
9.315077,0.037271943
9.635633,0.024117226
9.653055,0.01300027
9.587955,0.013401397
9.882591,0.005561482
10.003297,0.00559121
10.318642,0.0037717056
10.423181,0.010564754
10.625059,0.008963169
10.698523,0.00424641
10.646163,0.0016386639
10.6562605,0.0043603145
10.676971,0.009086812
10.772932,0.00281219
10.810269,0.008615907
10.683708,0.01127537
10.73467,0.009921314
10.826152,0.00839873
10.788372,0.00787314
10.915923,0.0043040738
10.849376,0.0021544155
10.775656,0.0037095435
10.760984,0.00082464516
10.73688,-0.008980192
10.713608,-0.01798857
10.683417,0.00092445686
10.523701,0.0018873457
10.57589,0.002479026
10.665588,-0.00055930205
10.66658,-0.007138949
10.794592,-0.0076074917
10.703434,-0.009091578
10.7117,-0.011376381
10.639788,-0.009210832
10.763327,-0.006067941
10.642366,-0.003979912
10.591165,-0.0050575454
10.649093,-0.0048495475
10.714415,-0.0036523174
10.697472,-0.0020854548
10.674612,-0.0050180014
10.629069,-0.0033672974
10.5737915,-0.0033579245
10.528192,-0.003714934
10.392649,-0.00045788102
10.371013,0.00082519837
10.273536,0.0018550567
10.192378,-0.0015965849
10.291905,-0.0035245456
10.195408,0.012624768
10.200627,0.005588591
10.315173,0.0032696258
10.332686,0.0050723962
10.312967,0.00078827515
10.186219,0.0047530606
9.945988,0.00096306205
9.861702,0.00047660992
9.840242,0.0030975305
9.775903,0.0017353296
9.7509775,-0.0009645857
9.798708,0.0004388746
9.75559,-0.0027393475
9.746327,-0.0077130385
9.704924,-0.007242013
9.619823,-0.002243951
9.71383,-0.0062893387
9.934112,0.0025653057
10.219591,0.0059308894
10.314896,-0.0022882558
10.376183,0.0021968521
10.217183,0.008940754
9.839138,0.010257682
10.219787,0.011185216
10.105954,0.010908453
9.954174,0.0016668513
9.80044,0.00045101345
9.87382,-0.0026963614
9.7625675,-0.0015219934
9.799696,-0.0011248086
9.860018,-0.0072903447
10.077587,-0.0063768514
10.268024,6.715208e-05
10.346165,0.000878267
10.463567,0.0030066594
10.507992,0.0047713704
10.341552,0.008778311
10.523708,0.0063166507
10.618486,0.007414054
10.672787,0.0037234314
10.62174,0.002862826
10.690793,0.002741281
10.701325,0.012064179
10.626086,0.015006811
10.600642,0.012627729
10.476674,0.010298181
10.679101,0.015235817
10.911335,0.021795375
10.841838,0.021848261
11.250335,-0.0016068164
11.355851,-0.02199974
11.118078,-0.021453291
10.945031,-0.021961667
10.74546,-0.0002348125
10.700798,0.0060295463
10.594142,0.022843493
10.597883,0.027142566
10.523551,0.02185021
10.67149,0.016230479
10.750611,0.004693458
10.588745,0.006739268
10.518078,0.01121177
10.630442,0.010597328
10.469014,0.01542956
10.4716,0.015821716
10.471903,0.014310112
10.362878,0.0126685295
10.3890915,0.008746425
10.317257,0.00093222596
10.126893,-0.009235993
10.161956,-0.008258643
10.140311,-0.009966139
10.026949,-0.006849386
9.772237,-0.0089178495
9.863962,-0.009203635
9.789828,-0.012158189
9.669704,-0.0037532654
9.96328,-0.0014323872
10.018208,-0.0063989423
9.845454,-0.009285912
9.706309,-0.0050209705
9.948025,-0.0036590416
10.004065,-0.0026493035
9.915537,-0.0022493582
9.775422,-0.004709387
9.866184,-0.002271589
10.057575,-0.005576793
10.311312,-0.0077811927
10.202549,-0.011968117
10.225108,-0.015787873
10.140942,-0.014808796
10.15788,-0.0069288686
10.086868,-0.008432677
10.256359,-0.014701027
10.404942,-0.012916878
10.33961,-0.013911035
10.350821,-0.0095772445
10.105275,-0.014165454
10.133716,-0.010177933
10.372855,-0.008751299
9.922932,-0.010083139
9.910891,-0.015410684
10.018119,-0.0101573095
10.392635,-0.00964503
10.480962,-0.011454225
10.574191,-0.005398661
10.601026,-0.007809492
10.566131,-0.0056707747
9.678911,-0.009331115
9.87753,-0.0045766234
9.958799,-0.0008866675
9.999319,0.0025705267
9.608311,-0.006600404
9.802561,-0.0017209016
10.038233,0.00040062144
10.107949,-0.0020698104
9.820072,-0.0008780565
9.619353,-0.001908036
10.037159,-0.0008880682
10.119037,0.0045713466
10.039562,0.0045859367
10.150764,-0.0013339799
10.006938,-0.002315782
9.682846,-0.004142696
9.152761,-0.008396711
8.344671,-0.0037728306
8.421587,-0.007774515
8.41008,-0.010105267
8.64802,-0.0052428376
9.000189,-0.004532095
9.048244,0.0003856141
9.1089,0.00046447664
9.086338,-0.004605759
8.8205805,-0.010527313
8.8882885,-0.02932135
8.485209,-0.033119828
8.760987,-0.041811682
8.901388,-0.07967923
8.892997,-0.058843598
8.924957,-0.058974482
8.914076,-0.02625255
8.839222,-0.016209163
9.598258,-0.021971084
9.473102,0.0043041613
9.102602,-0.010993667
8.979452,-0.010353103
9.332321,-0.0030045249
9.756412,-0.003137106
10.036264,-0.043677956
9.962689,-0.01638481
9.926512,-0.027168617
10.048269,-0.034226704
10.093797,-0.029389754
10.199007,-0.03215442
10.336011,-0.026471548
10.227983,-0.007424647
10.326954,-0.014989335
10.376115,-0.014304981
10.320909,-0.0091535635
10.435553,-0.015508927
10.615785,-0.008810645
10.675327,-0.010817017
10.860865,-0.011148758
11.127726,-0.0024020374
11.09243,0.00043030083
11.144882,0.011698695
11.2992325,0.011143975
11.360652,0.015873034
11.168756,0.015134484
11.21435,0.016362295
11.312503,0.010335341
11.096454,0.0091829
11.1526985,0.0073655285
11.092963,0.006590262
11.170397,0.0029560514
11.199176,-0.00096807815
11.201904,-0.0031827241
11.142352,-0.0066537503
11.156471,-0.0115972385
11.205286,-0.018609729
11.211655,-0.015674576
11.117534,-0.012578603
11.074257,-0.011053778
10.9311285,-0.0157675
10.810529,-0.011381857
10.642912,-0.017212134
10.630875,-0.019251257
10.521705,-0.020453423
10.31334,-0.022952072
9.972271,-0.01956483
9.740774,-0.03234486
9.566189,-0.041421995
9.421936,-0.055779845
9.38566,-0.058580562
9.494385,-0.039560147
9.429426,-0.05998771
9.36001,-0.07921085
8.611231,-0.06626315
8.347424,-0.056760624
7.6983595,-0.019869015
9.035965,-0.06183184
8.7943,-0.052475885
9.072303,-0.07677534
8.979382,-0.06805996
9.0450325,-0.060596876
8.772208,-0.043588392
9.169725,-0.034390062
9.00775,-0.027803667
9.475092,-0.006260887
9.571859,-0.0058144405
9.666367,-0.0028142277
9.598801,-0.0014905129
9.594988,-0.0077703204
9.602354,-0.016114295
9.611267,-0.020447493
9.704923,-0.014619086
9.71996,-0.02303207
9.52947,-0.021651607
9.496863,-0.024574362
9.700428,-0.027417764
10.006958,-0.02466172
10.038679,-0.02156026
9.788546,-0.02087871
9.816076,-0.025951665
9.9178505,-0.028199103
10.039619,-0.030752793
10.043033,-0.024203967
9.974693,-0.008488111
9.931238,-0.0036270935
9.69226,-0.007919803
10.035887,-0.011063062
10.533005,0.0071381405
10.832883,-0.00022628345
11.015846,0.0006185267
10.78699,-0.0011013746
10.842604,-0.0045834407
10.553892,-0.003184801
10.756804,-0.0072285533
10.840869,-0.008731879
11.065643,-0.015791483
11.5063715,-0.020342827
11.659987,-0.021958515
11.611088,-0.024837792
11.570843,-0.016426247
11.454833,-0.0042026974
11.444288,-0.00018641353
11.532203,-0.005423367
11.361993,-0.0032223538
11.2450485,0.003218729
11.112376,0.006438356
11.08944,0.006922342
11.089392,0.010818768
10.901434,0.0071332864
10.882744,-0.0013741087
10.962655,0.004673479
11.087594,-0.010345127
11.109787,-0.018295787
10.985032,-0.02605296
10.995605,-0.028354205
10.907006,-0.02465745
10.9558735,-0.022862341
10.768978,-0.022543494
10.771506,-0.023712736
10.724504,-0.023133438
10.855144,-0.029285688
10.937096,-0.029741317
10.962262,-0.030656353
10.715265,-0.02057654
10.909411,-0.029258259
10.865419,-0.03101385
10.644989,-0.030022517
10.6785,-0.030366845
10.866664,-0.031605758
