predicted forward vel,predicted angular vel
3.51288,-0.013503548
2.8846822,0.00018840656
2.6990802,0.025666777
2.6939807,0.06951356
2.7643833,0.10541384
3.2014556,0.08486718
3.4894483,0.06970395
3.6495106,0.055421725
3.726488,0.06401195
4.016024,0.108685814
4.3545628,0.124728225
4.580393,0.13245653
4.4516163,0.13267228
4.6665373,0.13577102
4.705844,0.13414225
4.6128683,0.13805115
4.6960173,0.14396754
4.7950172,0.12545234
5.01938,0.117439434
5.3020635,0.10553459
5.675729,0.11840016
5.387685,0.096406564
5.538683,0.10870221
5.989506,0.077471316
5.927782,0.099297166
6.3851414,0.072935805
6.384132,0.008669503
6.1563864,0.08968292
6.308128,0.074658334
6.384671,0.08099813
6.501011,0.07929294
6.617599,0.08758212
6.6960697,0.09147254
6.5880804,0.033397585
6.7180715,0.031705983
6.731542,0.03539238
6.952796,0.054525696
7.039126,0.037919
7.258144,0.05348023
7.3652387,0.015832178
7.5491767,0.031627256
7.6167946,0.029252056
7.613794,0.02472664
7.609567,0.039160203
8.309419,0.054198213
8.399759,0.056657612
8.348579,0.05240637
8.380926,0.040484525
8.481571,0.031285685
8.517532,0.02945962
8.781614,0.029782519
8.90999,0.02875597
8.991814,0.021146836
9.122534,0.03002371
9.395279,0.04252602
9.129393,0.048690803
9.202337,0.077106796
9.164074,0.059915602
9.114462,0.041901063
10.085491,0.062528454
10.079828,0.06293176
9.718174,0.04714785
9.813429,0.053806417
9.858347,0.015385036
9.840842,0.011899411
9.943913,0.021819253
10.093755,0.032413542
10.055075,0.024302274
10.159898,0.05648228
10.048666,0.056214068
10.2485285,0.073733985
10.18857,0.09990002
10.196517,0.099896476
10.343086,0.1052267
10.5240135,0.11244716
10.504201,0.08486594
10.437089,0.06799577
10.556431,0.07087907
10.557041,0.08186625
10.629452,0.07537105
10.697496,0.09535587
10.713067,0.09098015
10.602231,0.09177313
10.834259,0.085995235
10.942156,0.085647866
10.798547,0.07102077
10.797761,0.066659674
10.770278,0.0749625
10.861495,0.07927143
10.955017,0.081960216
11.01358,0.07871209
11.013074,0.07678647
11.351788,0.057896905
11.392721,0.03815475
11.268245,0.05701031
11.186113,0.06657586
11.149307,0.073660865
11.169299,0.10561918
11.253249,0.13303965
11.359175,0.106591254
11.343492,0.10790296
11.787262,0.068993874
11.735389,0.07460663
11.522343,0.09566421
11.650687,0.096009076
11.606079,0.08676888
11.611363,0.06643652
11.54204,0.08721693
11.67233,0.09018789
11.670532,0.086812876
11.76352,0.094696775
11.750922,0.10865406
11.975594,0.096480645
12.179133,0.100816555
11.966166,0.13382389
11.704976,0.13316315
11.785808,0.116666734
11.876907,0.115539804
12.109628,0.122411594
12.1691,0.13651761
12.326444,0.12712729
12.331397,0.13898246
12.333089,0.14474171
12.320022,0.12401596
12.333101,0.13729356
12.349535,0.1265699
12.383305,0.11336826
12.425606,0.11276007
12.39831,0.08176318
12.330828,0.062024504
12.246864,0.03894026
12.429338,0.070589244
12.547145,0.078880735
12.564161,0.06760987
12.674334,0.0703825
12.672072,0.06721568
12.524319,0.051558677
12.834774,0.06302423
12.687213,0.061087497
12.452001,0.07017871
12.356661,0.07713969
12.294322,0.09297782
12.318057,0.05832415
12.206204,0.057068694
12.10127,0.03459332
12.026968,-0.0033853427
11.998232,-0.022954457
11.542225,-0.05442205
11.479931,-0.060744785
11.340652,-0.07010856
11.293741,-0.07283571
11.339943,-0.053936757
11.231621,-0.05586932
11.048056,-0.06848371
11.103374,-0.059635185
11.027279,-0.068672374
10.863712,-0.0714524
11.015696,-0.05915741
10.964701,-0.058297835
10.646991,-0.041139804
10.759715,-0.083211794
10.452394,-0.08763905
10.427654,-0.090868145
10.459266,-0.093799084
10.45459,-0.08600012
10.45388,-0.081902206
10.410472,-0.086293615
10.430681,-0.061322182
10.316383,-0.030438438
10.275169,-0.029512718
9.896342,-0.025260493
9.769004,-0.03739571
9.623877,-0.037952084
9.731005,-0.07154743
9.85005,-0.079171784
9.642984,-0.091223694
9.398115,-0.10378988
9.523778,-0.10130058
9.795048,-0.100494094
9.337724,-0.11312212
8.9565735,-0.11487013
8.647833,-0.1253713
8.649998,-0.10152754
8.715986,-0.111252934
8.565617,-0.10822287
8.5265045,-0.10987075
8.478695,-0.11822879
8.419204,-0.122402474
8.261078,-0.13596301
8.180935,-0.12832329
8.090696,-0.115618005
7.9060526,-0.10835515
7.8512497,-0.09083021
7.7935886,-0.109705016
7.8343053,-0.103814706
7.9509983,-0.13371786
7.9070706,-0.12015988
7.847089,-0.13376465
7.8236036,-0.1334943
7.9181848,-0.13756417
7.9431458,-0.1290364
7.9527917,-0.130097
8.106422,-0.14430282
8.197642,-0.11381364
8.1851425,-0.10099548
8.231474,-0.088451415
8.353684,-0.11217314
8.485741,-0.111765236
8.573359,-0.09061084
8.484307,-0.10237204
8.521214,-0.118554175
8.4321575,-0.12428594
8.533302,-0.1456206
8.852769,-0.16410896
8.971805,-0.18522161
8.972963,-0.17444712
9.124345,-0.17494307
9.207552,-0.17429166
9.31897,-0.17090829
9.42762,-0.18239968
9.70278,-0.19861762
9.863283,-0.18086785
10.026273,-0.2004456
10.031603,-0.22667216
10.139109,-0.23030536
10.274123,-0.2475736
10.598135,-0.23474227
10.652758,-0.22950663
10.658993,-0.20362984
10.704588,-0.20358874
10.644047,-0.1984998
10.805557,-0.20058474
11.136031,-0.17366523
11.759671,-0.15975119
12.00449,-0.15487863
12.213175,-0.14860958
12.373613,-0.15901063
12.409813,-0.15580627
12.637243,-0.14415795
12.771678,-0.16028857
12.894667,-0.14945613
12.852268,-0.13859956
12.919384,-0.14298654
13.044326,-0.15326533
13.152935,-0.17908165
13.205056,-0.1900677
13.302042,-0.19656035
13.423101,-0.20681165
13.648477,-0.21674941
13.799265,-0.22942983
13.706198,-0.21025465
13.817182,-0.22072624
13.841316,-0.22698015
13.922331,-0.22329983
13.9467125,-0.23305203
14.22665,-0.2482913
14.320408,-0.24526398
14.301359,-0.24966855
14.389304,-0.26528412
14.25236,-0.269571
14.335101,-0.28657222
14.497548,-0.29386157
14.513066,-0.28406137
14.7115555,-0.2899512
14.687257,-0.28592896
14.661723,-0.2844962
14.609543,-0.28491324
14.6258545,-0.28017014
14.789822,-0.28937894
14.795819,-0.29061782
14.846444,-0.30105
14.781418,-0.29316747
14.839539,-0.29660428
14.894761,-0.288176
14.910982,-0.29346788
14.611069,-0.27785224
14.645702,-0.25537872
14.6875105,-0.26990873
14.72454,-0.28528303
14.97514,-0.2816972
15.1554,-0.28417116
14.977766,-0.27729183
14.867337,-0.27389807
14.901752,-0.27738518
14.824406,-0.2723183
14.848011,-0.26701933
14.646558,-0.27652603
14.647653,-0.28168303
14.069396,-0.3029217
13.8639965,-0.29821277
13.721368,-0.2782843
13.551846,-0.28056484
13.495003,-0.30564308
13.410878,-0.31468028
13.3568125,-0.32327425
13.137252,-0.3083169
12.942078,-0.29029983
12.77501,-0.2662502
12.753329,-0.2614755
12.751001,-0.25920904
12.42977,-0.23317142
12.46331,-0.22457762
12.316174,-0.21149257
12.337779,-0.18578757
12.659489,-0.19811101
12.174667,-0.14736961
12.161563,-0.14739008
12.116343,-0.14420629
12.234471,-0.123811275
11.943052,-0.09583995
11.77369,-0.059370026
11.393359,-0.04515457
11.147039,-0.02873645
11.0666,-0.026677694
10.874622,-0.0058321133
10.413812,-0.011185493
10.136499,-0.014713254
10.667961,-0.004047543
10.623685,-0.013249408
10.374795,-0.009390704
10.208553,-0.027568862
10.098976,-0.023490518
10.089994,-0.015869677
10.167562,-0.0137324855
10.038323,-0.009637363
9.99365,-0.013398688
9.955727,-0.018934634
9.894363,-0.021367818
9.904923,-0.024196617
9.78099,-0.027475365
9.730347,-0.012197826
9.716252,0.0028066915
9.789257,0.00069547445
9.757275,0.019097446
9.729627,0.047435798
9.655941,0.049143
9.457516,0.05980613
9.557438,0.0474447
9.65593,0.04300252
9.606752,0.04620614
9.558156,0.056496866
9.8174095,0.031855986
9.732576,0.003365809
9.556795,0.001244178
9.600262,-0.014612731
9.422107,-0.011199422
9.445345,-0.02142806
9.376628,-0.0035597906
9.380402,0.0013361983
9.39049,0.010210188
9.53364,0.010942901
9.459595,-0.008184826
9.450272,-0.006958885
9.468013,-0.021278232
9.38777,-0.030337479
9.288488,-0.021687064
9.19248,-0.007121969
9.218655,-0.0041511524
9.423536,-0.005253656
9.551434,-0.021884754
9.465846,-0.023254074
9.414194,-0.030482296
9.41622,-0.014834069
9.585106,0.028064743
9.489537,0.077656955
9.531979,0.07421079
9.671682,0.08859879
9.754777,0.10940341
9.6682625,0.11531048
9.884241,0.11865009
9.679794,0.124372065
9.587836,0.09878582
9.468245,0.09398711
9.528191,0.07752584
9.526947,0.057464737
9.399279,0.07275459
9.182529,0.07802855
9.344261,0.08202778
9.492229,0.07655555
9.097959,0.0878269
9.041151,0.09281831
9.22805,0.062317226
9.223038,0.04421792
8.965525,0.036953047
8.862368,0.042233147
9.338718,0.03556712
9.322878,0.039072648
9.526264,0.011053255
9.461584,0.023375709
9.446943,0.038326927
9.441814,0.07851292
9.41556,0.106182285
9.343704,0.105886586
9.234029,0.097194545
9.158163,0.09234657
9.276941,0.08467824
9.529345,0.10410673
9.596207,0.0528
9.691856,0.016850995
9.516123,-0.00973434
9.297195,-0.015062042
9.040827,-0.017653342
8.750652,-0.018421322
8.672232,-0.019128636
8.656532,-0.01535134
8.809656,-0.024427637
8.727804,-0.024745628
9.057736,-0.023044601
9.125287,-0.022772495
9.333605,-0.022451177
9.23845,-0.0047669876
9.506179,0.008507357
9.478657,0.011146678
9.482675,0.011918346
9.673246,0.007362998
9.619411,-0.0008540768
9.502701,-0.0023836792
9.472668,-0.002174873
9.650735,-0.0043361858
9.376577,-0.005399158
9.258414,-0.0030391645
9.318392,0.0076594166
9.332195,0.0086232545
9.216115,0.016187914
9.164013,0.008100477
9.015032,0.043262295
9.176983,0.071560934
9.3438835,0.037870776
9.497946,0.022314439
9.605991,0.0322777
9.409673,0.03906193
9.440615,0.018104441
9.518997,0.05214446
9.557581,0.03169315
9.85821,0.017922906
9.83658,0.03449955
9.915288,0.04878581
9.950428,0.054912712
9.892932,0.03271722
9.899902,0.039077573
10.189815,0.030429492
10.230385,0.047125474
10.502572,0.043334585
10.424212,0.046909206
10.35832,0.040588763
10.257426,0.049736276
10.179771,0.04680794
10.14431,0.042746134
10.175655,0.022660509
10.160956,0.028259426
10.359524,0.02056115
10.451319,0.013695715
10.69096,0.013744637
10.701347,0.011962472
10.675937,0.014063567
10.665569,0.007711785
10.631776,0.009786136
10.593516,0.013725828
10.799442,0.0049803164
10.92958,0.010400824
10.851756,0.01657352
10.590177,0.012584506
10.558929,0.0055920407
10.459393,-0.016919766
10.412239,-0.005370168
10.539048,-0.012935977
10.398628,-0.012750361
10.639687,-0.0022054985
10.943201,-0.00088131614
11.002839,-0.0027590971
11.1398945,0.01223926
11.090366,0.01675008
10.843604,0.036207493
10.8082485,0.02973701
10.950339,0.022110539
10.881011,0.0377132
11.115199,0.019325972
11.088387,0.017890442
11.132949,0.0142795285
10.910155,0.018501258
10.862742,0.016443094
10.867579,0.014688513
11.015034,0.025457254
10.996992,0.02187738
10.999431,0.01299121
10.97068,0.0033532958
10.911943,-0.0015610028
10.855079,-0.015476499
10.583867,-0.015217945
10.308217,-0.011955686
10.345238,-0.01809182
10.459102,-0.020093542
10.540357,-0.015827145
10.513022,-0.014557105
10.583899,-0.011733841
10.53583,-0.0009230077
10.627693,-0.0064935777
10.692765,-0.0041069277
10.560743,-0.0077403244
10.529225,-0.0105347745
10.356729,-0.016629387
10.338127,-0.020907063
10.5796175,-0.013697531
10.42006,-0.018315688
10.47295,-0.023398973
10.481626,-0.022964913
10.125814,-0.008912163
9.992498,-0.002792636
9.904504,0.0017439295
9.974738,0.007960124
9.944284,0.010116781
9.950126,0.005503256
9.732273,0.010691662
9.533026,0.013598266
9.648431,0.019337283
9.325132,0.015594874
9.477036,0.018778864
9.233532,0.037318476
9.150059,0.06467497
9.038495,0.072374865
9.101158,0.07142758
9.185336,0.09137344
9.303467,0.108872175
9.082677,0.11975728
9.379372,0.13683933
9.458179,0.12641242
9.327034,0.1249516
8.969284,0.11935474
9.210522,0.06927071
9.205076,0.07417633
9.395759,0.05767646
9.515036,0.011222992
9.484256,-0.009276088
9.2776165,-0.03159262
9.340982,-0.03378823
9.851147,-0.028781809
10.111131,-0.0358748
10.299783,-0.05624248
10.149445,-0.051433824
10.131936,-0.03962228
10.218597,-0.03904569
10.214259,-0.03316992
10.086647,-0.05921922
10.328719,-0.027798988
10.230705,-0.01943506
10.298916,-0.009862654
10.241046,-0.0074636023
10.413752,-0.0026289523
10.531162,-0.0038163215
10.671878,-0.0045396406
10.854678,-0.0020522624
10.933198,-0.0013686474
10.926468,-0.0018211268
10.712599,-0.0031444672
10.71342,-0.0016899984
10.785201,-0.0029390622
10.849523,0.0068754815
10.897204,0.010253545
10.799874,0.01008745
10.725535,0.010435279
10.607346,0.012489567
10.605105,0.013375069
10.419727,0.01802205
10.4412775,0.012552619
10.558065,0.004702639
10.506889,0.009067467
10.47295,0.010303614
10.478014,0.0057540257
10.53557,0.0066487817
10.571545,-0.001873007
10.513233,0.002419792
10.542776,0.001031965
10.6442375,-0.0030979142
10.732585,-0.0012773536
10.916345,-0.0067731254
11.006687,-0.00036292337
10.986608,-0.0024312604
10.961761,-0.0025340077
11.017181,-0.0016983096
11.094085,0.0021360666
11.111894,0.0004923921
11.078312,0.0031540673
11.042675,0.006449325
10.990934,0.0048598424
10.908773,0.0031573456
10.86042,0.0008232817
10.951115,-0.002419183
10.994971,-0.006770894
10.93492,-0.0069353096
11.024092,-0.0077213924
10.865218,-0.009767279
10.885559,-0.0024209116
10.906008,-0.003947111
10.923544,-0.008694354
10.907951,-0.004297998
10.783356,-0.0012720749
10.58429,-0.018228907
10.683317,-0.025379892
10.694461,-0.039737303
10.691979,-0.0459774
10.72909,-0.046573646
10.660807,-0.048266582
10.655929,-0.061871454
10.617156,-0.061505206
10.649838,-0.058363922
10.676722,-0.05744587
10.596844,-0.049912766
10.409782,-0.05401679
10.187561,-0.045492552
10.216056,-0.046998367
10.2145405,-0.04585898
10.098212,-0.029708173
10.071642,-0.02507599
10.062978,-0.02851165
10.12078,-0.021282457
10.053534,-0.017928608
9.973106,-0.025569499
9.828932,-0.019929513
9.767204,-0.005494153
9.703571,0.004251374
9.722848,0.03285426
9.734962,0.030178513
9.901815,0.022641186
9.803534,0.022143545
9.68654,0.01768805
9.556238,0.0096715875
9.319641,-0.013979021
9.22509,0.0036363788
9.165131,0.020129737
8.9879675,0.0015895925
8.947153,-0.009052152
8.909426,-0.0078897085
8.686607,-0.0053565037
8.641531,-0.0065802615
8.622237,0.011956489
8.446028,-0.01518932
8.380298,-0.02297908
8.330553,-0.0031172
8.2261,0.002215162
8.285752,-0.006082732
8.313042,-0.008030653
8.441081,-0.021436747
8.125793,-0.06935892
8.066242,-0.0190937
7.757634,-0.02619885
7.678148,-0.008655874
7.897885,-0.036280047
7.9443483,-0.06511462
8.179369,-0.0804725
7.969713,-0.11246075
7.9149556,-0.16510212
7.758233,-0.18155323
7.9172025,-0.1905362
8.117624,-0.22792388
8.0197735,-0.1991561
7.9617767,-0.20245999
8.011002,-0.21626343
8.030978,-0.23731284
8.063928,-0.2750666
7.9928417,-0.25724673
7.946429,-0.29158962
7.91272,-0.26857215
8.00688,-0.31260955
7.862338,-0.2935602
7.969847,-0.27010286
7.950149,-0.18612032
7.944171,-0.18234037
8.089636,-0.15207997
7.984907,-0.14392735
8.116266,-0.17933442
8.149622,-0.18930568
8.470345,-0.22068109
8.533398,-0.18794762
8.496558,-0.18383889
8.480359,-0.19353369
8.479309,-0.18789978
8.445524,-0.20869467
8.434658,-0.19631371
8.582063,-0.23162676
8.528188,-0.24989201
8.401136,-0.24050002
8.414665,-0.21062239
8.490894,-0.2150483
8.464376,-0.15267792
8.306631,-0.22843422
8.563271,-0.21948184
8.716646,-0.26892823
8.63376,-0.2683944
8.688006,-0.2599042
8.50334,-0.27411592
8.541546,-0.28953743
8.543969,-0.2893436
8.527978,-0.2864089
8.691765,-0.22292098
8.59829,-0.21172264
8.576658,-0.18469885
8.558362,-0.17195834
8.614221,-0.17144756
8.630077,-0.12957677
8.61329,-0.14257276
8.620527,-0.16128814
8.412711,-0.15710203
8.371067,-0.12250672
8.442358,-0.11576094
8.54496,-0.17368215
8.60143,-0.2306344
8.9564,-0.2684865
8.629124,-0.2530532
8.504772,-0.2621103
8.615101,-0.29038417
8.926435,-0.28629994
9.088707,-0.2884835
9.026609,-0.29891855
8.949202,-0.2830242
9.091333,-0.27012783
9.047026,-0.26039767
9.299484,-0.24516697
9.355682,-0.25501758
9.365409,-0.24843214
9.422535,-0.257407
9.352554,-0.25402635
9.573889,-0.28378618
9.625641,-0.2713458
9.667614,-0.2670685
9.7345915,-0.26960516
9.805993,-0.2704546
9.894527,-0.2799303
9.758438,-0.22516613
10.004471,-0.2129118
9.975384,-0.20001708
10.104275,-0.2014909
10.132468,-0.21915393
10.230451,-0.22340178
10.369792,-0.22404492
10.47751,-0.22727412
10.367566,-0.23084573
10.471378,-0.21790725
10.293487,-0.1900692
10.651506,-0.1424084
10.657967,-0.19264773
10.382201,-0.1850084
9.990526,-0.17180912
10.14608,-0.1565269
10.46098,-0.1463114
10.514481,-0.18669243
10.809596,-0.17420831
10.885898,-0.16961566
10.8021965,-0.17314042
11.10142,-0.13111368
11.175998,-0.08501513
11.311381,-0.049591586
11.229307,-0.023559451
11.394543,-0.009938404
11.200191,-0.0027578361
10.923439,-0.016763221
11.2712,-0.009713005
11.510951,-0.014962785
11.709215,-0.03201757
11.844651,-0.037963394
11.856836,-0.03436486
11.964302,-0.024168465
12.0713415,-0.00955775
12.20064,-0.011098944
12.177559,-0.01640473
12.067759,-0.022769708
11.184788,-0.010164566
11.647913,-0.017688647
11.4802685,-0.0072177276
11.29705,0.00053936616
12.25068,-0.01209816
12.60807,-0.010561757
12.699012,-0.001320241
12.900887,-0.003575787
12.789913,-0.007301526
12.351222,-0.007164469
11.989707,-0.008514173
12.33194,-0.01459562
12.331814,-0.014858052
12.452539,-0.018767636
12.593858,-0.01977845
12.64755,-0.017246723
12.5925045,-0.01686094
12.684588,-0.021477502
12.818641,-0.03439363
12.997844,-0.037227117
13.02363,-0.040468648
13.097375,-0.04171998
13.070191,-0.04203283
13.217474,-0.041742913
13.15326,-0.037711766
13.227242,-0.041722022
13.212884,-0.04426278
13.354569,-0.042632632
13.27322,-0.023685992
13.24125,-0.020461712
13.4898405,-0.025908679
13.5171385,-0.025214799
13.564784,-0.023291234
13.639342,-0.024349578
13.503444,-0.027592856
13.440039,-0.027891114
13.424015,-0.028987236
13.430281,-0.023422621
13.504801,-0.021830436
13.610926,-0.01767775
13.572982,-0.023571283
13.489329,-0.02061832
13.420206,-0.012484599
13.278512,-0.032651342
13.180129,-0.036014203
13.187724,-0.03473854
13.210107,-0.025235713
13.163635,-0.0141953565
13.034681,-0.025327977
13.148612,-0.022889555
13.20153,-0.015230514
13.343684,-0.00954517
13.454344,-0.012554683
13.113392,-0.015571605
13.191114,-0.01910302
13.107149,-0.018171139
13.090592,-0.027297236
13.085512,-0.026764575
13.05281,-0.038445845
13.038831,-0.050272167
12.966814,-0.03429254
12.809887,-0.037338678
12.791158,-0.030995753
12.868968,-0.018414315
12.761158,-0.01978051
12.65747,-0.0026286244
12.266606,-0.006966237
12.015642,-0.017668344
11.975678,0.011797621
11.824998,0.003466094
11.738754,0.0065268427
11.4613495,0.020685343
11.052748,0.036767025
11.259147,0.029961597
11.213159,0.03214003
11.029719,0.019072963
11.221107,0.023228034
10.842803,0.039157066
11.105755,0.054096453
10.688898,0.064257324
10.412395,0.060560837
10.439973,0.05692094
10.164276,0.06765975
9.817402,0.10333898
9.95245,0.104048565
10.108251,0.14766954
10.095416,0.14405066
9.940094,0.14598706
9.868948,0.14454964
9.6718235,0.15458654
9.74081,0.15732434
9.648628,0.18031618
9.598696,0.16435456
9.569754,0.19306731
9.531553,0.14148122
9.741027,0.17089117
9.975414,0.17906094
9.963864,0.19210126
9.871024,0.19686703
9.951237,0.16846098
9.72256,0.12938495
9.834442,0.09196016
9.912504,0.108793944
10.399085,0.11723256
10.294319,0.11192147
10.590949,0.13129497
10.599868,0.14456373
10.650027,0.15144415
10.883527,0.11289477
11.04611,0.123089395
11.394739,0.13399652
11.448836,0.14030398
11.138523,0.16451345
10.327503,0.13185114
10.413803,0.15298651
10.735804,0.15355517
10.862406,0.13066718
10.860798,0.13021684
10.909815,0.109386764
10.941647,0.08069124
11.164161,0.09661241
11.266668,0.062273785
11.234631,0.046275016
11.089687,0.043102205
11.641569,-0.015861902
12.022336,-0.0009357482
11.931712,0.004261479
11.731389,0.01005676
11.373328,0.02249481
11.304714,0.020110672
11.459707,0.01571779
11.302776,0.018676907
11.362931,0.02265039
11.2521105,0.013315858
11.09355,0.0050334185
11.150125,0.0052348822
11.341425,0.010921627
11.161739,0.013684795
11.20486,0.016073992
11.427741,0.0070300046
11.601745,0.020344848
11.546295,0.0015501361
11.219587,0.0012043789
11.116561,0.001468312
11.045033,-0.01302379
10.617919,-0.00061106123
10.575024,-0.042487048
10.382724,-0.090472005
10.410782,-0.099381596
10.133238,-0.10583499
9.892679,-0.10746977
9.833895,-0.12918799
9.875856,-0.12356755
10.047817,-0.12898277
9.986425,-0.13895915
9.90078,-0.1399636
9.709293,-0.16436079
9.563131,-0.19704811
8.951433,-0.1805697
8.649084,-0.16820617
8.401285,-0.18697965
7.9260902,-0.23366372
7.4036593,-0.21978551
7.412329,-0.23583071
7.491371,-0.23723464
7.185106,-0.20948666
7.1424556,-0.21347575
7.501048,-0.12535812
7.583729,-0.08786021
7.0780573,0.025175255
6.6343355,0.08613842
6.4288216,-0.0013562143
6.684511,-0.03285131
6.8851957,-0.03337711
6.879142,0.012542978
7.1118054,-0.1748172
7.3334,-0.23036738
6.992713,-0.2538491
6.8590636,-0.24560754
7.0377555,-0.24105136
7.002939,-0.19094253
7.0948057,-0.35340917
7.4532385,-0.32975286
7.743151,-0.24195786
7.6758246,-0.2369505
7.8204536,-0.24471106
7.583376,-0.2475404
7.0812798,-0.23275669
6.4949875,-0.20800613
6.7838955,-0.18450017
6.9087696,-0.21938448
7.379541,-0.22546846
7.394494,-0.24353324
7.138719,-0.12790574
6.7733264,-0.40838432
7.1942177,-0.38198262
7.6153436,-0.39768028
7.514606,-0.3921249
7.5122447,-0.40686685
7.3023667,-0.41214687
7.118186,-0.36005485
6.836627,-0.340168
6.8296437,-0.29647565
6.815341,-0.24218778
6.220282,-0.21416016
6.2916255,-0.2551273
6.419934,-0.24008544
6.7559776,-0.25100642
6.589417,-0.21711339
5.735524,-0.16772538
5.8989964,-0.18090181
6.1188045,-0.18997191
6.368111,-0.2084003
6.4722514,-0.22603512
6.6860414,-0.20080253
6.594211,-0.21870175
6.329974,-0.26144606
6.88503,-0.28064096
6.6802244,-0.24405386
6.8266172,-0.27816433
6.8785763,-0.27937275
6.9528894,-0.26483196
6.929177,-0.26638478
7.1107626,-0.26574266
7.2172055,-0.22671433
7.045005,-0.20812045
7.022797,-0.18790743
6.952454,-0.16316745
7.0958343,-0.14225589
7.3914156,-0.14711775
7.7160025,-0.18135178
7.8909926,-0.20160714
7.7873526,-0.20025039
7.674223,-0.1760269
7.8619075,-0.16250949
7.8897696,-0.16344291
8.055143,-0.12586077
8.192204,-0.0985783
8.247307,-0.059101067
8.222292,-0.032865867
8.449636,-0.008468028
8.53771,-0.005779665
8.548979,-0.012083232
8.47345,-0.024233457
8.588642,-0.024653029
8.583587,-0.02734536
8.816062,-0.028781563
9.123658,-0.019698039
9.177507,-0.026956394
9.165979,-0.028306626
9.209648,-0.022646394
9.235087,-0.016814604
9.333599,-0.016126402
9.431644,0.0069261687
9.52578,-0.0046246964
9.631724,-0.0063877404
9.821922,0.0053354017
9.859525,0.003616685
9.924971,0.009049209
9.966307,0.001195496
10.106952,-0.0009780154
10.106554,0.0021148343
10.174428,-0.005615128
10.204288,-0.005383592
10.240096,-3.0023977e-05
10.34043,0.019716306
10.42669,0.03981806
10.423541,0.032306485
10.081906,0.07248145
9.950387,0.080329746
9.81213,0.07863118
9.647765,0.05689339
9.846941,0.060317036
9.906165,0.09714504
9.807695,0.09583175
9.848909,0.09499493
9.799709,0.08398659
9.852478,0.08276206
9.91189,0.07997317
9.911876,0.06997721
9.748202,0.076038964
9.65278,0.06169924
9.678352,0.066252396
9.59561,0.059377037
9.842621,0.049318172
9.6886015,0.06279422
9.698827,0.062186677
9.757497,0.06483377
9.655571,0.072359316
9.583536,0.09082086
9.591815,0.10468091
9.633028,0.12815394
9.942768,0.11752723
9.783681,0.09899288
9.7567425,0.08989593
10.228404,0.081035905
9.984102,0.090226345
9.8087015,0.06353539
9.626795,0.042982392
9.764919,0.03852499
9.626801,0.049759462
9.454278,0.05958231
9.434779,0.07106008
9.509998,0.08059341
9.409206,0.08296932
9.454174,0.05980422
9.554144,0.038288064
9.439131,0.047148358
9.607121,0.031121574
9.84817,0.0169061
9.533388,0.038047563
9.584766,0.029900983
9.874635,-0.0025484487
9.75333,-0.008369364
9.553452,0.020307
9.621435,0.030840373
9.400891,0.032710496
9.478659,0.019183248
9.749894,0.037714764
9.99731,0.05454406
10.239411,0.06813921
9.758862,0.07303433
9.199394,0.06515348
8.814848,0.08228563
8.032433,0.10215458
7.7506423,0.10843262
8.048458,0.11480353
8.010669,0.081333384
7.5051336,0.04792086
6.6378303,0.02121705
6.351856,-0.0051596574
6.353366,-0.011383887
6.3949175,-0.033563316
6.1705275,-0.046697877
6.205217,-0.028833956
6.4993606,-0.16823864
5.8720875,-0.19986977
6.0319824,-0.29073387
5.627122,-0.40375614
5.842751,-0.37966162
6.1735086,-0.37987834
6.201626,-0.36990428
5.966851,-0.33377117
6.002993,-0.2837453
6.179732,-0.32940596
5.88735,-0.33961743
5.9689684,-0.37652034
5.9749002,-0.4168709
5.9708056,-0.47601235
6.0707793,-0.42204392
6.163557,-0.4496941
6.0870323,-0.44227356
6.248671,-0.44861746
6.5387354,-0.3843279
6.891293,-0.33603805
6.7867856,-0.33461046
6.9553246,-0.31899387
6.782417,-0.35405886
6.92092,-0.36230832
7.2079325,-0.3105362
7.167177,-0.3117351
7.1310735,-0.32444406
7.489968,-0.23953243
7.459736,-0.2291743
7.7315054,-0.18832242
7.5305285,-0.22483487
7.57094,-0.20034277
7.865796,-0.11709334
8.280861,-0.06560246
8.654051,-0.022237986
9.047505,0.027709957
9.07924,0.031658396
9.075373,0.020320294
9.1561365,0.015078628
9.095058,0.012140363
9.017326,0.0073221866
8.992575,0.002544837
9.099601,0.00065869093
9.202593,0.01435622
9.51724,0.026881399
9.244513,0.027406346
9.3118725,0.033728376
9.455168,0.024784824
9.482092,0.029313795
9.695374,0.029766664
9.904363,0.03663131
9.962519,0.05602868
9.88604,0.0500492
9.903508,0.04477687
10.053374,0.04759787
10.159052,0.065379485
10.138819,0.07156638
10.199359,0.06140609
10.125025,0.07327235
10.300878,0.06629075
10.411783,0.074592136
10.603935,0.0719873
10.843955,0.080651365
10.6817045,0.07677958
10.80535,0.069811456
10.79626,0.062065106
10.703458,0.07364294
10.654805,0.05516913
10.677379,0.0703723
10.902685,0.08527818
10.933485,0.07621699
10.947347,0.06281854
10.886322,0.050913658
10.814496,0.05190753
10.792507,0.051978037
10.365987,0.034120034
10.752757,0.030586535
10.885681,0.019188281
10.793588,0.021531295
10.646723,0.022019463
11.231714,0.004194781
11.133882,-0.011502869
10.822997,-0.02663339
10.926065,-0.033971313
11.06793,-0.0323218
11.075909,-0.032530043
11.551244,-0.02944991
11.650164,-0.020386633
11.35988,-0.007493332
11.540642,-0.002107136
11.702054,-0.0016709901
11.723547,-0.0065089595
11.639776,-0.0031127762
11.450245,-0.008640815
11.338668,-0.013477121
11.550924,-0.017777756
11.603755,-0.009744428
11.449204,-0.024186686
11.547327,-0.02628674
11.567177,-0.025112197
11.593949,-0.02047526
11.655338,-0.03189375
11.684292,-0.029619474
11.831842,-0.022816807
12.357392,-0.018255875
12.419441,-0.024360415
12.318441,-0.0330656
12.345653,-0.038145844
12.406263,-0.03805
12.124267,-0.018589783
12.042933,-0.020226024
12.274869,-0.02636784
12.242904,-0.013155095
12.322039,-0.014144104
12.58771,-0.020931818
12.478963,-0.01356842
12.618264,-0.022449844
12.757638,-0.03211198
12.829685,-0.04439436
12.865534,-0.030426655
12.6823635,-0.014360413
13.015627,-0.015503503
12.792143,-0.022189725
12.775291,-0.045421503
12.800631,-0.044197626
12.816275,-0.04253538
13.000978,-0.053822912
13.003735,-0.046323285
13.030294,-0.046552382
12.935926,-0.051585853
12.844141,-0.04651977
12.857376,-0.038939077
13.048235,-0.013939694
12.865776,-0.012589615
12.98404,-0.008445978
13.23835,0.014242667
13.378363,0.010498368
13.60904,3.800541e-05
13.397535,-0.012063816
13.651129,-0.028539516
13.389139,-0.03875898
13.294565,-0.049446143
13.356082,-0.05399231
13.692958,-0.048709206
13.689714,-0.055788748
13.847369,-0.04936193
13.837959,-0.052363902
13.846529,-0.051344357
13.802537,-0.05550988
13.711875,-0.044347405
13.853975,-0.05271726
13.97813,-0.05474399
14.000862,-0.05517245
14.011414,-0.054494955
13.958352,-0.05927694
14.052731,-0.061831743
14.130983,-0.036291465
13.771616,-0.037528496
13.885637,-0.02215432
13.924064,0.010178855
13.971886,0.02937133
13.98604,0.015343318
13.937045,3.1234697e-05
14.115931,-0.009806141
14.053457,-0.043863498
14.078108,-0.02824974
13.882813,-0.04454708
14.095768,-0.04329647
14.228505,-0.04583372
14.067458,-0.045444965
14.000534,-0.036678407
13.969829,-0.03514428
13.999075,-0.03982712
13.881837,-0.037416108
14.033145,-0.038303323
13.985056,-0.027384266
13.872895,-0.04285109
14.035384,-0.018185414
13.9824505,-0.03559038
14.071382,-0.041898437
13.938166,-0.051930174
13.923477,-0.060845613
14.129349,-0.066493675
14.254389,-0.062963076
14.121336,-0.0541856
14.11472,-0.014016755
13.998205,0.00090995803
13.980424,-0.004377285
13.933499,-0.014388848
14.060335,-0.0068532135
13.887672,0.0060809553
13.898901,0.0024654102
14.176657,-0.009728044
13.983171,0.015314788
13.899032,-0.008866258
14.111425,-0.041993514
14.106664,-0.030726418
14.033854,-0.011611421
14.0288315,-0.009974606
13.981226,-0.025605038
13.855495,-0.024839006
13.893801,-0.024684895
13.968124,-0.03346637
13.986404,-0.035780363
14.011607,-0.034955435
14.098034,-0.046141736
14.020282,-0.035703182
14.012936,-0.029821083
14.107345,-0.030889701
13.966774,-0.035234336
13.853385,-0.046864666
13.871855,-0.05371646
13.9681,-0.06459634
14.032099,-0.052828014
13.962907,-0.056833446
14.030994,-0.06467729
13.888254,-0.06157808
14.116417,-0.05991239
14.037503,-0.06111183
13.960113,-0.04017125
14.107229,-0.019295018
13.922182,-0.020364024
13.866074,-0.015869468
14.023925,-0.02119445
13.875192,-0.004313875
13.887501,-0.005112957
13.918213,-0.0056830104
13.9665365,-0.01982949
13.781634,-0.0022931378
13.695773,-0.025169972
13.787287,-0.028568614
13.872,-0.019117624
13.755602,-0.029978033
13.725961,-0.03910922
13.7335,-0.03584774
13.72258,-0.0328966
13.58802,-0.04543996
13.430998,-0.05329094
13.6719055,-0.06466575
13.942836,-0.07759075
13.930744,-0.075885326
13.8982,-0.08740878
13.871564,-0.07771838
13.891649,-0.077293
14.012293,-0.072662376
13.974366,-0.07421695
13.997418,-0.0705675
13.770218,-0.06799321
13.807069,-0.06277244
13.782639,-0.06633851
13.891198,-0.06913846
13.968625,-0.07018148
13.808435,-0.07890249
13.555813,-0.06845978
13.482983,-0.055181347
13.484246,-0.043661922
13.545771,-0.059839256
13.442082,-0.04101353
13.636851,-0.03922382
13.77187,-0.05795399
14.011023,-0.041435786
13.988398,-0.035162196
14.020988,-0.052026153
13.967106,-0.05981803
14.103682,-0.057499893
13.969004,-0.059835806
14.005512,-0.05155912
13.661335,-0.05098679
13.824431,-0.052558348
13.9298725,-0.05937031
13.921501,-0.041523263
14.005997,-0.032811664
14.006215,-0.0425592
13.80157,-0.034640994
14.122575,-0.03842057
14.200774,-0.059595868
14.066668,-0.066264495
14.166639,-0.049506016
14.343767,-0.051715016
14.4801235,-0.050411806
14.656233,-0.008053467
14.558739,-0.00028850324
14.391154,0.011282455
14.226857,0.0068338495
14.192369,-0.0008116253
13.993186,0.009069887
13.9973,-0.008340377
13.830393,-0.007644117
13.737763,-0.010009013
13.834887,-0.026879601
13.938803,-0.023512162
14.176907,-0.028282989
14.102152,-0.029588308
14.127317,-0.020874716
14.11698,-0.018490888
14.327772,-0.011060961
14.112945,-0.013172731
14.256822,-0.013101712
14.369714,-0.011821501
14.2332325,-0.023300104
14.158908,-0.025079891
14.484539,-0.039200984
14.514332,-0.006501682
14.556515,0.0064842273
14.545424,0.006647289
14.49974,-0.014820807
14.576995,-0.021576852
14.529393,-0.013104916
14.38024,-0.0008300971
14.398453,-0.018634342
14.197403,-0.02038914
14.393653,-0.015455518
14.420214,-0.008172136
14.483682,0.000916712
14.312086,-0.018695403
14.231357,-0.039313763
14.246138,-0.04122577
14.27513,-0.031427585
14.209306,-0.032056693
14.328438,-0.03698735
14.494127,-0.029345527
14.499161,-0.0065150876
14.444809,0.006595645
14.468198,0.012143597
14.5163,0.018582284
14.46578,0.025919057
14.171784,0.035131276
14.230185,0.033164844
14.138926,0.030063886
14.160719,0.023107005
14.612558,0.011103372
14.276475,0.0031561702
14.407038,-0.006504357
14.592512,-0.0022014957
14.624704,-0.008727517
14.543504,-0.00023575872
14.627595,-0.016973708
14.339561,-0.06040159
14.471677,-0.072406605
14.740113,-0.06970119
14.658423,-0.07310259
14.496227,-0.067879535
14.440187,-0.06799602
14.365743,-0.068106584
14.312041,-0.05415114
14.333528,-0.047936447
14.497062,-0.039021675
14.404653,-0.04392469
14.3549,-0.04827244
14.475971,-0.030430622
14.650841,-0.0023232698
14.620802,-0.004114203
14.470523,-0.015593357
14.409517,-0.013381474
14.276152,-0.01783475
14.278185,-0.004286602
14.16081,-0.0033022966
14.178721,-0.006186029
14.380815,0.0063238814
14.242335,0.0007784534
14.348017,-0.0017431118
14.250566,0.008983253
14.105412,0.0075140465
13.995443,-0.003233876
13.964556,-0.0048354547
13.956722,-0.008172832
13.85952,-0.0042928774
13.888261,-0.008756107
13.996354,-0.0030578263
14.090905,-0.006711835
13.996634,-0.010163661
13.756203,-0.0053495504
13.638326,0.0033728704
13.592945,-0.012941137
13.7387085,-0.013967913
13.602785,0.0041964
13.300365,-0.002563456
12.474781,-0.017140657
12.436392,-0.016717978
12.965383,-0.03259886
12.891561,-0.047971502
12.460927,-0.06772159
12.262373,-0.0829868
12.005335,-0.07314522
11.472646,-0.06914131
11.955988,-0.09979657
11.730837,-0.10401744
11.34662,-0.09670013
10.944193,-0.09762076
10.627986,-0.14269955
10.666174,-0.173472
10.405389,-0.22501855
10.102331,-0.22180907
9.599254,-0.25129074
8.948191,-0.297745
8.908405,-0.340764
8.272937,-0.33709204
7.8059015,-0.31645662
7.352712,-0.34551525
6.840387,-0.17674159
6.6112285,-0.25012517
6.493426,-0.24111472
6.289122,-0.18915829
6.4923024,-0.18321152
6.6034713,-0.15552685
6.4340053,-0.21340497
6.024501,-0.24122064
5.7805667,-0.34025526
5.618932,-0.40650517
5.519331,-0.48661953
5.455474,-0.5487953
5.213999,-0.6289487
4.941676,-0.6336066
4.907025,-0.68798053
4.534147,-0.6745042
4.6639385,-0.71688634
4.693473,-0.68451214
4.7720838,-0.64765143
4.811026,-0.65506065
4.8498263,-0.6137296
4.6172705,-0.62270606
4.6429043,-0.6716899
4.7862163,-0.72115976
4.9241314,-0.77977014
5.0370064,-0.7674368
5.004239,-0.7711863
4.9978776,-0.7749869
5.002047,-0.7602008
5.092528,-0.7402021
5.1326256,-0.7135748
5.3002186,-0.65908945
5.373178,-0.64092356
5.5416985,-0.5913924
5.649273,-0.55800885
5.8158417,-0.48438948
5.989192,-0.398808
5.8951197,-0.3770529
6.1934094,-0.3565991
6.48945,-0.29564482
6.736422,-0.2922423
7.3849487,-0.15045528
7.2980323,-0.13873172
7.307452,-0.10383698
7.2044134,-0.087635264
7.2927547,-0.07561612
7.333003,-0.07567736
7.4268384,-0.05381296
7.5780115,-0.031802524
7.6968913,-0.020237535
7.5635424,-0.02056228
7.518267,-0.011291649
7.580121,-0.007617714
7.709954,-0.00502583
7.9495153,0.023637304
8.058355,0.026103029
8.169722,0.022465024
8.216675,-0.01167725
8.228491,-0.018613141
8.234259,-0.060678005
8.29506,-0.067175716
8.132288,-0.080756135
8.094543,-0.09130325
7.8119307,-0.084263496
7.837634,-0.04982332
7.899261,-0.06381557
7.8768706,-0.04950942
7.695135,-0.012649126
7.8775654,-0.047373943
7.76153,-0.039348036
7.6725144,-0.041649364
7.5611563,-0.011271384
7.4232936,0.0021619797
7.454274,0.0091384845
7.138945,0.048465107
7.230137,0.049056873
7.1679125,0.06719148
6.110606,0.15474023
7.342263,0.059632923
6.718316,0.06327961
6.5092773,0.010616508
6.55443,0.015404889
6.8315234,0.039515857
7.059088,0.058127776
7.0207453,0.06477433
6.966637,0.07386619
6.9873824,0.06033519
7.1878834,0.04395267
6.9863195,0.051955093
6.8615413,0.041559476
6.6352344,0.057359584
