predicted forward vel,predicted angular vel
5.2395015,0.101025015
4.3612013,0.059671514
4.3378057,0.07318256
4.308941,0.05607241
4.367329,0.07101771
4.226617,0.052119207
4.1711335,0.044580374
4.2968035,0.09101774
4.187529,0.07279569
4.199169,0.0691493
4.2046256,0.089430206
4.4523144,0.09452883
4.5659156,0.10954803
4.7165356,0.10020436
4.841081,0.07193503
4.996292,0.05168792
5.048786,0.056368187
5.2225285,0.057507332
5.389617,0.036489744
5.480631,0.018468885
5.57963,-0.0012046658
5.547905,0.017818429
5.6231785,-0.027144648
5.807942,0.0006997511
6.00777,-0.0060473513
6.024589,-0.016300261
6.151025,-0.0014584959
6.373349,0.02755573
6.667324,0.028246995
6.8133907,0.036054283
6.943836,0.031363413
7.104569,0.0438656
7.2302213,0.045136318
7.555191,0.049721427
7.521142,0.03540153
7.6590667,0.03343004
7.99022,0.048219673
8.1386175,0.060516827
7.966296,0.055897936
8.250942,0.083114214
8.192639,0.08345827
8.395071,0.104440026
7.9876328,0.107807234
8.248257,0.081452265
8.130797,0.076774806
8.020062,0.071655534
8.042337,0.06266512
7.902733,0.055023454
7.8844748,0.028424494
7.7785378,0.03093009
7.503207,0.01834166
7.6306767,0.016537638
7.4129505,0.0049329195
7.894683,-0.004280003
7.7643023,0.0019131023
7.7486496,-0.0070920065
7.367197,-0.0019595176
7.7543807,0.005741913
7.2514744,0.022365283
6.7030663,-0.0207359
6.449006,0.023301464
6.5355935,0.0469665
6.346156,0.044645406
6.1266694,0.08187153
6.087096,0.025827363
5.926878,0.036233917
5.87605,0.01221627
5.9578013,-0.02969997
5.8918266,0.0121045215
5.7726727,-0.06254954
5.572646,-0.11429641
5.420617,-0.063130185
5.2320204,-0.07665238
5.07979,-0.15661933
4.5961685,-0.1770656
4.5107965,-0.23354466
4.6789236,-0.31400883
4.498746,-0.31138957
4.4208016,-0.3321789
4.06771,-0.27398926
3.790938,-0.3150841
3.6940093,-0.31710643
3.5739422,-0.349155
3.461041,-0.37112814
3.4236865,-0.3375178
3.207873,-0.33403653
3.2657843,-0.32562178
3.2902164,-0.329058
3.4625483,-0.33742183
3.4114342,-0.3118863
3.4198475,-0.33569962
3.4572322,-0.30699283
3.2359378,-0.3642658
3.1128032,-0.37527984
3.0059972,-0.37379903
2.9471765,-0.37441206
3.159923,-0.34474188
3.310654,-0.33044165
3.314118,-0.36879206
3.5317612,-0.36544436
3.5996337,-0.39970285
3.6618211,-0.41040266
3.6777549,-0.35757524
3.8037193,-0.30573487
4.169437,-0.29838777
4.331155,-0.2881481
4.5265875,-0.26076025
4.8078933,-0.2494743
4.8599644,-0.24846335
5.186075,-0.27532923
5.174613,-0.26359755
5.72514,-0.20603456
5.9555707,-0.16534737
6.301089,-0.11259413
6.3539667,-0.12408541
6.4619393,-0.09388494
6.634746,-0.083264895
7.011311,-0.04378409
6.8750405,-0.039327905
6.9923563,-0.036758307
7.037499,-0.032617074
7.168483,-0.019604813
7.2925024,-0.02000542
7.1381555,-0.011510562
7.1357803,-0.0055926945
7.4596224,-0.0033320114
7.3083334,0.01561977
7.5785627,0.011879701
7.615054,0.00677278
7.4657574,-0.0060141794
7.5304027,-0.004767673
7.474192,0.017805457
7.656116,0.01061639
8.080948,-0.021181226
7.738113,0.007155312
7.6018124,0.0024304632
7.8481736,-0.02024132
7.7981105,-0.004991211
8.160924,-0.007950241
8.268684,0.0064142644
8.016487,0.013190755
7.9435935,0.004709607
8.089355,0.0040223617
8.377436,0.0036058463
8.738533,0.01589762
8.851831,0.052075855
9.049889,0.04104018
8.958176,0.046171587
8.821972,0.055441156
9.05658,0.039769508
9.198292,0.026011769
9.0233135,0.026861235
8.917244,0.016320702
9.0033455,-0.004054364
9.290767,-0.015880369
9.419611,-0.03702512
9.574249,-0.04338684
9.347637,-0.02506752
9.829718,-0.020358644
9.562384,-0.00366907
9.938715,0.004803464
9.817265,0.00048536062
10.136346,-0.009835441
10.368533,-0.03269724
10.340419,-0.044640385
10.505729,-0.036960505
10.531588,-0.052828647
10.3692255,-0.040526003
10.220851,-0.0518369
10.307667,-0.04105074
10.393991,-0.04955613
10.345186,-0.035432093
10.146618,-0.015107989
10.130074,-0.018000737
10.392658,-0.04282573
10.420709,-0.052543104
10.339309,-0.045306057
10.245188,-0.03970793
10.282598,-0.038532972
10.255178,-0.037302062
10.220738,-0.042205542
10.45716,-0.040177435
10.494895,-0.03379453
10.628301,-0.038466677
10.333544,-0.034228947
10.127095,-0.031746104
10.116127,-0.031703874
10.163942,-0.019261263
10.243954,-0.015025862
10.406403,-0.044796623
10.45725,-0.037990395
10.45646,-0.046074204
10.205884,-0.042106844
10.274415,-0.041373506
10.0922985,-0.044594496
10.288739,-0.059609428
10.294471,-0.043077186
10.213633,-0.03727276
10.325113,-0.02605518
10.414622,-0.03236004
10.316026,-0.031269025
10.523787,-0.035223253
10.592977,-0.053376116
10.397755,-0.057269566
10.259457,-0.05664631
10.171674,-0.055574954
10.075286,-0.054211795
10.043087,-0.05735618
9.830737,-0.040389687
10.106933,-0.058355458
10.070232,-0.052477166
9.748152,-0.048917785
9.8563595,-0.036516815
9.725528,-0.030248608
9.690336,-0.03973184
9.644125,-0.036949538
9.652559,-0.027456619
9.760689,-0.047254346
9.780691,-0.03979694
9.810428,-0.044102773
9.590535,-0.039831035
9.651683,-0.043192342
9.488212,-0.049919687
9.566093,-0.04627215
9.678825,-0.04977268
9.423507,-0.038362216
9.452806,-0.058281243
9.275785,-0.04287322
9.050539,-0.044331938
9.003302,-0.039993115
8.635401,-0.036393672
8.417226,-0.03327162
8.113545,-0.042267777
7.8456807,-0.034948178
7.5483623,-0.033966117
7.530386,-0.036234416
7.0576277,-0.020478293
7.0617876,-0.012038704
6.929967,-0.02081374
6.6489635,-0.021483067
6.604462,-0.018391207
6.4033937,-0.0016186908
6.370075,-0.0024833288
6.0664496,-0.0015069172
5.9239607,0.017940033
5.8111353,0.034753546
5.6507196,0.021877782
5.1554937,0.04425959
5.1131625,0.028515264
4.940803,0.027914876
4.87741,0.05366168
4.784914,0.046639487
4.9013295,0.036395825
4.709439,0.027590651
4.7416544,-0.021900859
4.7332387,-0.027856857
4.302047,-0.0018767603
4.315957,0.014982309
4.27493,0.01512747
4.4078264,0.009285071
4.297262,0.022498356
4.0551095,0.06519224
4.067528,0.07818779
3.853435,0.09312992
3.9837303,0.09203766
4.1891594,0.11948362
4.7172537,0.098281935
5.0142765,0.07265994
4.658492,0.10017778
4.335798,0.15370181
4.163314,0.17947148
4.3002353,0.16497493
4.052535,0.17790802
3.9535675,0.18806018
3.8636384,0.19475526
3.7642353,0.22071476
3.6515067,0.23790573
3.6620011,0.2706579
3.6135209,0.25862116
3.4282117,0.23826423
3.4429007,0.22574572
3.3576012,0.23667243
3.1944132,0.26458502
3.4259076,0.24104314
3.5844936,0.24992965
3.7603223,0.23052149
3.8140428,0.251455
3.8316278,0.26264045
4.037528,0.24661785
4.5420055,0.21847755
4.6365147,0.22731692
4.8170605,0.18046768
4.843035,0.1857553
4.8660297,0.20440315
5.244891,0.15658838
5.4454374,0.1602466
5.7226934,0.14072853
5.7121773,0.14849217
5.667652,0.18175331
5.482684,0.16757315
5.651117,0.17138109
6.0510416,0.15246679
6.40289,0.1339501
6.411799,0.13358462
6.519735,0.13155742
6.4242125,0.15241458
6.8079534,0.10924569
6.604214,0.15203296
6.7399864,0.113742
6.6702547,0.04384535
6.909899,-0.0043399073
7.0602007,-0.008038968
7.4965873,-0.011106148
7.8738155,-0.015753053
7.429797,0.006274326
7.583473,-0.0036340374
7.8807054,-0.019266196
7.564739,-0.007920191
7.579323,-0.008920098
7.7152452,-0.017442483
8.042126,-0.01889667
8.257501,-0.015268493
8.386084,-0.0344569
8.431934,-0.06391024
8.080132,-0.059576087
7.936533,-0.06402203
8.033072,-0.06853032
7.6839066,-0.077948555
7.615053,-0.081512526
7.6335464,-0.05816005
7.3761053,-0.0366043
7.2427797,-0.023684222
7.6000147,-0.0049089845
7.4444857,-0.0016650222
7.1770005,-0.013666317
7.07111,-0.018517822
7.0047174,-0.014112636
6.6945777,-0.0026236437
6.204387,-0.00012377836
5.835264,0.0069138855
5.868574,-0.0023904406
5.564597,0.011475036
5.5403023,0.004862426
5.2120953,0.017147273
5.0050406,0.017692659
4.7651544,0.03240069
4.4952917,0.04372882
4.114464,0.087137
3.4455948,0.09281497
3.3074815,0.098986134
2.9442935,0.12372115
2.6500428,0.14579722
2.435919,0.112246156
2.8313656,0.1096966
2.7826796,0.07885241
2.5177593,0.08070623
2.3291302,0.06249123
2.670107,0.07250623
2.8604732,0.057723477
3.3874817,0.0535842
2.8727689,0.063344926
3.0589294,0.115246415
3.1005788,0.15107061
3.426662,0.10515929
2.6409588,0.09725873
2.5261068,0.11245517
2.6729426,0.113801934
2.573248,0.11581313
2.567062,0.1223274
2.905716,0.10716534
2.8738003,0.11508908
3.0498676,0.088403784
3.7438471,0.06880252
3.4027123,0.06635151
3.7232032,0.048793577
3.879356,0.059828833
4.311564,0.026632782
4.0363665,0.02730456
4.089855,0.030891925
4.346649,0.03554802
4.639715,0.048130482
4.899695,0.037685856
4.9214177,0.028855357
4.908041,0.02713168
5.997249,0.010802553
5.8617086,0.012571082
5.914632,0.022906143
6.080181,0.01120076
6.509243,-0.026385032
6.6200366,-0.028266728
7.006883,-0.046763286
7.1951804,-0.07866074
7.2607765,-0.08791584
7.420124,-0.09089336
7.374318,-0.078608654
7.407291,-0.060977608
7.608528,-0.024002403
8.102854,0.0024308227
8.488661,0.0009924844
8.727655,0.0020972937
8.7726,-0.01981648
9.273919,-0.012600243
9.903862,-0.021910533
9.549364,-0.027584158
9.329504,-0.08946679
9.462709,-0.09487013
9.8856735,-0.12242295
9.896117,-0.13132368
10.205737,-0.08346485
10.52451,-0.07662247
10.503649,-0.052301362
10.7022705,-0.086502045
10.767413,-0.08008705
10.745887,-0.08600498
10.054169,-0.14334181
10.145611,-0.13003476
10.425586,-0.08197212
9.932493,-0.0920726
10.198368,-0.1070012
9.956255,-0.060144775
10.071354,-0.07851898
10.004404,-0.08447691
10.041019,-0.11352578
9.8743,-0.09897643
9.834396,-0.076054156
10.047178,-0.063809894
9.84842,-0.03502675
10.1520405,-0.039088514
10.072153,-0.030399933
9.932604,-0.020337086
9.994158,-0.041946292
9.667526,-0.043033935
9.737715,-0.06638566
10.007864,-0.08834681
10.096816,-0.05968359
9.735277,-0.040096343
9.500915,-0.04331065
9.393598,-0.03906418
9.373541,-0.040311538
9.25399,-0.042005546
9.105545,-0.040092494
9.10751,-0.03828119
9.306608,-0.055784397
9.39629,-0.072293945
9.355539,-0.0712816
9.169688,-0.06404018
9.220892,-0.06036134
9.252341,-0.064768
9.513205,-0.056627177
9.494767,-0.04923185
9.245062,-0.022759527
9.537087,-0.044274442
9.188081,-0.03314662
9.28771,-0.04347174
9.42481,-0.03125898
9.535997,-0.060985386
9.239529,-0.09568014
8.891868,-0.123647586
8.804471,-0.13003926
9.006898,-0.13160144
8.981249,-0.12143768
8.869293,-0.109355435
8.888969,-0.10568406
8.919312,-0.11070663
9.021786,-0.109540835
8.96983,-0.112546965
9.047594,-0.14412718
9.030667,-0.14569521
9.043364,-0.14555414
9.02567,-0.13574122
8.991971,-0.13572022
8.910671,-0.12617895
8.720361,-0.1052105
8.527904,-0.10081463
8.485018,-0.08624621
8.094261,-0.090446
7.896383,-0.08784737
7.982496,-0.06848211
7.657272,-0.09571918
7.662362,-0.12765692
7.683124,-0.08191043
7.3454175,-0.13499266
7.305029,-0.08319456
6.874297,-0.13289075
6.161388,-0.15755394
5.6335697,-0.2736041
5.581948,-0.19075744
5.841885,-0.3048733
5.680662,-0.3574412
5.45858,-0.3707313
5.5265656,-0.42607135
5.6210246,-0.49798673
5.6669397,-0.4583488
5.4305134,-0.37419057
5.531291,-0.40769672
5.4399743,-0.4409374
5.395658,-0.45483816
4.922774,-0.39159828
4.667216,-0.31425416
4.3255196,-0.3132828
4.4858274,-0.25272423
4.3593884,-0.2148506
4.595729,-0.20549831
4.9261274,-0.16611728
5.126551,-0.12078516
5.235221,-0.09893519
5.2789707,-0.054276466
5.2476015,0.044649445
5.629221,0.04316715
5.7873154,0.052494656
5.537468,0.067015976
5.6513567,0.06463223
5.732943,0.06867879
6.0050054,0.10621561
5.827507,0.13303421
5.8258867,0.11799697
5.9980154,0.06709184
6.282933,0.03309529
6.2586956,0.03110776
6.5043344,0.037173267
6.375069,0.07203938
6.7655177,0.041167237
7.0107994,0.03259781
7.0730968,0.036514733
6.9773936,0.022729155
7.0308833,0.016381616
7.220308,0.020141292
7.30869,0.027249403
7.435655,0.032262076
7.3404922,0.037394486
7.3631406,0.045739196
7.460682,0.032545276
7.5335,0.053040504
7.5086365,0.048030607
7.496156,0.03729453
7.558697,0.00040670484
7.7173734,-0.012661099
8.256834,-0.004391674
8.25605,0.00047127344
8.698864,0.013608941
8.595357,0.018221151
8.661093,0.015500825
9.2241955,0.030067638
9.466288,0.011417873
9.805972,0.016759235
9.646641,0.018140312
9.301618,0.026375368
9.281523,0.0072430624
9.071419,-0.00450127
9.361649,0.0021203011
9.228906,-0.008469131
9.504133,-0.004743589
9.689682,0.005400803
10.035343,-0.001966985
10.169434,0.013439643
9.960312,-0.010987692
10.017272,0.0012267791
10.193028,0.0047431644
10.193161,-0.010734562
10.219112,-0.014248468
10.170582,-0.014402192
10.285245,-0.007960707
10.088587,0.0026474986
9.960833,0.017197408
10.055563,0.009806706
10.013952,0.025224475
10.011025,0.03864748
10.195776,0.029952094
10.135326,0.029454432
9.984682,0.028614102
10.028555,0.01348234
9.975127,0.010688005
10.035576,-0.0029177517
9.92916,0.015163574
9.829499,0.015681416
9.966648,0.0061489493
10.023197,0.0059579276
9.895679,0.005520325
9.754227,-0.009304263
9.420263,-0.01084283
9.820269,0.013960805
9.899689,0.0113396
9.552389,-0.00072715804
10.144267,-0.0024581552
10.015331,-0.019582503
9.829253,-0.021416508
9.925331,-0.011042401
9.571852,-0.011522334
9.601103,-0.014412552
9.682676,-0.017386522
9.765003,-0.017720409
9.843629,-0.008488152
9.782998,-0.014063433
9.818245,-0.011435088
9.828026,-0.017254997
9.872554,-0.013874948
9.86705,-0.013183091
9.776348,-0.017136734
9.653481,-0.010867216
9.5154085,0.0015760753
9.245038,-0.0033112653
9.213421,-9.822659e-05
9.114588,-0.012165036
9.162544,-0.034760516
9.151373,-0.033824347
9.281073,-0.029060509
9.340008,-0.025229618
8.882197,-0.018690307
8.891682,-0.009024579
8.754393,-0.0003657993
8.58399,-0.0033025555
8.543003,0.00010887906
8.458003,-0.0017582588
8.411039,0.009485737
8.366398,0.008280935
8.57167,0.0024069455
8.320871,-0.004000604
8.322484,-0.022082098
8.061356,-0.030141074
8.122044,-0.03677375
8.0011425,-0.055602126
8.11223,-0.04393497
8.050884,-0.04103832
7.8482146,-0.028337728
7.963546,-0.044800088
7.5774474,-0.04238368
7.4837008,-0.071872994
7.2264695,-0.07230502
7.125137,-0.05063857
7.3599415,-0.0713902
7.2464848,-0.05313932
7.096748,-0.041758806
6.960547,-0.026589017
6.6463737,-0.008683389
6.5031533,-0.019263744
6.001239,-0.006803816
5.7217574,-0.017311081
5.141775,-0.017013349
4.761492,-0.002508564
4.6549463,0.013611315
4.6423492,0.021720337
4.7202253,0.02468029
4.934907,0.016195513
4.956378,0.011699029
4.473959,0.058236662
4.0532055,0.089810215
3.7476137,0.13404518
3.513527,0.13030092
3.288094,0.12276219
2.9756851,0.14748904
2.6650019,0.14019328
2.6943665,0.13175434
2.2980504,0.117987275
2.2103658,0.10353702
2.146184,0.108196005
1.8864697,0.13041535
1.6478586,0.14267623
1.6798058,0.14349225
1.5724987,0.11598333
1.4453262,0.114620596
1.2295232,0.10948999
1.1073922,0.116912834
1.1181413,0.15122704
1.5564702,0.12584865
1.4563038,0.15737656
1.796365,0.1281328
1.8277718,0.13432711
1.6473289,0.17451397
2.0019188,0.16549014
2.0952644,0.1808515
2.0865805,0.21601017
1.9283602,0.23815945
1.8017358,0.24312632
1.9915866,0.25999856
2.0716333,0.26673174
2.1104503,0.29928565
2.2540371,0.30574977
2.3286886,0.33691365
2.4092822,0.33399904
2.6996293,0.34888333
2.8702924,0.35776752
2.944278,0.3696319
3.0689547,0.3655526
3.4056818,0.3982085
3.4206793,0.4136824
3.6791246,0.40652984
3.872672,0.37850207
3.929335,0.34990847
4.0934744,0.31851417
4.185459,0.31429356
3.9645066,0.3674544
4.4864364,0.2791534
4.3781567,0.24790142
4.5668087,0.11471097
4.9693646,0.14009348
5.6944885,0.23012315
6.3543615,0.23380251
6.839827,0.23456506
7.1008496,0.17404576
7.1501646,0.15833724
7.1469307,0.13064986
7.204199,0.13232395
7.2945576,0.11833926
7.794724,0.09062586
8.162849,0.058830578
8.207206,0.061471567
8.152423,0.03770758
8.242551,-0.0010691732
8.880049,0.005786231
9.360391,-0.011741035
9.533722,-0.047435798
10.016336,-0.06682509
10.30341,-0.13290918
10.2527,-0.1434358
9.862584,-0.09095149
9.875538,-0.04844848
9.79363,0.010516118
9.940593,0.0654317
10.224459,0.08772797
10.60024,0.050600845
10.801056,0.02873699
10.993724,0.029851392
11.086674,0.04875853
11.1154785,0.09699064
11.026783,0.08364603
10.7467,0.096188165
10.582541,0.115785524
9.838547,0.17807136
10.1469965,0.15965228
10.175097,0.15534985
9.838427,0.1238135
9.95029,0.08483326
10.311132,0.10945192
10.187521,0.102768496
10.259277,0.055321656
10.492748,0.05759646
10.359016,0.030526435
10.050877,0.020141289
9.848983,0.018873531
9.900072,0.020131117
9.931572,0.021174887
9.634333,0.014786452
9.485262,0.0059857816
8.978037,0.0034798048
8.807159,0.0089449305
8.572823,0.0108799115
8.4776745,0.00748533
8.688871,0.013659605
8.755255,0.0052535515
8.753783,0.012350282
8.574436,0.036274627
8.559093,0.05414915
8.4862175,0.056529887
8.396892,0.0760324
8.343731,0.07915999
8.497416,0.082001075
8.501458,0.08494589
8.477961,0.096497774
8.528547,0.10078322
8.423432,0.07948491
8.592997,0.09084355
8.750935,0.13595694
8.758548,0.15148261
8.698166,0.11596191
8.614435,0.111750476
8.832406,0.11409323
8.843573,0.114269614
9.184732,0.08481803
9.376331,0.061595533
9.460463,0.03523191
9.65372,0.028459255
9.830315,0.019019801
9.879999,0.011158233
9.930374,0.014657018
9.904351,0.016356489
9.886353,0.028853895
9.851244,0.034937575
9.959887,0.046561666
10.030495,0.048532426
9.96035,0.056217708
9.969256,0.04572494
10.379514,0.039644912
10.631168,0.028399762
11.162522,-0.00065527484
11.433954,-0.026729368
11.635516,-0.035415895
11.741759,-0.05449479
11.688184,-0.04579395
11.217733,-0.080108106
11.141829,-0.06442594
11.128895,-0.066477716
11.4143915,-0.03997184
11.933181,-0.059071206
12.183399,-0.06044171
12.185342,-0.06334572
12.069072,-0.066675924
12.18084,-0.11735995
12.176668,-0.12754127
12.401266,-0.1315577
12.6902895,-0.07914643
12.980042,-0.041351326
12.407727,0.018866204
12.526111,0.05396682
12.416167,0.0323957
12.398669,-0.0054278187
12.2850895,-0.012955319
12.015248,-0.030846216
12.08279,-0.07232277
12.0993595,-0.06001155
12.078792,-0.05956705
11.932601,-0.050034843
11.58826,-0.0374375
11.507719,-0.030543536
11.504546,-0.032268167
11.527546,-0.035603262
11.475371,-0.039058425
11.46213,-0.030259944
11.5390625,-0.026543453
11.334832,-0.021193981
11.384922,-0.03250807
11.241042,-0.028612453
11.284591,-0.03627896
11.548115,-0.043180004
11.426171,-0.038263913
11.624992,-0.03638162
11.724421,-0.043145195
11.761746,-0.04647793
11.478329,-0.03396956
11.290356,-0.026653942
11.50845,-0.017332472
11.65393,-0.027206063
11.588196,-0.029893856
11.432814,-0.04150232
11.438197,-0.038502276
11.372458,-0.04027354
11.420425,-0.04075505
11.391151,-0.04320562
11.3645735,-0.03838585
11.381502,-0.045290075
11.206399,-0.048729584
11.056105,-0.049135
11.1617775,-0.05774699
11.203876,-0.05709254
11.252212,-0.062303685
11.497007,-0.05720537
11.268567,-0.049518712
11.403453,-0.048187084
11.361883,-0.052795887
11.498418,-0.052060552
11.486279,-0.043983325
11.467312,-0.02118963
11.516507,-0.021555662
11.291399,-0.034638695
11.144713,-0.014753342
11.208048,-0.001833152
11.363061,-0.014601313
11.160459,-0.024494998
10.819307,-0.041675717
10.766922,-0.05007898
11.125525,-0.038176738
11.308274,-0.025475107
11.213975,-0.002980452
11.290875,-0.007650817
11.337441,-0.0063993335
11.229688,-0.0027904604
11.021351,-0.013476115
11.034685,-0.01756147
11.120631,-0.029825434
11.044276,-0.033125352
10.547148,-0.02808582
10.564365,-0.010566846
10.5894,-0.018317189
10.575546,-0.032743134
10.407976,-0.019034404
10.337585,-0.0066170357
10.235062,-0.02033725
10.110952,-0.018358424
10.029576,-0.0073975194
10.165707,-0.019928064
10.08049,-0.016694061
9.851973,-0.010054272
9.713843,-0.013856936
9.5823555,-0.019937117
9.595642,-0.021500584
9.620136,-0.035143126
9.380808,-0.03218572
9.139484,-0.030821152
8.797254,-0.027291745
9.100505,-0.03957392
9.484094,-0.03620259
9.281956,-0.04105232
9.222703,-0.041189283
9.256489,-0.03111571
9.119858,-0.026574053
9.126949,-0.017344438
9.319524,-0.01379247
9.445118,-0.023056425
9.303352,-0.024675455
9.047691,-0.0227683
8.878101,-0.020005338
8.901438,-0.015305743
8.949253,-0.01149996
8.8538265,-0.012868948
8.985283,-0.010299079
9.124067,-0.004272541
9.12919,-0.0024654046
9.07723,0.0019317977
9.0078335,-0.004939489
9.107702,-0.002073301
9.095309,0.004243791
9.171974,0.0028112773
9.226404,0.003978247
9.302616,0.0076218825
9.264864,0.010355742
9.2407875,0.009623694
9.210754,0.007961342
9.142192,0.0034285411
9.131866,0.002377363
8.996492,-0.004312711
8.933655,-0.002527438
8.850445,-0.0008935649
8.783911,0.004987169
8.796397,0.0100284815
8.96224,0.0072003845
8.807697,5.7436526e-05
8.607044,-0.012363255
8.423161,-0.024746045
8.521739,-0.023043238
8.480139,-0.021325998
8.521648,-0.028696045
8.344978,-0.043900236
8.237898,-0.055362947
8.133762,-0.034901477
8.083281,-0.033404507
8.118757,-0.04549709
8.05488,-0.009985577
7.8764095,-0.028016739
7.7557344,-0.016122006
7.741568,-0.016754985
7.5961037,-0.006087048
7.626625,-0.0184877
7.5881195,-0.0022191629
7.602162,-0.012278929
7.416988,-0.04175111
7.425434,-0.054637
7.009756,-0.06113992
7.1510477,-0.06312228
7.0796146,-0.08210043
6.8318434,-0.08967045
6.3457046,-0.06990828
6.1060557,-0.08288704
5.9288087,-0.09706175
5.7635775,-0.068770215
6.0431376,-0.051011488
6.06378,-0.06712164
5.6989737,-0.04954052
5.1111403,-0.08370867
5.05787,-0.12456578
5.086492,-0.20166728
5.038154,-0.19996496
5.138819,-0.20544255
5.1283774,-0.18572815
5.150752,-0.20860645
5.1417804,-0.19942917
5.3010845,-0.19489504
5.437504,-0.18858245
5.4834156,-0.20440523
5.8093157,-0.26856595
5.8958187,-0.30547446
6.167512,-0.36717904
6.1921473,-0.39850157
6.244516,-0.4165132
6.459106,-0.42055666
6.5591874,-0.37784195
6.5981727,-0.37037057
6.6387434,-0.37168014
6.761995,-0.35272467
6.772624,-0.34900093
6.871589,-0.32766676
7.0947213,-0.32350093
7.5424137,-0.331653
7.503969,-0.29009455
7.5541306,-0.27531892
7.741265,-0.23612277
7.7388206,-0.26509583
8.107636,-0.30299008
8.225003,-0.36798567
8.263985,-0.3643738
8.319275,-0.41536546
8.438992,-0.45562404
8.692038,-0.44965816
8.721946,-0.42706817
8.708847,-0.42543423
8.687922,-0.4266439
8.549581,-0.42570728
8.516994,-0.4730447
8.657805,-0.45745915
8.694348,-0.4404384
9.075742,-0.4727919
9.28978,-0.42688382
9.361472,-0.40964532
9.182304,-0.34936273
9.435765,-0.31384426
9.47407,-0.27005213
9.838005,-0.2722798
9.916621,-0.22546752
9.652646,-0.23572658
9.94729,-0.24066408
10.090177,-0.18916702
9.966242,-0.17202875
9.996353,-0.19394593
10.213322,-0.23729791
10.303906,-0.21531244
10.277453,-0.19255881
10.627181,-0.15291269
10.609175,-0.13060379
11.181046,-0.10962556
11.34295,-0.115012065
11.359664,-0.14584391
11.234752,-0.14231604
11.177357,-0.16773082
11.151876,-0.17820527
11.165341,-0.18163002
10.738786,-0.21142928
10.978865,-0.18163738
11.256708,-0.17632179
11.126301,-0.14946803
11.030373,-0.12886885
10.891658,-0.101116315
10.737414,-0.089995034
10.637632,-0.07056622
10.601313,-0.05812469
10.641235,-0.06194637
10.752385,-0.06457726
10.794301,-0.085039675
10.665642,-0.08097023
10.727137,-0.09014312
10.693652,-0.08316426
10.675538,-0.08524564
10.685425,-0.075377226
10.635136,-0.081382394
10.712785,-0.09959821
10.7409315,-0.13032034
10.596722,-0.1360508
10.417996,-0.13173568
10.582756,-0.10891402
10.343813,-0.12725513
10.058858,-0.13700718
10.287455,-0.13383175
10.2165,-0.13590313
10.031443,-0.13230808
9.90958,-0.121240914
9.886789,-0.116395935
9.852002,-0.09916506
10.1688175,-0.09780904
10.122091,-0.09526771
10.261842,-0.056831256
10.344871,-0.03170031
10.3290415,-0.031629026
10.553911,-0.051064737
10.155339,-0.09422256
10.0802145,-0.06286539
9.82427,-0.03196253
9.820667,-0.050756343
9.148937,0.021523157
8.528452,-0.030823555
8.455967,-0.07182344
8.74812,-0.0788068
8.379759,-0.07707996
7.9493394,-0.011226047
7.8476176,-0.013299111
7.801636,-0.035929054
7.449829,-0.10361704
7.2246914,-0.10871513
7.42067,-0.14302273
7.275539,-0.18867199
7.4490895,-0.20139441
7.668689,-0.18241152
7.451332,-0.1407343
7.115072,-0.1405787
7.0907865,-0.14521982
7.0088124,-0.19897
6.840899,-0.2688679
6.9484453,-0.31434643
6.5731516,-0.30314738
6.6632223,-0.26067233
6.8335705,-0.2073075
6.961926,-0.20790824
6.6585503,-0.22198012
6.732843,-0.19777855
6.682984,-0.17370164
7.099933,-0.13413812
7.193222,-0.0625026
7.297798,-0.009984337
7.2441177,-0.04084252
7.422127,-0.07937836
7.304737,-0.083677486
7.076735,-0.110205665
7.032064,-0.1368084
7.0009813,-0.1370826
6.850095,-0.11024758
6.511383,-0.12283738
6.090162,-0.12272811
5.869073,-0.14404474
5.770119,-0.088446
5.7620697,-0.06349051
5.8596373,-0.06303444
5.590915,-0.034149352
5.7560697,-0.03470885
5.4925404,-0.054802112
5.4468603,-0.03491008
5.197958,-0.04057768
5.2142057,-0.035027422
5.1900473,-0.021982513
4.9128675,-0.02681686
4.1338053,-0.0071565676
3.7999454,0.00024983287
3.2385983,0.0122067
3.0007582,-0.00022448972
2.8562748,0.012474133
2.5842519,0.029183136
2.1187413,0.036496043
1.840236,0.01887238
1.4996725,0.036012784
1.2459435,0.046739534
1.2944431,0.057184827
1.0090771,0.038353384
1.0593548,-0.015463203
0.9711871,-0.013578512
1.1488081,0.036214087
1.1933061,0.06595764
0.9165969,0.06657327
0.7278073,0.037593998
0.5895735,0.037238963
0.8886765,0.038157888
1.2471466,0.00051824376
1.5637848,0.014164562
1.1830615,0.06582451
0.63174534,0.08414455
0.7153449,0.07882982
0.5798695,0.08747417
0.643422,0.1039501
0.35181594,0.060111824
0.58277464,0.09298121
0.779037,0.116744645
0.9911804,0.12771669
1.2378688,0.17598765
1.4629357,0.19800104
1.319767,0.2446343
1.6504482,0.26722828
1.6710318,0.22457106
1.6797024,0.20422702
1.6905007,0.22542995
1.8366473,0.2607997
2.2090278,0.26554352
1.8951824,0.24041308
2.0031645,0.23075634
2.2280695,0.2651409
2.492313,0.315037
2.5304785,0.3247288
2.639029,0.30365986
3.0630584,0.2988088
2.955588,0.28228724
3.0141344,0.27931195
3.1734214,0.26647395
3.1909313,0.27757102
3.4483693,0.3231777
3.4097104,0.34749734
3.5941353,0.33428538
3.9387484,0.30837977
3.7844443,0.36002535
4.2451954,0.32830346
4.265298,0.29118413
4.6213202,0.26135975
4.8479667,0.24848387
5.4189396,0.21590061
5.0465055,0.23396505
5.8615294,0.14436883
6.1334205,0.08413941
6.6982274,0.062997326
6.8641562,0.033496268
6.8733735,0.017286245
6.8509135,-0.0022476092
6.8776197,-0.022912558
7.008827,-0.022716537
7.230674,0.004146071
7.2667756,0.011626686
7.5815864,0.011288427
7.7822967,0.010020762
8.129213,0.01645428
8.332373,0.0022154562
8.467272,-0.0122509375
9.0109215,-0.01553775
9.260872,-0.014608569
9.413076,-0.035042625
9.436964,-0.03621467
9.666813,-0.047374785
9.78212,-0.032937586
9.939131,-0.04057291
9.903004,-0.040133864
10.136191,-0.0491174
10.110343,-0.036875673
10.242103,-0.021883927
10.416736,-0.01854045
10.494312,-0.020041578
10.476985,-0.023071855
10.448041,-0.019462433
10.487571,-0.009374984
10.451597,0.0032080468
10.440865,-0.017892081
10.485219,-0.017277643
10.552085,-0.024203386
10.757798,-0.03525637
10.852162,-0.03406117
10.8085575,-0.030617446
10.884839,-0.046594605
10.962708,-0.038215697
10.756415,-0.04253245
10.957168,-0.050021276
10.932335,-0.050637342
10.866945,-0.05078078
10.829753,-0.053787515
11.006359,-0.0572076
10.983726,-0.05294805
11.035971,-0.045613028
10.875171,-0.036639675
10.952072,-0.04076601
11.128159,-0.054206774
11.044724,-0.057659335
11.013712,-0.05786243
10.928284,-0.05645954
11.018291,-0.051398218
11.159578,-0.04357808
11.158784,-0.04536079
11.070673,-0.04369796
11.24301,-0.046850175
11.22289,-0.06341499
11.17643,-0.069348715
11.204015,-0.054962054
11.248361,-0.04499627
11.219055,-0.027657181
11.258094,-0.03459372
11.348072,-0.032244455
11.236556,-0.023215707
11.159393,-0.024428766
11.187956,-0.02863587
11.149881,-0.022838622
10.938734,-0.03123574
10.902655,-0.031759106
11.1892,-0.031574618
11.313738,-0.014111154
11.321662,-0.006631883
11.35976,-0.013477962
11.369403,-0.025698736
11.468817,-0.04863546
11.27497,-0.045668833
11.186593,-0.05603277
11.242622,-0.055306323
11.246211,-0.04864797
11.265404,-0.048489675
11.279985,-0.041873783
11.158117,-0.048632026
10.95429,-0.05479175
10.758038,-0.05128511
10.759822,-0.04746726
11.092148,-0.05360219
11.538647,-0.05600383
11.97278,-0.06245608
12.077096,-0.059590966
11.69085,-0.050778024
11.663255,-0.05864966
11.520741,-0.047559276
11.70679,-0.05753441
11.889213,-0.07448715
11.899748,-0.06484986
12.060347,-0.0755585
12.022183,-0.060898356
12.211422,-0.067883916
12.367893,-0.076822184
12.398498,-0.08352924
12.48301,-0.097045116
12.612785,-0.110342786
12.47772,-0.10526277
12.813609,-0.09504989
12.804749,-0.09479038
12.732194,-0.10176291
12.715629,-0.09773161
12.935954,-0.13107859
13.097527,-0.15017773
13.2361355,-0.1658865
13.024647,-0.19503826
13.163035,-0.20427036
12.90697,-0.18153772
12.600434,-0.17404898
13.033143,-0.20946927
12.699313,-0.17338642
12.484197,-0.0973366
12.634097,-0.03902099
12.74874,-0.042442597
12.768145,-0.047473922
13.017255,-0.010845855
12.903195,-0.03110943
12.931497,-0.013899334
12.63155,-0.045489833
12.825746,-0.07912379
12.98573,-0.08283736
13.12174,-0.08966441
12.7496805,-0.1040013
12.93305,-0.044646017
12.692631,0.0051818714
12.357541,-0.021546803
12.185692,-0.0022139717
11.533558,-0.025409196
12.069131,-0.055713914
12.575788,-0.08267199
12.076706,-0.12090433
11.66923,-0.0520076
11.916702,0.030347077
12.244055,-0.033659562
12.237237,-0.07111936
12.120403,-0.036027055
12.423929,-0.065024555
12.311755,-0.024761468
11.872675,-0.0038675722
11.249443,-0.013700973
11.079851,-0.034514517
10.762921,-0.058881305
10.341278,-0.089495614
10.141421,-0.1343376
9.901845,-0.15829061
9.529698,-0.21579765
9.189828,-0.20099589
8.880613,-0.13593052
8.6476145,-0.10085295
8.683197,-0.050989196
8.709215,-0.03400828
8.599995,-0.031837884
8.6525135,-0.035685133
8.788607,-0.04264325
8.975621,-0.042359367
9.003128,-0.038509652
8.98959,-0.032147564
8.940582,-0.024092529
8.892109,-0.016722541
8.861793,-0.012115706
8.891689,-0.0134831555
8.917547,-0.016283475
9.100852,-0.013038978
9.1561985,-0.024566166
9.285621,-0.030177206
9.116412,-0.03760464
8.9470415,-0.04210832
9.006706,-0.041717187
9.292229,-0.04960011
9.323021,-0.04288107
9.397198,-0.030547142
9.378392,-0.029769816
9.314344,-0.02945666
9.380046,-0.025578141
9.461454,-0.006637972
9.511831,-0.0011550933
9.501781,-0.003756594
10.069913,-0.019572705
10.347771,-0.017588105
10.129499,-0.023397714
9.972976,-0.014498271
10.066548,-0.029544048
10.158105,-0.021024097
10.288927,-0.01666494
10.296647,-0.023120105
10.414704,-0.031333778
10.623027,-0.020676557
10.70442,-0.0153493285
10.723633,-0.014743105
10.7324505,-0.009497687
10.701597,-0.01318647
10.897621,0.0007455889
10.812653,0.000804767
11.050253,0.017122455
10.987964,0.027175698
11.13099,0.025752638
11.266844,0.018297054
11.440992,0.016725477
11.347867,0.007645224
11.216265,-0.0015280806
11.263897,0.0050241333
11.363024,0.0034224559
11.604382,-0.00056754425
11.749777,-0.005064033
11.936553,-0.015963793
12.006246,-0.028108418
12.168742,-0.021611445
12.241773,-0.029683221
12.407618,-0.036697045
12.413618,-0.03094713
12.441414,-0.023685046
12.476825,-0.021088127
12.479284,-0.015952244
12.504522,-0.020579979
12.637063,-0.020001441
12.448315,-0.019132495
12.401846,-0.021845475
12.309413,-0.025059234
12.233769,-0.026068546
12.171983,-0.03397579
12.202111,-0.03761483
12.361135,-0.034381896
12.361575,-0.03673576
12.268108,-0.040770918
12.305113,-0.043387055
12.310761,-0.046118937
12.475504,-0.042261362
12.290934,-0.043329775
12.17143,-0.039592654
12.273272,-0.037945244
12.176766,-0.038364276
12.183497,-0.04615061
12.158757,-0.054846913
12.112095,-0.059401408
12.092025,-0.054113537
12.0756035,-0.047855094
12.025349,-0.04623422
11.984831,-0.035593227
11.928317,-0.051546954
11.900141,-0.05147071
11.999918,-0.06703328
11.933921,-0.050808936
12.042029,-0.01794447
11.979886,-0.007479906
11.773899,-0.012810871
11.852653,-0.01412563
12.013332,-0.037663214
12.163791,-0.06193974
12.238167,-0.048735082
12.322413,-0.023165777
12.391183,-0.03164929
12.408734,-0.050542906
12.5418415,-0.044742674
12.637851,-0.025872834
12.636449,-0.017888382
12.412378,-0.013909534
12.522369,-0.021364268
12.502791,-0.018435515
12.59668,-0.02322521
12.528396,-0.031195879
12.434998,-0.037131883
12.48164,-0.045057833
12.472835,-0.046020843
12.465149,-0.037742455
12.4500885,-0.03953647
12.681377,-0.036395118
12.551826,-0.036516465
12.539074,-0.030353628
12.592887,-0.041236907
12.477216,-0.03841662
12.745074,-0.03247785
12.80979,-0.030133367
12.720753,-0.0169896
12.592909,-0.004808359
12.801001,0.006001532
12.541621,0.0007407516
12.515059,-0.008711744
12.642916,-0.009230323
12.611204,-0.0071164593
12.61887,-0.0056674294
12.5803795,0.0010378305
12.318864,0.0037026592
12.330683,-0.00559872
12.361708,-0.009698641
12.370409,-0.01472893
12.277172,-0.019251894
12.110633,-0.021466747
12.014774,-0.011535354
11.827346,-0.016768914
11.610081,-0.011221446
11.553337,-0.0039542224
11.276135,0.0021529738
10.912668,-0.0003388133
10.624074,-0.0050866343
10.523054,0.003246665
10.35683,0.002594322
10.38403,0.004236266
10.331875,-0.0027072374
10.239722,0.0029616542
9.71917,-0.012998
9.688919,-0.006299788
9.576265,-0.018506508
9.488522,-0.03059861
9.282804,-0.037853513
9.104746,-0.039897855
8.954231,-0.07387346
8.682762,-0.08558879
8.344072,-0.084028766
7.871227,-0.10468814
7.760486,-0.06678083
7.276787,-0.061580554
6.791295,-0.07122779
6.3131795,-0.11032832
6.1493206,-0.19343062
5.992547,-0.24429636
5.9457903,-0.31885052
5.600562,-0.37427092
5.507824,-0.4060099
5.3829727,-0.42341298
5.334122,-0.3984657
5.339128,-0.3955279
5.205963,-0.4265206
5.351219,-0.3865952
5.4753,-0.34617615
5.341032,-0.36170924
5.286297,-0.37124968
5.6220293,-0.30081624
5.760894,-0.2863829
5.5901117,-0.29937774
5.686637,-0.26227963
5.5686693,-0.27388394
5.7183323,-0.27214795
5.73758,-0.28528237
5.795819,-0.3088115
5.873856,-0.34734893
5.9970684,-0.34354472
6.368548,-0.3062516
6.591959,-0.21977523
6.8009124,-0.19849491
7.1690497,-0.19997257
7.3889747,-0.1209999
7.536401,-0.10936135
8.041159,-0.08698464
7.927199,-0.07433546
8.198223,-0.07932845
8.060051,-0.059914127
8.207601,-0.06264215
8.662661,-0.05791226
9.01659,-0.04550925
9.141701,-0.027119238
9.217256,-0.023120128
9.471859,-0.024654001
9.598845,-0.025945626
9.769804,-0.030646652
9.94924,-0.03442865
10.106563,-0.0298929
10.25002,-0.026426245
10.312624,-0.028602354
10.044954,-0.036477685
10.189809,-0.035628565
10.1757,-0.038041487
10.06201,-0.045618653
10.050138,-0.049269833
10.022007,-0.045755185
9.911002,-0.04022969
9.971453,-0.030874494
10.005526,-0.04014627
9.906702,-0.03954176
9.773682,-0.04044594
9.859242,-0.038562067
9.958551,-0.04084199
10.012678,-0.047385663
10.012512,-0.070815675
10.017605,-0.08003059
9.999918,-0.066661984
9.8891,-0.045777626
9.89912,-0.047539778
9.540862,-0.040711865
8.937542,-0.03893237
8.462557,-0.0493702
8.392838,-0.04717633
8.319064,-0.049020834
8.068682,-0.043656796
8.190732,-0.027575001
8.22253,-0.046469502
8.1852,-0.024909932
8.1325445,-0.029127855
8.114927,-0.033136822
8.072296,-0.05820947
8.044754,-0.07816274
7.96454,-0.09738623
7.8538127,-0.09755332
7.9026856,-0.09832309
7.8006744,-0.10024398
7.5105033,-0.069469675
7.4467354,-0.08276367
7.4410567,-0.078737
7.2657256,-0.09774975
7.174169,-0.1019654
6.881911,-0.1443246
6.647668,-0.238865
6.5187416,-0.28979033
6.477334,-0.32366532
6.693693,-0.40857714
6.5378623,-0.42988962
6.531435,-0.42014652
6.5534697,-0.45740646
6.450161,-0.48038304
6.210696,-0.46811062
6.1126637,-0.47899443
6.00411,-0.47918564
6.1303144,-0.4265327
6.126585,-0.4429934
6.1710744,-0.42245775
6.045124,-0.31151175
5.9363437,-0.2756269
5.8847275,-0.25700176
5.890448,-0.2584868
5.968136,-0.25347954
6.196159,-0.2966817
5.9684973,-0.33212817
6.0631027,-0.38292378
6.220608,-0.32856804
6.1672716,-0.33604074
6.3803844,-0.32031208
6.466744,-0.33703667
6.6002836,-0.31055748
6.6538506,-0.24270181
6.831954,-0.25705963
6.9783297,-0.2422484
6.8656306,-0.13740017
7.0424013,-0.11114372
7.191186,-0.1005407
7.630304,-0.08249462
7.745985,-0.062952854
7.579046,-0.016754866
7.709686,-0.048290037
8.245823,-0.0059732664
8.532486,0.020623904
8.315849,0.07905192
8.363662,0.11195227
8.396571,0.07660469
8.619333,0.058948666
8.321465,0.012735391
8.473524,0.04775472
8.039795,0.077403754
8.2925825,0.028133422
8.271316,0.034390625
8.850793,0.017869398
8.774701,0.022049878
8.836622,-0.0023085885
9.11422,0.0065648826
9.276903,0.007963619
9.171308,0.021011384
9.273675,0.04963467
8.930243,0.045082558
8.745283,0.028967585
8.564133,0.04166787
8.735532,0.04243221
8.557967,-0.02870791
8.663355,-0.029970445
8.66547,-0.031656016
8.450946,0.0036218613
8.608847,-0.020815175
8.543884,-0.019208636
8.466238,0.0043549538
8.466785,0.021138132
8.4843235,0.043232575
8.388399,0.029391086
8.4172735,0.02945793
8.410974,0.035069905
8.415789,0.033524983
8.350195,0.03202063
8.360458,0.03404045
8.375529,0.03371962
8.434647,0.03833276
8.439167,0.035390593
8.445544,0.0502998
8.408765,0.07091531
8.448227,0.07108152
8.4980545,0.041595615
8.54711,0.041359954
8.50637,0.076875806
8.524422,0.06511237
8.422699,0.04723527
8.341725,0.024635568
8.330797,0.023454988
8.295109,0.009653592
8.333704,0.025850061
8.153427,-0.005173119
8.210047,-0.022620447
8.199771,-0.024879087
8.204891,-0.015305154
8.239822,0.013848233
8.368433,0.0328959
8.481102,0.03589359
8.356859,0.015239334
8.285919,0.00077041984
8.204199,0.0038196798
8.224806,0.03903781
8.252008,-0.0109417215
8.419183,0.013291517
8.381664,0.0047144927
8.359647,-0.0074950885
8.404784,-0.024707455
8.500307,0.018628962
8.462553,-0.027182057
8.458097,0.029482193
8.610227,0.045966525
8.261918,0.018977674
8.467117,-0.013408929
8.666204,-0.0193054
8.734373,-0.020997453
8.534333,0.004192421
8.618298,-0.013878614
8.6138935,-0.009564549
8.52787,-0.0009583626
8.681412,0.025972353
8.935731,0.017789945
9.200893,0.022676874
9.686102,-0.021077115
9.361008,-0.01884818
9.237801,-0.032315325
8.9019985,-0.029583614
9.481842,-0.019051466
9.325272,0.0063960124
9.113034,-0.04869286
8.958006,0.012905182
8.897688,-0.058954075
8.998798,-0.06363923
9.116976,-0.065282464
9.264259,-0.07809492
9.226859,-0.072361864
9.154444,-0.09291713
9.122235,-0.104948744
8.802374,-0.10350838
8.768328,-0.10947755
8.849189,-0.1292193
8.694113,-0.110900655
8.900418,-0.072635524
8.919058,-0.05968836
8.850171,-0.06785894
8.68239,-0.09304935
8.694109,-0.12388384
8.399348,-0.11299367
8.437369,-0.090319335
8.418436,-0.11388621
8.616668,-0.12810655
8.800121,-0.06414704
8.930345,-0.016334169
8.649159,-0.08517121
8.811792,-0.073329955
8.667959,-0.050867453
8.601034,-0.020407457
8.773682,-0.0030973684
8.716782,0.015066048
8.74225,-0.0042064823
8.752516,0.030824188
8.735851,0.04425493
8.666163,0.0023708642
8.752411,0.009081504
8.831053,0.0035313014
8.99586,-0.025469411
9.126579,-0.023430638
8.953596,-0.03221492
8.816435,-0.04777337
8.738838,-0.020716738
8.929402,-0.04876925
9.042814,-0.028354496
8.994268,-0.038884275
8.960766,-0.036608815
8.976875,0.002958104
9.228336,-0.01187557
8.879198,-0.074021235
8.939732,-0.10084914
8.955009,-0.071352944
8.840774,-0.020447955
8.735443,-0.0007278975
8.608376,-0.00476788
8.715332,0.00521213
8.786947,-0.014424369
8.7692995,-0.029411409
8.780643,-0.0061206035
8.786699,0.0001296848
8.630917,-0.011177484
8.379208,-0.017485768
8.408217,-0.03470503
8.169064,-0.052572362
8.105844,-0.043759055
8.277283,-0.04030056
8.152849,-0.024691537
8.03957,-0.024135284
8.111565,-0.02233363
7.8849688,-0.0101458505
7.3199883,0.0020368379
6.9981017,0.04788769
6.747337,0.04630062
6.5616765,0.05476935
6.277872,0.028215472
6.098533,0.051012646
6.024714,0.06355817
5.818398,0.09929587
5.5414104,0.09698485
5.319635,0.10117097
5.0285788,0.14251828
4.6431227,0.1445882
4.2764397,0.15511519
4.2913885,0.17629819
4.05916,0.21730489
4.106768,0.23181228
4.075856,0.22076254
4.119572,0.23305269
4.0632257,0.22463705
4.1075077,0.21360837
3.9195027,0.2283519
4.1231503,0.21456984
3.9557545,0.25244772
3.9064016,0.2974742
3.784749,0.33826816
3.7058687,0.33833516
3.7583227,0.32974774
3.626778,0.3421052
3.5574336,0.3519011
3.555478,0.3352551
3.7148745,0.2982741
3.5461798,0.33192557
3.5562508,0.3374092
3.6427453,0.36205047
3.6414514,0.35788655
3.7770934,0.34160972
4.1752443,0.29067332
4.5764685,0.28366882
4.524736,0.31035197
4.7624283,0.30540216
5.0019407,0.27319866
5.35219,0.28557134
5.9040494,0.28791046
6.254064,0.29411107
6.560034,0.27501172
6.5795565,0.2586105
6.5686784,0.24292694
6.5702014,0.17617749
6.5908637,0.18789394
6.74967,0.15173207
6.8124013,0.14670214
6.9339967,0.087419815
7.190711,0.032237954
7.7689433,-0.019294716
7.8618407,-0.022463564
8.05459,-0.04852069
8.166739,-0.066228904
8.151907,-0.10391554
8.336868,-0.024907306
8.479023,0.02349887
8.677822,0.078083694
9.222963,0.10750498
9.00758,0.07650836
8.541873,0.038360458
8.606824,0.016671162
8.8117485,0.028325165
9.239027,0.04816711
9.744068,0.035672784
9.52818,0.041675936
9.805781,0.06946915
9.879114,0.045221042
9.814466,0.07562926
9.757093,0.03674704
9.831094,0.048686776
9.850729,0.12016922
9.935774,0.10999812
9.883471,0.107842185
9.789812,0.099734
9.8442335,0.12661316
9.385026,0.07075688
9.329015,0.02862715
9.2315035,0.022020303
9.111596,0.029551549
8.721884,0.027321624
8.504583,0.04471628
8.437944,0.039758842
8.288026,0.03332049
8.216788,0.028000975
7.824348,0.04926356
7.652058,0.06090443
7.518212,0.044501632
7.13503,0.07377877
7.0107846,0.09027249
6.9482937,0.09343482
7.0758495,0.10268901
6.838093,0.08722517
6.314601,0.14357632
5.7143965,0.26560342
5.1649504,0.23301058
4.93085,0.2527355
4.9179344,0.3310467
4.83508,0.33861208
4.950593,0.37350303
4.976802,0.36423683
4.7267694,0.36089575
4.8204303,0.35297364
4.773161,0.32238638
4.8136,0.3003025
4.677945,0.31896293
4.4799385,0.3688575
4.487467,0.33913535
4.3670025,0.33782226
4.569892,0.3754753
4.4885383,0.3361708
4.504655,0.30636168
4.7289934,0.34218025
4.733988,0.36229688
4.8519144,0.39287835
5.1291113,0.4276132
4.988929,0.3553102
4.9736586,0.33744425
5.3621693,0.24108422
5.4482074,0.29865003
5.4397984,0.25192648
5.787886,0.22169913
5.9074697,0.19181257
6.3904505,0.15885633
6.333787,0.1395381
6.3831587,0.12622531
7.0117264,0.06879127
6.966907,0.06693166
6.9805884,0.056999527
7.1620455,0.0011601951
7.5221133,-0.0035052728
7.1422253,-0.018076465
7.047573,-0.06557986
7.234855,-0.002807526
7.1630096,0.0035999808
7.395533,-0.0027962662
7.565645,0.008515479
7.9794993,0.007163476
8.351603,0.004720252
8.378356,0.00076973066
8.667868,-0.03326824
8.739031,-0.06177339
8.557213,-0.0629978
8.656823,-0.050719872
8.951651,-0.07627519
8.88023,-0.08412717
9.141547,-0.062336475
9.088032,-0.08792407
9.202131,-0.100002676
9.656214,-0.10299067
9.675522,-0.16727912
10.026901,-0.07563821
10.359824,-0.063695684
10.25868,-0.068390936
10.737616,-0.039770924
10.769551,-0.022239245
10.6425495,0.015760206
10.995745,0.035018392
11.401086,0.070130624
11.321193,0.060596667
11.344776,0.05580802
10.937994,0.03251559
10.664625,0.034443643
10.672273,0.0822844
10.729743,0.0909522
10.720284,0.09981874
10.6832485,0.094001666
10.663447,0.07902679
10.253884,0.058567695
9.937357,0.06767274
9.690872,0.06290655
9.707556,0.07322732
9.9313965,0.066473335
10.168446,0.052538536
10.090688,0.044813648
9.995648,0.029507905
9.637456,0.015373394
9.354509,-0.0065938383
9.22544,-0.0029454567
9.125209,-0.025774393
8.793146,-0.0133164935
8.482491,-0.01695738
8.160131,-0.0047187638
7.931206,-0.0017952863
8.249602,-0.024110317
8.025623,-0.0055724196
8.178278,0.0006398782
8.104328,-0.008834323
7.9527855,0.005815521
8.006689,0.0022697598
8.025465,0.0046566036
8.050753,0.0038128886
8.042995,-0.0003193654
7.8607965,0.009536989
7.9526024,0.0073957294
8.202465,-0.010324877
8.267612,-0.033511057
8.242001,-0.037473317
8.3866,-0.034003828
8.037166,-0.024466015
8.193361,-0.021795101
8.293503,-0.031146333
8.227015,-0.024223074
8.287758,-0.0359577
8.15846,-0.034067195
8.078543,-0.03839571
8.071465,-0.029998086
8.001274,-0.030265074
7.967007,-0.03533815
7.78362,-0.042537473
7.961799,-0.03610768
8.167869,-0.037590932
8.241686,-0.030889262
8.399477,-0.03252373
8.745287,-0.03133196
8.774212,-0.005832035
8.701857,0.0031624213
8.714765,0.011589929
8.717833,0.012076668
8.884339,0.0015507694
8.754604,0.0060339198
9.023294,0.032427944
9.156916,0.02473298
9.129575,0.025922677
9.0728245,0.007793721
9.187132,-0.01021602
9.141729,-0.022997022
8.942596,-0.031233598
9.012228,-0.0107504055
9.012898,-0.00202699
9.203268,0.0037195198
9.487488,0.02880981
9.063614,0.014089056
9.314329,0.0058130324
9.370785,-0.0005727224
9.406397,-0.018354524
9.444892,-0.010383233
9.204427,-0.017284963
9.090146,-0.02277466
9.027317,-0.020612936
9.272604,-0.0022514742
9.205592,-0.0050947648
9.114783,-0.009421993
9.260878,-0.008023845
9.168686,-0.017182447
8.946186,-0.019286413
8.676792,-0.019277751
8.577254,-0.024845019
8.734726,-0.03910649
8.769933,-0.02960214
8.83046,-0.041685946
8.731852,-0.035377875
8.477606,-0.027800854
8.334724,-0.017870296
7.997176,-0.017104201
8.02835,-0.014314376
7.9770164,-0.013756037
8.124458,-0.013412364
8.166165,-0.018116642
8.092958,-0.020853657
7.7726207,-0.021811835
7.712502,-0.01830414
7.7810664,-0.037991337
7.771531,-0.05505895
7.6187706,-0.05116585
7.75809,-0.045963906
7.8939867,-0.046490416
7.9511743,-0.04562302
7.9428086,-0.039709873
8.065987,-0.037348993
8.167856,-0.026960943
7.9982452,-0.020594098
8.380615,-0.019365195
8.317259,-0.018936284
8.524511,-0.031961914
8.536733,-0.040069625
8.595356,-0.030401018
8.488188,-0.029428236
8.601095,-0.030334562
8.52835,-0.021027267
8.556767,-0.01694446
8.672744,-0.027826324
8.613268,-0.012109932
8.414369,-0.008179231
8.400542,0.0009953529
8.662292,0.019064495
8.658041,0.029034967
8.203543,0.037475724
8.031296,0.027434424
8.045322,0.018028043
8.109665,0.013880027
8.079716,0.018927125
7.7849483,0.011595206
7.5468793,0.004260525
7.72679,0.0005123764
7.6170716,0.0066699106
7.4916825,-0.012368083
7.228156,-0.036947083
7.0835114,-0.047755033
6.8363714,0.010699065
6.4824677,-0.052008256
6.6934495,-0.08080568
6.5762305,-0.07806393
6.406236,-0.14823093
6.255394,-0.1318805
5.768975,-0.05996632
5.539892,-0.0711546
5.5003576,-0.2024884
5.1353016,-0.0841444
5.304716,-0.060642384
5.0188856,-0.07914052
5.0638237,-0.10037888
4.995693,-0.113891974
4.863673,-0.14800148
4.557658,-0.233476
4.302595,-0.283822
4.194797,-0.29095387
4.291636,-0.36818457
4.210257,-0.30723077
4.3285027,-0.36154777
4.3633327,-0.41111445
4.2351522,-0.37852663
4.4423847,-0.44331992
4.2430167,-0.40850282
4.245931,-0.41862977
4.531087,-0.4120646
4.6109204,-0.377985
4.8334923,-0.3133766
5.015094,-0.29003477
5.5076675,-0.26551676
5.8306184,-0.30536002
6.0748773,-0.30336267
6.318153,-0.29590327
6.2864723,-0.24696632
6.2146235,-0.22766826
6.419029,-0.18940142
6.8257155,-0.15066008
6.9309235,-0.15946959
6.9106894,-0.16381486
7.019923,-0.15213066
7.365661,-0.11748688
7.805391,-0.10359925
7.6798887,-0.11739917
7.9485297,-0.126292
7.998563,-0.1051524
8.253012,-0.09539864
8.452084,-0.10654466
8.749971,-0.10273043
8.970864,-0.099372655
8.896457,-0.102594525
8.9318495,-0.07895786
9.238166,-0.053105555
9.289696,-0.06927925
9.324936,-0.07553663
9.346033,-0.07498226
9.36619,-0.07820472
9.423578,-0.08332123
9.6525955,-0.064898506
9.871281,-0.053742856
10.155685,-0.04352154
10.274772,-0.03398189
10.345824,-0.056784324
10.280023,-0.07376342
10.120814,-0.053861305
10.105528,-0.05504483
10.132483,-0.059983492
9.820396,-0.051854685
9.596069,-0.05542384
9.857109,-0.048903286
9.708776,-0.039122816
9.763041,-0.026381671
9.5686245,-0.022563659
9.04291,-0.011499785
9.010789,-0.037611958
8.710308,-0.031470217
8.918856,-0.060869306
8.748784,-0.096161045
8.288367,-0.11252932
8.0435095,-0.10894644
7.203076,-0.071407296
6.913358,-0.034548193
6.9731646,-0.012530189
7.46245,-0.022784084
7.1285725,-0.14232336
6.7477975,-0.1594813
6.578233,-0.15919404
6.443804,-0.13982667
6.3699694,-0.18897223
6.302336,-0.17824994
6.281649,-0.17341827
6.141822,-0.20245533
6.143542,-0.19454084
6.0026226,-0.105096504
6.1969795,-0.11285451
6.352181,-0.15427788
6.44367,-0.26832974
5.9925904,-0.23301204
5.8755302,-0.17628612
5.7304945,-0.121711716
5.4509,-0.041778356
5.637968,-0.05837466
5.76987,-0.117154524
5.8063917,-0.14846131
6.0922318,-0.17004646
6.3040442,-0.21736524
6.860733,-0.2157636
6.965448,-0.2463182
7.506504,-0.17086186
7.186799,-0.22555558
7.264551,-0.24583529
6.93262,-0.31727314
7.2822137,-0.2605067
7.518002,-0.22841813
7.66955,-0.22722237
7.693464,-0.23647408
7.8779626,-0.18034582
8.005465,-0.14474055
8.392524,-0.084440455
8.701023,-0.06855043
8.749105,-0.037473112
8.777996,-0.03236166
8.627663,-0.039065722
8.932297,-0.012633171
9.07795,-0.011526082
9.17053,0.00043672323
9.251667,0.0171208
9.5336485,0.03598234
9.681022,0.04241766
9.899742,0.03163165
9.806957,0.04568305
9.945377,0.036078542
10.069944,0.03871492
9.995742,0.034683075
10.120874,-0.0039134957
10.252008,-0.003387373
10.159794,0.004636809
10.293462,0.0041224733
10.3588085,-0.0025206693
10.312032,-0.026426416
10.357381,-0.027824271
10.3426695,-0.008954573
10.262899,0.004886374
10.392854,-0.01091842
10.418293,-0.011440963
10.294377,-0.027702637
10.4659605,-0.013737224
10.612099,-0.02756098
10.67308,-0.015105214
10.516377,-0.0047501996
10.413541,-0.00542178
10.326075,-0.009338848
10.10604,-0.0028783344
10.262461,-0.01352204
10.194835,-0.00040445477
10.211756,-0.00041209906
10.361681,-0.007842138
10.57743,-0.0014523752
10.627746,0.004299104
10.72383,0.011409298
10.516116,0.012833685
10.184224,0.010264903
10.242605,0.028232593
10.179072,0.031474754
9.910875,0.025999885
9.832114,0.013119562
9.94977,-0.004796369
9.954802,-0.0122372955
10.0719185,-0.0046220645
9.953422,0.0046424214
9.933621,0.0066164527
9.856049,0.021270216
9.891853,0.016690072
10.022703,0.024211926
10.027884,0.025960084
10.0467005,0.024552792
10.098576,0.032381512
10.192651,0.031440858
10.010056,0.025470737
10.205129,0.021659546
10.212741,0.017911153
10.336969,0.018190652
10.363323,0.019159902
10.298626,0.025895651
10.294966,0.029016519
10.201706,0.02651067
10.29609,0.022201542
10.410336,0.023383342
10.373786,0.024762845
10.31163,0.013750015
10.248955,0.019580357
10.375217,0.02613746
10.460355,0.01890726
10.564624,0.017495709
10.631525,0.0015234835
10.586213,0.00586712
10.4465685,0.006702654
10.353873,0.009251043
10.081054,0.035985533
9.765393,0.03674308
9.926935,0.03701618
9.505957,0.035109706
9.698393,0.033192
9.726972,0.05542763
9.567835,0.05769909
9.627614,0.03689073
9.474022,0.036701463
9.164127,0.037344567
9.134197,0.04654789
9.076649,0.054322388
9.072888,0.035326637
8.9823885,0.041686498
9.024113,0.009419225
9.051665,0.024433196
9.117365,0.025851369
9.182579,0.01520605
8.862272,0.039388735
8.876599,0.02464027
9.089712,0.0095553845
8.704436,-0.0054642186
8.498019,-0.0070759356
8.534782,-0.031714324
8.438011,-0.034651417
8.186914,-0.03619419
7.914606,-0.027323537
8.049108,-0.041998014
7.998788,-0.03913796
7.763986,-0.0527998
7.851806,-0.045120068
7.6761093,-0.053958885
7.6320214,-0.04606788
7.1164684,-0.051894024
6.8136473,-0.041936003
6.5788713,-0.04044462
6.407147,-0.046472967
6.321834,-0.042517737
6.1594644,-0.017831862
6.1210523,-0.026703905
5.944437,0.015750911
6.05235,-0.031000413
5.9029036,0.0038149152
5.9697914,-0.032703064
5.8968964,0.0013994724
5.783346,-0.016780622
5.3806148,-0.034623645
5.450472,-0.021302909
5.6051726,-0.022739895
5.4037113,0.054422736
5.404062,0.015506437
5.2567344,0.003926549
5.329884,-0.0758334
5.296734,-0.035634737
5.3014994,0.005524326
5.4554644,0.031587724
5.3010902,0.02096989
5.1504526,-0.0019087773
5.043766,-0.013085701
5.044878,0.006007146
5.007206,0.032800652
5.014046,-0.020041533
5.0593233,-0.045093812
5.137471,-0.019151881
5.2469587,-0.033109546
5.247657,-0.03826693
5.1087894,-0.048542537
4.8894167,-0.061735675
4.7096024,-0.08146836
4.5394545,-0.12040903
4.6618776,-0.06414625
4.854412,-0.08330433
4.7058563,-0.05612123
4.9680257,-0.048705004
5.003854,-0.048829257
4.8373184,-0.06741779
4.7408433,-0.08865473
4.4880486,-0.104590744
4.5320225,-0.10619824
4.625972,-0.07007936
4.560199,-0.06551277
4.5556145,-0.054954447
4.5974636,-0.042246714
4.5098042,-0.046215385
4.635269,-0.057302207
4.61756,-0.038906578
4.6458416,-0.05154422
4.670831,-0.05632869
4.6710653,-0.083353795
4.626253,-0.08443846
4.6953745,-0.075643174
4.80944,-0.08065945
4.9076934,-0.08074491
4.979835,-0.062400997
4.9986734,-0.0717822
4.921981,-0.056277446
4.809451,-0.082816355
4.844966,-0.06493567
4.973671,-0.05361653
4.9614983,-0.049294934
4.9375563,-0.05518292
4.8618336,-0.052308448
4.956431,-0.028305762
4.9595375,-0.021436684
4.879486,-0.019227065
4.8667955,-0.035242848
4.751825,-0.07223
4.691003,-0.060549982
4.477502,-0.061754115
4.492612,-0.052965008
4.1571417,-0.06928675
4.201373,-0.06615367
3.9543772,-0.088517606
3.9094074,-0.1206415
3.8869188,-0.09863396
3.6155043,-0.09348759
3.7152114,-0.15726282
3.5523748,-0.1832768
3.3565435,-0.2307301
3.4955184,-0.26337892
3.61017,-0.20691386
3.6829696,-0.21053684
3.4834914,-0.20505758
2.9999905,-0.21538079
2.910271,-0.22094665
2.985015,-0.2792943
3.367447,-0.18970473
3.0607,-0.21928093
3.2602382,-0.20206301
3.206453,-0.22151299
2.8590484,-0.2378916
3.2472403,-0.23346902
3.0912776,-0.2370653
3.1831145,-0.18970506
3.3598576,-0.19260423
3.6372433,-0.14110912
3.0466597,-0.20099439
3.02695,-0.26830596
3.1695495,-0.30904663
3.4664202,-0.23991518
3.955677,-0.21463147
4.2366867,-0.24125059
5.0769777,-0.20493649
4.9493246,-0.22695965
4.0805163,-0.30621767
4.8722687,-0.24965392
5.055691,-0.253779
4.4334717,-0.27046227
4.655882,-0.23030214
4.279788,-0.26149893
4.6226716,-0.19599192
4.873457,-0.19733717
6.2302055,-0.17358883
6.2775784,-0.14312164
6.1223893,-0.16288401
5.9513474,-0.120869845
5.962471,-0.16355081
6.19692,-0.110153824
6.6809855,-0.08077898
7.195922,-0.06616982
7.3696847,-0.08394152
7.7397676,-0.06544569
7.7765403,-0.06564282
7.887409,-0.06800334
8.216671,-0.056369513
8.23854,-0.054217488
8.04351,-0.07047562
8.131081,-0.06423264
8.645132,-0.058037437
8.729081,-0.060243472
8.868468,-0.050774433
8.9541,-0.052924484
9.096686,-0.054062232
9.181659,-0.043144584
9.220162,-0.03635083
9.2348175,-0.03563603
9.300314,-0.033753097
9.304567,-0.03782764
9.147524,-0.029326033
8.933466,-0.029523104
9.156418,-0.03647905
8.82943,-0.036177628
8.747291,-0.04622689
9.10594,-0.05224265
9.158479,-0.05038786
9.27825,-0.006797891
9.268229,0.002632929
9.3777685,0.009524673
9.234877,-0.0052401014
9.283594,-0.0012896489
9.082195,-0.009887554
9.067722,-0.028029207
9.023872,-0.016747616
9.005768,-0.022542238
8.840811,-0.057357892
8.862408,-0.013377488
8.612699,0.026958779
8.319051,0.02432537
8.341917,-0.076944314
8.318922,0.041242816
8.380317,0.049388964
8.014074,0.027134432
7.708525,0.03250212
7.207122,-0.004528187
6.93887,-0.004887197
6.614305,-0.023871705
6.3273244,-0.06432328
6.1901584,-0.095559776
6.1247816,-0.14036027
5.971593,-0.19364615
5.8246827,-0.14261909
5.614973,-0.054504856
4.390542,-0.052241378
4.2140713,-0.026271828
4.3543515,-0.04810998
4.6881933,-0.068721555
4.1774144,-0.06935389
3.6840038,-0.10417223
3.621388,-0.092025615
3.6077738,-0.04710202
3.1018045,-0.07846834
3.3852487,-0.10774259
3.5364554,-0.046041913
3.7322903,0.07106499
3.8391402,0.18821833
3.7111557,0.12589818
4.1902466,0.14494029
3.6176772,0.13959464
3.8034453,0.11065684
4.1634054,0.06548561
4.273074,0.0443699
4.1406507,0.040903315
3.8719797,0.047808744
4.0978765,0.063547045
4.566492,0.0598619
4.837452,0.07524041
5.0143156,0.073910944
5.213851,0.036320426
5.6460495,0.016022984
5.7164936,0.00065808557
5.7923026,-0.0019683838
5.7191567,-8.677319e-05
5.5944996,-0.030806683
5.7239447,-0.034394182
6.108153,-0.036373585
6.124863,-0.041204132
6.90962,-0.04651706
7.466537,-0.060711615
6.987136,-0.08479743
7.0786552,-0.0678046
7.0721335,-0.06459703
7.2502017,-0.07848155
7.646134,-0.061351314
7.5876837,-0.04826147
7.7154865,-0.032962937
7.961439,-0.04261165
7.889389,-0.020692308
8.257259,-0.01846762
8.146832,-0.033779
8.075586,-0.044487774
8.550261,-0.021398485
8.844826,-0.031925734
8.97846,-0.0054183174
9.177492,0.016570503
8.670481,0.0031981356
9.560844,0.021543449
9.585146,0.029887956
9.271896,0.03736932
9.185979,0.031983323
9.375095,0.056511495
9.168088,0.03222238
9.114928,0.05633806
9.414831,0.03700098
9.663237,0.026118381
9.670389,0.032879427
9.662236,0.022151364
9.269601,0.007798128
9.37506,0.047816493
9.105078,0.0382099
9.66548,0.0529621
9.598975,0.029929418
9.397759,0.09703411
9.471825,0.13801622
9.570162,0.16547947
9.543177,0.11013388
9.644619,0.10530415
9.313381,0.12994403
8.756817,0.09555839
8.564157,0.0802656
8.661657,0.07294021
8.095545,0.051361404
7.1996536,0.09025456
6.861033,0.11158923
6.907043,0.0959778
6.486789,0.110046506
6.0975347,0.027607493
5.784241,-0.0049734227
5.670247,0.041505687
5.281994,0.069219366
4.5050936,0.06603196
4.5550156,0.08037339
4.2690854,0.081795596
4.3324914,0.055526633
4.354334,0.016144134
4.0333314,-0.009437934
4.006112,-0.006708272
3.9090614,0.0002964139
3.5766745,0.01702866
3.326989,0.03586167
3.577502,0.011380501
4.0496035,-0.019931734
3.9615507,-0.045305736
4.27684,-0.025417864
3.8672233,-0.022355407
3.6402225,-0.047677435
3.6639752,-0.054183505
3.7971869,-0.04260359
3.839796,-0.060112238
3.7911043,-0.06059876
3.6550446,-0.051192813
3.9858303,-0.053904876
3.8457365,-0.036571607
4.0549526,-0.043991886
3.988553,-0.020406116
4.1596594,-0.0056582447
4.193912,0.0215488
4.441412,0.046172246
4.420719,0.02295194
4.5217123,0.046528958
4.576288,0.11249504
4.46376,0.108713254
4.6033225,0.08437096
4.8626213,-0.06447276
5.0121546,-0.060854293
5.514535,-0.081551164
5.584709,-0.10574968
5.834072,-0.062130734
6.4128456,-0.11593853
6.3314962,-0.25232905
6.5044727,-0.20285803
6.5587525,-0.18923755
6.168027,-0.13927288
6.547537,-0.15503363
6.832187,-0.118974075
6.682764,-0.19855297
6.9062195,-0.24891286
6.990629,-0.26424044
6.953328,-0.2347158
6.8177404,-0.21422827
6.8719325,-0.17466807
7.1874833,-0.15109786
7.2098,-0.14110243
7.9109507,-0.03420116
7.798212,-0.052872904
8.446066,-0.01820271
8.437111,-0.025217265
8.444733,-0.001707118
8.217386,-0.012777392
8.545122,-0.02652913
8.446983,-0.03851036
8.4261055,-0.0712157
8.560597,-0.045879632
9.272587,-0.049258456
9.139882,-0.06309007
9.089892,-0.07321035
8.965149,-0.056613393
8.840519,-0.05325105
8.842502,-0.059289046
8.8774395,-0.08892869
9.181488,-0.06530468
9.50856,-0.025826182
9.680916,-0.03700555
9.493063,-0.03592348
9.42474,-0.04096
9.570475,-0.078843266
9.5504875,-0.08054148
9.236053,-0.12079677
9.166677,-0.11166245
9.2509,-0.12515815
9.195508,-0.116890386
9.214567,-0.09710276
9.177462,-0.106208384
9.243815,-0.09488017
9.431171,-0.08780061
9.004374,-0.06550991
8.771615,-0.061428227
8.551283,-0.054413117
8.068255,-0.0400071
8.240534,-0.06301212
8.111633,-0.075772494
8.01688,-0.06608226
7.8255787,-0.05343517
7.8171606,-0.05721134
7.7394395,-0.041118614
7.337042,-0.018960949
7.009423,-0.015698563
6.9387937,-0.0077686235
6.783953,0.0069945334
6.324157,0.011471091
5.967142,0.016716069
5.6735144,0.007978451
5.3818517,-0.018812604
4.754753,0.039591763
5.1768775,0.054160215
4.009377,0.0525635
4.12642,0.058467913
4.235361,0.043963894
4.0729227,0.042301398
3.7875533,0.083766066
3.5750577,0.10480231
3.409734,0.13704199
3.204658,0.17126453
2.9637885,0.1887483
2.7130127,0.21826577
2.7173295,0.23744561
2.6334484,0.25884724
2.42494,0.28701055
2.7809641,0.2426453
2.597156,0.25461626
2.2485595,0.29204458
2.1608639,0.28854632
2.4323847,0.2934559
2.4915853,0.3240385
2.6534398,0.3076222
2.7364001,0.27769065
2.6354704,0.3106385
2.6679273,0.3033471
2.6875057,0.27726465
2.5344412,0.2867416
2.4723897,0.29989463
2.6122856,0.2840752
2.664559,0.27213743
2.725061,0.25736725
2.873447,0.25935984
2.859026,0.26892453
3.0678139,0.27240962
3.6010687,0.2197942
3.700375,0.23465227
4.069134,0.17709042
4.069764,0.18591146
4.108904,0.19784929
3.9221215,0.23590256
4.2867937,0.20048745
4.3662553,0.10402404
4.765342,0.07798098
4.998459,0.09285945
5.2235785,0.067679025
5.6488376,0.08918616
6.194217,0.12838475
6.2106967,0.14230102
6.113781,0.115333
6.2542543,0.13625287
6.469889,0.13788986
6.371411,0.1489658
6.44157,0.1504835
6.6974134,0.15611167
6.768449,0.1632597
6.327108,0.15092182
5.966245,0.1289407
5.8139067,0.12710261
5.706115,0.13031718
5.6932487,0.12934807
5.6654816,0.117524035
5.7500257,0.108503014
6.111369,0.0966234
6.177537,0.08236165
6.260993,0.08900862
6.132193,0.10007567
6.2167273,0.12584426
6.247624,0.1368945
6.524081,0.10772189
6.749171,0.09290402
6.4170523,0.10190445
6.4782305,0.086261235
6.651713,0.07667951
6.7938237,0.07077837
6.767643,0.06694983
6.8373623,0.07639349
7.1986094,0.060218934
6.9664297,0.060395136
7.2090936,0.051430926
7.6211963,0.03348251
8.002583,-0.0033139735
8.038381,-0.00434749
8.223581,-0.026562616
7.93109,-0.018910173
8.174631,-0.034704193
8.585718,-0.05010806
8.92562,-0.10131546
8.8155365,-0.11720188
8.781031,-0.112055
8.984952,-0.07812211
9.02832,-0.06896848
9.256023,-0.06145826
9.376221,-0.06024383
9.127876,-0.030046545
9.445752,-0.041586883
9.655554,-0.032635942
9.809639,-0.053356476
10.156989,-0.066272415
9.67683,-0.06963137
9.838711,-0.10298315
9.701475,-0.062279254
10.092959,-0.051078103
10.055235,-0.04511018
10.404959,-0.0493249
10.936122,-0.06351863
10.8041935,-0.06364462
10.667337,-0.06367712
10.590176,-0.066577956
10.9022,-0.06834739
10.833965,-0.068575054
11.105288,-0.08245077
11.127591,-0.0642178
11.506857,-0.08328746
10.775025,-0.06730218
11.398266,-0.07796702
11.14973,-0.06699477
11.087731,-0.044584446
11.666869,-0.04493534
11.127347,-0.04282406
10.983365,-0.04646138
11.305783,-0.07808798
11.468078,-0.05370424
11.812686,-0.07638268
11.630737,-0.09172247
12.240184,-0.071731254
11.7184925,-0.057600938
11.91678,-0.07278253
11.206933,-0.0687241
11.923861,-0.06771551
12.067334,-0.039587386
11.50667,-0.034985106
11.960291,-0.037213422
11.86652,-0.04666713
12.276035,-0.07354501
12.453127,-0.05587867
12.07682,-0.031228118
12.568025,-0.058674112
12.560138,-0.03997506
13.311941,-0.0695667
12.54867,-0.07269502
13.361091,-0.10273002
12.801773,-0.07604729
13.053561,-0.08269203
13.227857,-0.052179232
12.910085,-0.05901421
12.883406,-0.066258214
13.165257,-0.10367668
13.416813,-0.10926686
13.303172,-0.085145056
13.583175,-0.07928004
13.633106,-0.08235605
13.168173,-0.088519976
12.634716,-0.084626384
12.86239,-0.08019985
12.591334,-0.060214683
12.530178,-0.08074432
12.64465,-0.077697724
12.588828,-0.051696897
12.62794,-0.034848195
12.09294,0.011089379
12.551615,-0.034456898
12.204369,-0.014071837
12.268542,-0.0038114302
12.087576,-0.0012491997
12.124794,0.002555089
12.713873,0.019313369
12.971362,0.07656342
13.007193,0.025076777
12.938576,0.023003811
12.527486,-0.0016965792
12.510422,0.01058026
12.582024,0.016839296
12.621296,0.038716108
12.654634,0.042654842
12.300544,0.062418167
12.5846195,0.036398336
12.204303,0.057581216
12.074305,0.043106135
12.127948,0.030102484
12.161821,0.027933603
11.968475,0.046242066
12.149297,0.057780217
11.787048,0.055412974
11.757307,0.044553258
11.893951,0.03247121
11.927823,0.03524138
11.527595,0.040108778
11.400727,0.056447417
11.892706,0.06861928
11.805869,0.055501875
11.256956,0.052473113
11.41517,0.02709829
11.587097,0.023145942
11.079318,0.0013890825
11.022532,-0.011664357
11.1524725,-0.0312346
11.202506,-0.04184667
11.00247,-0.052768067
11.144133,-0.059957452
11.016286,-0.068886004
10.529671,-0.08630867
10.450526,-0.07786224
10.198027,-0.075208426
9.981001,-0.10007373
9.894251,-0.08003561
9.682403,-0.07659034
9.683268,-0.08279252
9.409098,-0.059635296
9.147863,-0.11112529
9.25056,-0.058058724
9.052097,-0.08166885
8.907234,-0.093691126
8.766712,-0.08361875
8.526989,-0.07226743
8.036728,-0.095156014
8.124556,-0.10980992
8.306868,-0.1441174
8.001171,-0.10809894
7.849203,-0.07904916
7.290098,-0.039586186
7.163077,-0.022859313
7.009707,-0.033172175
6.796055,-0.023110777
6.5409327,-0.0101402365
6.405099,-0.014688719
6.384181,0.0034379363
5.9726324,-0.0058036335
5.2794456,0.0031103138
4.835244,0.0320532
4.689868,0.051841132
4.405015,0.081515625
4.358997,0.07848249
4.298221,0.079485185
4.0091515,0.11243877
4.2353725,0.0914521
3.8379517,0.09493412
3.871507,0.10834714
3.8208337,0.1296564
3.5921936,0.15562025
3.2880268,0.1595243
3.3574848,0.14682055
3.6623847,0.15604094
3.7017608,0.1746531
3.381083,0.16112572
2.9347606,0.18642983
2.5763445,0.2402274
2.4981406,0.21165554
2.5818954,0.24292463
2.5985117,0.23876062
2.5912933,0.21129142
2.9715083,0.22845395
2.8705842,0.30655783
2.7554984,0.3415352
2.8470583,0.33582413
2.8337312,0.35763663
2.7720895,0.33724636
2.9688673,0.30421114
3.197465,0.40709788
3.5777009,0.4346527
4.005833,0.4740402
4.240851,0.45873618
4.108884,0.4869272
4.360669,0.44680703
4.9971666,0.43836468
5.0115404,0.40886444
5.332047,0.3274082
5.3026743,0.33180624
5.1609583,0.3298983
5.264289,0.27738357
5.435075,0.20798689
5.411397,0.23686878
5.694764,0.27448505
6.721823,0.18108599
6.9101973,0.08818086
7.500424,-0.05658713
7.944917,-0.110416695
8.227831,-0.071610674
8.459896,-0.07296945
8.8580265,-0.05920907
9.032549,-0.0005384106
9.2453785,0.054908358
9.530621,0.08240789
9.789911,0.09804799
10.034632,0.09251293
10.427197,0.08020036
10.259715,0.071112916
10.177207,0.04562377
10.159389,0.050773267
10.227934,0.039890595
10.35376,0.041344933
10.363503,0.032927535
10.295027,0.0339109
10.283917,0.024852294
10.317045,0.021807788
10.27393,-0.006047381
10.231083,-0.0340266
10.15157,-0.012632232
10.273753,-0.012404058
10.341668,0.003652729
10.411995,0.0014068037
10.411847,-0.005551379
10.447397,-0.017728567
10.577347,-0.016086414
10.689859,-0.036490016
9.902571,-0.014991224
10.609648,-0.02333662
10.311849,-0.031091444
10.244403,-0.027666315
10.211391,-0.033320278
10.077708,-0.04512062
9.776189,-0.03408371
9.78493,-0.029751118
9.478581,-0.02449394
9.674456,-0.0035166554
9.561201,-0.0035826229
9.39922,-0.020430699
8.648769,-0.010121673
8.68235,-0.019354392
7.6654334,-0.019924134
7.803506,-0.046558328
7.6253633,-0.06528972
7.4337397,-0.0696572
7.1988497,-0.07525266
7.123669,-0.054352738
6.548316,-0.06857152
6.26227,-0.10450798
5.8747883,-0.1191698
5.6186934,-0.14980099
5.3969164,-0.17362677
4.910244,-0.20481016
4.528224,-0.23457877
4.1580763,-0.2476636
3.9279494,-0.26231474
3.7567444,-0.27215028
3.6277099,-0.28311634
3.7541206,-0.22811888
3.5602584,-0.22304219
3.5690017,-0.18108538
3.4393804,-0.16879316
3.271287,-0.15142214
3.0524461,-0.1687243
2.637244,-0.2260616
2.4148517,-0.26694214
2.2283642,-0.2995416
2.0831213,-0.33612216
2.0273168,-0.36420888
1.5841203,-0.36680907
1.7275752,-0.36793143
1.5065882,-0.37651277
1.5464371,-0.33162153
1.491481,-0.28636456
1.2156198,-0.26967585
0.9465821,-0.28256667
0.7900952,-0.27974427
0.8518183,-0.2708072
0.52873254,-0.3196028
0.22837102,-0.36674845
0.3478061,-0.34621525
0.7389718,-0.25114685
0.9109471,-0.2188709
0.820871,-0.2251266
1.1872389,-0.21939264
1.3603542,-0.24146806
1.2208886,-0.25633973
1.3241333,-0.26642317
1.2869413,-0.2382059
1.5631454,-0.16465627
1.7837307,-0.11093871
1.7532378,-0.13514198
1.642395,-0.22765735
1.7384882,-0.11950904
1.6620314,-0.084809124
1.5337373,-0.11471206
1.4717102,-0.111271426
1.3650806,-0.13983648
1.548442,-0.080999754
1.7295442,-0.04419428
1.9200652,-0.063618235
1.9123533,-0.08833087
2.0382984,-0.088857144
2.0610716,-0.08432577
2.0050323,-0.06691036
1.9986768,-0.04877536
2.0118303,-0.02253814
2.2220464,-0.0018291101
2.138846,0.021919489
2.364835,-0.020240169
2.7293296,-0.003949208
2.6841133,-0.013917599
2.727656,-0.014567979
2.8782861,-0.020013064
2.7772233,0.0032692626
3.1490903,-0.0050236806
3.1401014,-0.0280701
3.108429,-0.0234348
3.3257313,-0.020241875
3.497804,-0.022613883
3.8024683,0.013296569
3.4061122,-0.01679688
3.2960625,-0.004149068
3.5165024,-0.06026967
3.486916,-0.046900578
3.7972248,-0.007058205
3.9275184,-0.009850398
4.0178432,-0.016539857
4.2590327,-0.009217925
4.2683043,-0.022180129
4.1486697,-0.013198439
4.0570025,-0.00399464
4.5061045,-0.0052869953
4.685345,0.015510856
5.1464233,0.016579036
4.7526803,0.03525172
4.598564,0.02679031
4.592046,0.02547964
4.896968,0.014730468
4.9602866,0.003152283
4.943865,0.0031061955
5.118412,-0.021552071
5.0212965,-0.01969491
5.1930504,-0.018989984
5.379367,-0.02915864
5.644853,0.0022172928
5.5230207,0.0039110985
5.058515,0.012012769
5.1649256,0.0008331537
5.378229,-0.03893957
5.7115045,-0.006328054
5.4235954,-0.0130989775
5.528779,0.006875308
5.734625,0.013885228
6.1174064,0.013286337
6.114523,0.00016288087
6.266805,-0.02386859
6.2786703,-0.009736292
6.5833645,-0.034909274
6.903171,-0.034466986
7.0596805,-0.018422205
7.2635884,-0.01092428
7.1744213,-0.02492315
6.97103,-0.029938228
6.9115305,-0.019403845
6.9069495,-0.020242821
6.8029943,-0.016854446
6.6482525,-0.011560246
6.693191,0.0036568455
6.9199147,-0.0008743778
6.8688235,0.0043921378
6.868753,0.0028752163
6.9840674,0.009098647
6.7206144,-0.02474241
6.800512,-0.006845584
6.6918707,-0.0019315016
6.7735033,0.016444579
6.5603685,0.005485242
6.6562715,0.020936502
6.4629817,0.025279328
6.589223,0.048616022
6.764642,0.027877785
6.4522514,0.01146899
6.47326,-0.013463207
6.551352,-0.01277674
6.4597673,-0.022022162
6.6441827,-0.016336747
6.7274885,-0.015471458
6.6585155,-0.0105339885
6.5580983,-0.029566381
6.6628895,-0.023322716
6.5990515,-0.027364403
6.599921,-0.025439434
6.5378146,-0.023116402
6.5861425,-0.012569305
6.5310245,-0.001683306
6.722664,-0.0027751438
6.6630344,-0.0088927
6.6782527,-0.013711445
6.6317673,-0.009929113
6.5879025,0.018203968
6.6174035,0.028490458
6.361024,0.045428462
6.3488016,0.03611625
6.254538,0.057794455
6.2044725,0.04876347
6.1251187,0.029841997
6.255494,0.010261772
6.309257,0.026552126
6.5255594,-0.0062605366
6.5038433,0.0040805433
6.618646,-0.016626857
6.6787696,-0.017693982
6.6593795,-0.015610985
6.6184435,-0.02110356
6.429978,-0.023172192
6.5046935,-0.02791562
6.433132,-0.022318758
6.593058,-0.00056169555
6.7500777,0.016702726
6.781339,0.010868544
6.7493114,0.020639133
6.6953225,0.03239245
6.6694922,0.022750659
6.5533414,0.0066819694
6.6037273,0.0030411482
6.6665893,-0.0055344384
6.758569,0.008721161
6.683144,0.0019869488
6.5086236,0.0052858647
6.676178,0.009202331
6.67208,0.014136206
6.579056,-0.0058509875
6.6735635,-0.010623343
6.6336584,-0.0035504438
6.7128263,-0.0061992295
6.6004105,-0.003105808
6.4708896,-0.004700221
6.5334644,-0.0045452043
6.3851986,0.0055866893
6.2811484,-0.0014571883
6.4687223,-0.010452852
6.5258203,-0.019266918
6.550056,-0.0350708
6.445296,-0.043272182
6.3284726,-0.033177637
6.3021603,-0.017802607
6.2696357,-0.02588889
6.278186,-0.032361373
6.3875937,-0.032683518
6.276763,-0.04826075
6.367687,-0.04613065
6.3241453,-0.031984225
6.385936,-0.03449936
6.224999,-0.0344357
6.202134,-0.013915114
6.071066,-0.006539978
5.885325,-0.020245884
5.821675,-0.029816799
5.5356636,-0.023076061
5.601861,-0.019584447
5.669613,-0.03671363
5.185207,-0.018329218
5.5510726,-0.036269393
5.4587064,-0.0014054552
5.0600915,0.017688781
4.598568,0.028425079
4.4758096,0.022620525
4.187728,0.029198801
4.4649634,0.003494043
4.0702486,0.002054628
3.1688623,0.03633696
3.496034,0.0065664584
3.0152586,0.024122283
3.1332316,0.02572469
2.817559,0.040307768
2.7278123,0.027951207
2.579254,0.04215505
2.4146655,0.038646437
2.243127,0.03519144
2.107224,0.043160565
2.1173346,0.028013218
1.717953,0.05867312
1.2104814,0.06979033
0.9750885,0.08507734
0.81551385,0.10942907
0.8782704,0.1404202
0.7422756,0.13507392
0.7113137,0.14568785
0.39465106,0.20361896
0.40059447,0.26520663
0.034064054,0.25852942
0.3975252,0.22702801
0.41880453,0.27222812
0.35047424,0.34588915
0.7265948,0.3602091
0.6456121,0.37004685
0.5895889,0.32334876
0.6531935,0.36684144
0.9368541,0.32940716
1.3041185,0.29937184
1.1653008,0.21865137
1.4407976,0.34752744
1.850685,0.3291824
1.7920101,0.27277583
1.6292107,0.25034148
1.5836234,0.2377709
1.470252,0.27044117
1.6357746,0.26322055
1.7946947,0.20518449
1.9615263,0.18354622
2.1138763,0.18112369
2.1333842,0.14720578
2.1942303,0.11342201
2.112175,0.10985018
2.3427544,0.0837864
2.625788,0.07047972
2.5660973,0.124697
2.8506148,0.12783113
2.953524,0.1672815
3.0890155,0.13781866
3.2785408,0.12372371
3.4219508,0.10380095
3.8321948,0.09215468
3.74586,0.09596603
4.2738914,0.06393807
4.581191,0.06361334
4.6034584,0.05087697
4.792783,0.046436355
4.954588,0.013582372
5.3350606,0.00964088
5.778018,0.02509845
6.258351,0.022647208
6.2731957,0.017802566
6.385329,0.031927206
6.515172,0.036368888
6.571181,0.022205524
6.8534408,0.009728768
7.121453,0.015736088
7.1458616,0.00032111257
7.2615304,0.012054258
7.457565,0.015985575
7.6412163,0.012746765
7.887141,0.021628715
8.192368,0.0051952917
8.279973,0.012280354
8.310594,0.009171301
8.426786,-0.013645232
8.443726,-0.013863444
8.366755,-0.03639197
8.388679,-0.022098552
8.445923,-0.04014139
8.585133,-0.044487335
8.711643,-0.021888644
8.650715,-0.02380503
8.663845,-0.034171466
8.847894,-0.04123661
9.015896,-0.027449004
8.992735,-0.050540045
8.915239,-0.04000395
8.679304,-0.075659096
8.870493,-0.031411834
8.634973,-0.0077232346
8.736276,-0.025760718
8.462448,-0.0512364
8.211364,-0.062958695
8.155582,-0.079012655
8.111467,-0.08672036
8.118324,-0.06703008
8.147171,-0.040015653
8.170389,-0.040157437
8.097338,-0.024958476
7.91735,-0.005702626
7.962277,-0.014020778
7.5432034,-0.011223093
7.575599,-0.01475165
7.4689426,-0.021687672
7.2352986,-0.028961435
7.1241274,-0.023222048
6.8149214,-0.015204426
6.5327663,-0.017540678
6.2182465,-0.026370421
6.212744,-0.03047894
5.8202143,-0.027775306
5.4842386,-0.023221437
5.4897594,-0.004363794
5.611143,-0.000550095
6.27795,-0.020139292
5.437337,0.009878651
4.5979767,0.0036798175
4.1088953,-0.011148207
3.7772431,-0.014693677
3.2126026,0.007035669
3.2095408,-0.006174773
3.100379,-0.007662419
2.788762,0.013770077
2.7119315,0.003158532
2.5444138,0.031572
2.4622612,0.037846055
2.52945,0.009101927
2.4142876,-0.0038396008
2.29934,-0.0496964
2.0897133,-0.06851512
1.9077508,-0.07076715
1.8410996,-0.07906719
1.7361367,-0.059106626
1.8800039,-0.054313466
2.216044,-0.06230683
2.2320855,-0.0617411
2.1416621,-0.05066756
2.1762319,-0.014857024
1.9929141,-0.020674527
2.2474642,0.02197279
2.0208638,0.044172697
2.0638752,0.066150926
2.3823502,0.08018469
2.2680297,0.07022659
2.3671858,0.06531212
2.5139267,0.07465556
2.6707406,0.05133076
2.9460392,0.019043654
3.189836,-0.01186138
3.517746,-0.054232582
3.7044115,-0.04820119
4.035344,-0.033879254
4.139519,-0.038927887
3.9007862,-0.033285074
4.383027,-0.0033057034
4.5225773,-0.0029227138
4.548729,-0.04943347
4.6948566,-0.039508104
4.6382475,0.04086157
5.1459026,0.052749097
5.305223,-0.025308363
5.5502005,-0.041318394
5.857836,-0.08317594
6.141413,-0.079241246
6.6199484,-0.13553727
7.08081,-0.1900632
7.2201996,-0.10690521
7.2650304,-0.1139227
7.2623253,-0.027163558
7.3698473,0.0015271008
7.678007,0.0055046827
7.887075,0.044163346
8.347782,0.061883617
8.319752,0.06347011
8.47818,0.049484946
8.405561,0.042333595
8.342243,0.0069070123
8.274372,-0.006979607
8.131508,-0.06343725
8.380804,-0.082951345
8.669859,-0.068892844
8.756912,-0.053523228
8.87362,-0.09154178
9.142782,-0.08602215
9.316324,-0.106432006
9.396469,-0.10806015
9.231919,-0.10461643
9.127461,-0.10057102
8.724736,-0.09415296
8.692354,-0.1169813
8.628532,-0.15560095
8.501962,-0.19351457
8.546042,-0.19588925
8.420859,-0.16786696
8.374245,-0.076326564
7.982588,-0.05121734
7.7571006,-0.08852981
7.5811205,-0.08022876
7.599404,-0.110376775
7.5982027,-0.09135484
7.8459716,-0.059067704
7.571637,-0.06227249
7.446817,-0.07453567
7.604459,-0.1284339
7.4844027,-0.10960132
7.2223816,-0.074488096
6.975071,-0.04569941
6.855893,-0.043955125
6.549603,-0.0409199
6.2321177,-0.0074267797
6.0980644,0.009465959
5.75697,0.013551454
5.712099,0.010807011
5.7499065,-0.023496777
5.6607666,-0.01127838
5.210662,0.0070464425
5.1571245,-0.02009914
5.035268,-0.08421298
4.772534,-0.07244004
4.837735,-0.080503315
4.8554955,-0.042248726
4.9446807,-0.026391983
4.706728,-0.0049013197
4.367676,0.015197083
4.4633417,0.04186886
4.43678,0.04710713
4.041619,0.020173024
4.03635,0.05824064
4.089596,0.07381034
4.1032023,0.06851007
4.2677374,0.09288936
3.8661437,0.10992933
3.788343,0.11161335
3.8599534,0.11766844
4.1501007,0.09220694
4.23714,0.14560002
4.1186843,0.13514489
4.275818,0.14922868
3.7366238,0.13977778
3.9498756,0.11674351
4.24957,0.058953714
4.025782,0.07789716
4.1166806,0.08281065
3.829128,0.06437596
4.1669574,0.0391227
4.053236,0.045913827
3.9549496,0.04464348
3.9608424,0.04326827
4.118003,0.008794144
3.9953144,0.013906248
3.8037844,-0.008341663
4.0560665,-0.055979833
4.2902374,-0.09278165
5.02468,-0.061553657
5.161112,-0.06718449
5.426124,-0.045250446
5.3926115,-0.046639815
5.365634,-0.044687614
5.126916,-0.05321519
5.0381556,-0.062752485
5.4276333,-0.05007705
5.963954,-0.026780453
6.053493,-0.02837206
6.2910185,0.009861586
6.3634014,0.054590017
6.6730747,-0.003666738
6.725211,0.011102453
6.696307,0.01386952
6.771917,0.016830739
6.6623273,0.034068823
6.721848,0.04207997
6.9254284,-0.0029688291
7.1950397,-0.04691115
7.0240183,-0.020331543
7.2287564,-0.016545534
7.115268,0.0065216776
7.511151,0.001850456
7.20878,0.01068574
7.409618,0.018121233
7.5645804,-0.010392681
7.8794694,-0.043034554
8.039326,-0.02309877
8.23824,-0.034085162
7.8008776,-0.030517012
7.6614227,-0.04093518
7.9580603,-0.02876323
8.293909,-0.025492456
8.103377,-0.034980156
8.1611,-0.009704772
8.553583,-0.018107291
8.901326,-0.0218893
8.9250965,-0.025179133
9.119272,-0.01694987
9.159472,-0.010844
9.018057,-0.00747538
8.714676,-0.026708424
8.299685,-0.013356417
8.306847,-0.010136478
8.6675,-0.00806001
8.837459,0.005090881
8.712061,-0.0066487417
9.128115,-0.0057338476
9.019529,-0.009700283
8.858184,-0.005256597
8.484779,-0.0056642257
8.276987,-0.013287049
7.867711,-0.011559978
7.651854,-0.024014443
7.643814,-0.0038894583
7.3046403,0.0027845707
6.9899774,0.015044948
6.906362,-0.03190354
7.0055156,-0.016880006
7.156459,0.0011216328
6.605896,-0.09275688
5.9272957,-0.091832034
6.1937957,-0.12724075
6.357192,-0.11809771
6.2578173,-0.11854836
5.7571235,-0.08673219
5.375574,-0.090982944
5.4314146,-0.073707804
5.3902864,-0.077180415
5.521383,-0.05360073
5.7001677,-0.042624682
5.140094,-0.03840299
5.5608473,-0.028471686
4.364871,0.039219167
3.9577627,0.10243775
4.0260615,0.13523196
3.9610806,0.07336488
4.5048327,0.0450422
3.9826775,-0.023496494
3.7575326,-0.06775157
3.7906327,0.017848337
3.6644926,0.024324346
3.5242481,0.023553709
3.5257902,-0.01339113
3.1709044,-0.03579778
3.102068,-0.068416014
2.8186939,-0.027955875
2.6619396,-0.028419584
2.281575,0.02970808
2.1613913,0.05139976
2.5420632,0.07013018
2.5984895,0.053720288
2.6854606,0.06451893
2.514361,0.07613954
2.5227895,0.029277101
2.2529747,0.054507133
2.273968,0.061749548
2.047796,0.0470521
2.247404,0.05239898
2.2522924,0.100601725
2.301237,0.06539597
2.2243922,0.031048767
2.4032722,-0.0015014037
2.4869606,-0.00816071
2.4034405,-0.047113657
2.5718794,-0.06018872
2.631475,-0.04097183
2.681363,-0.0015455075
2.3314319,0.0797884
2.1597288,0.13408428
1.8867718,0.20395298
1.7359948,0.23482513
1.5813555,0.2555079
1.6751068,0.2503299
1.6631676,0.289616
1.6510525,0.31694162
1.5734584,0.3360777
1.5167685,0.33335525
1.4194989,0.34794587
1.345406,0.34721428
1.3723273,0.35315293
1.6702774,0.29550755
1.695642,0.26045716
1.7639952,0.25754076
1.6571344,0.2840665
1.6729726,0.32512093
1.6712351,0.37382984
1.6027902,0.37211633
1.7122837,0.40270346
1.8367753,0.34281254
1.8188186,0.32459855
2.005664,0.26502705
1.8762358,0.31149566
2.0474985,0.24623124
2.3203797,0.21278073
2.3598113,0.22139414
2.205835,0.1914236
2.1239755,0.21087344
2.1108437,0.17220296
2.3496351,0.04224281
2.276541,0.00064492226
2.4005365,0.010011271
2.4330876,0.025904752
2.6867223,-0.043098137
2.7377267,-0.04110144
2.945785,-0.062682204
2.9101117,-0.053566463
2.98438,-0.060202874
2.9083412,-0.066087276
2.8636525,-0.0942005
2.9585328,-0.046788745
3.1686096,-0.10591909
3.4446807,-0.14524855
3.3218818,-0.101291135
3.6076198,-0.1062413
3.9879978,-0.08163408
4.635845,-0.1439914
4.8063116,-0.10967566
5.0859346,-0.06754866
5.464536,-0.07137506
5.625643,-0.06773581
5.9754477,-0.06082289
6.06758,-0.06323554
5.9944553,-0.040102437
6.463922,-0.05423083
6.903346,-0.049587145
6.8856716,-0.028546177
6.818177,-0.011527263
6.845125,-0.045967817
7.2411985,-0.056026362
7.6673145,-0.050867222
7.60185,-0.036871552
7.5248246,-0.031074047
7.974001,-0.05145949
8.4154625,-0.036304984
8.178104,-0.039935432
8.287586,-0.029830206
8.219095,-0.044790283
8.490959,-0.054314457
8.899662,-0.051701
9.138813,-0.054144867
9.471734,-0.03515362
9.400136,-0.028369483
9.437275,-0.025308166
9.172649,-0.015709482
9.452183,-0.026103288
9.728706,-0.035599012
9.443876,-0.038142823
9.712541,-0.038844086
9.774496,-0.035146467
9.718063,-0.017994694
9.799322,-0.0004523471
9.841177,-5.2483752e-05
9.768553,-0.027076527
10.153671,-0.033290453
10.182338,-0.0007089544
10.092332,0.011086675
9.95621,-0.025281329
9.971167,-0.010442272
9.671431,-0.0057057366
9.449816,-0.0012715645
9.307928,0.018257426
9.793446,0.011633791
9.753664,0.012967854
9.314148,0.008505637
8.893134,0.015344182
9.161353,-0.02720188
9.197176,-0.016397234
9.371231,-0.01054566
9.446493,-0.02768797
9.165426,-0.008873567
8.728203,-0.0022613537
8.720976,-0.0081067085
8.64781,-0.0012397952
8.504927,-0.013219748
8.217858,-0.020473141
7.865938,-0.040956452
7.472081,-0.06245645
7.1582346,-0.05736749
6.8741727,-0.047481477
6.279991,-0.04207369
5.8782425,-0.03364752
5.641717,-0.06756781
4.9496617,-0.09645795
4.7058744,-0.10802503
3.9876618,-0.14874905
3.8682728,-0.1316318
3.7388852,-0.11709827
3.7070684,-0.18452919
3.4825697,-0.20862861
3.0818138,-0.2643183
3.079331,-0.28225833
3.1198587,-0.28446048
2.9350142,-0.24570562
2.9061875,-0.22592123
2.956004,-0.2786488
2.7333639,-0.30230027
2.8762527,-0.336725
2.799323,-0.32497776
2.7779126,-0.30238944
2.521761,-0.3355384
2.5435166,-0.3122514
2.6336322,-0.33391708
2.7796743,-0.30003005
2.8006723,-0.3012975
2.8329601,-0.3264237
2.871938,-0.3457204
2.6643448,-0.3574214
2.7528777,-0.3795445
2.7615864,-0.37873286
2.841229,-0.40399456
2.9617171,-0.40348387
3.4629474,-0.4506545
3.639663,-0.42610133
3.6841798,-0.33622134
4.219413,-0.34069264
4.8298655,-0.2800206
5.136098,-0.22939892
4.8510885,-0.2690274
5.127482,-0.27984643
5.459598,-0.2437446
5.8010163,-0.20241627
6.3010745,-0.19493543
6.0795593,-0.14778037
6.343245,-0.12512514
6.8123207,-0.14217839
6.9879193,-0.19593257
7.3293257,-0.14386092
7.2725587,-0.10249204
7.5702043,-0.13953084
8.159529,-0.19014353
7.9770303,-0.1708414
8.092226,-0.1400266
7.780312,-0.17873137
8.187061,-0.111945614
8.638712,-0.080007955
8.574819,-0.03741851
8.674688,0.031660996
8.525664,0.01943495
8.719681,-0.005479118
8.191297,-0.065333255
8.470882,-0.040802456
8.4687395,-0.004559152
8.900787,-0.027313419
9.262432,-0.013018917
9.559517,-0.034623843
9.611265,-0.031507622
9.846932,-0.020824734
9.908437,-0.028483804
9.841133,-0.030804858
10.304572,-0.008792834
10.6470995,-0.010137502
10.7451725,0.006699253
10.7020645,-0.008140508
10.784222,-0.012696516
10.787359,-0.022660546
10.871039,-0.02238714
10.818594,-0.023394957
10.891707,-0.019135695
10.9143095,-0.02468428
10.882487,-0.016481485
10.805659,-0.021248832
10.860126,-0.011335779
11.063789,0.004696224
11.087227,0.0009548627
11.1481495,0.011292067
11.101213,0.014134683
11.09034,0.01120416
11.142427,0.0056915134
11.272581,0.012615588
11.233912,0.018035464
11.419035,-0.0013895724
11.499451,0.011074195
11.439014,0.010744546
11.585341,0.010288928
11.449351,0.0048980806
11.433484,0.0073294807
11.536025,0.0022862703
11.626841,-0.0030671414
11.557421,0.014919566
11.482894,0.005498754
11.726469,3.0189753e-05
11.827659,0.018967321
11.556645,0.024676025
11.896902,0.042937342
11.961341,0.053097464
11.995723,0.04657657
11.850819,0.04713857
12.0908165,0.03840675
11.908679,0.025497967
12.002462,0.031935826
12.109796,0.05537823
12.220814,0.074178144
12.035524,0.02612785
12.148069,0.02631875
12.088982,0.03250151
11.925395,0.015712187
11.966797,0.025011975
11.958988,0.02482027
11.827323,0.034174
11.901204,0.03824687
11.919129,0.042346895
11.820636,0.05498363
11.75659,0.026752617
11.67978,0.012866429
11.772443,0.009488207
11.666346,-0.0024433732
11.67685,-0.0070335567
11.684023,-0.028271213
11.645751,-0.046110347
11.450252,-0.036254857
11.392039,-0.015053574
11.4678755,-0.011302665
11.336034,-0.018331867
11.250161,-0.013114437
11.159333,-0.0196612
11.158786,-0.03407475
10.943723,-0.032553155
11.069763,-0.040128496
10.995321,-0.04432524
11.057696,-0.036029294
11.119236,-0.01904238
11.16336,-0.038434267
11.082278,-0.029555991
11.181633,-0.023168411
11.131501,-0.016003765
11.092067,-0.031333555
11.133443,-0.02094768
11.182118,-0.013258174
11.041683,-0.013534803
11.052129,-0.013141271
11.038322,-0.0036463588
11.073234,0.0004441887
11.093864,-0.0018360335
11.150823,0.0024924912
11.271412,-0.008231074
11.494917,-0.0016100537
11.548058,-0.013211384
11.407944,-0.01971896
11.393725,-0.014130659
11.283626,-0.013775542
11.257394,-0.012871675
11.188533,-0.010988839
11.254422,-0.011323273
11.282738,0.0010476932
11.202156,-0.008585978
11.240607,-0.0041603893
11.153408,-0.0020480342
11.157527,0.0035885088
11.11706,0.005509913
11.148837,0.0047875643
11.283545,-0.007178139
11.123259,-0.0046046097
11.098514,-0.011715323
11.197024,-0.017273724
11.206618,-0.01333148
11.37781,-0.023267925
11.420891,-0.02199699
11.337513,-0.016851604
11.513259,-0.027528398
11.386553,-0.021346793
11.2727995,-0.023308005
11.241476,-0.004050467
11.226414,0.002831621
11.293262,0.012538612
11.29645,0.01088647
11.225566,0.009803261
11.167476,0.007729953
11.041493,0.0091457125
11.100865,0.017586563
11.044947,0.011031751
10.9905615,0.0030248016
11.017925,0.0041884556
10.95075,0.011427466
11.019641,0.009237004
11.089276,-0.002126839
11.069075,0.0022456106
11.008365,0.0035195276
10.951851,-0.008401308
11.013927,-0.01680724
11.123839,-0.014657244
11.124267,-0.015689913
11.063108,-0.014095183
11.006571,-0.0138245
10.9197,-0.0073746257
10.835236,-0.0126394
10.7848625,-0.012584738
10.832121,-0.0044443384
10.797928,-0.01327531
10.889987,-0.011361208
11.071695,-0.003435433
11.146017,0.008809485
11.106265,0.018177345
10.887501,0.01930843
10.81996,0.010582026
10.867032,0.013868391
11.127404,0.009829162
11.198028,0.0050183833
10.963047,0.01443925
10.766484,0.015870245
10.61074,0.006214939
10.457321,0.003326429
10.556058,-0.004177116
10.615856,0.00017606653
10.484745,-0.004217971
10.594889,-0.0010651648
10.496061,0.008313772
10.559808,0.01268032
10.684856,0.01647816
10.617171,0.012653507
10.557893,-0.01324629
10.595291,-0.015408345
10.356855,-0.019032389
10.272796,-0.0141825825
10.469535,-0.02331084
10.302992,-0.003922453
10.275814,-0.014904577
10.019303,-0.013569333
10.222578,-0.0051860977
10.165568,-0.004358031
10.260412,-0.0058450084
9.967523,0.0013953559
9.847443,0.0007317886
9.673164,-0.014911834
9.637461,-0.0167865
9.470861,-0.043067887
9.605187,-0.015978672
9.42178,-0.010869745
9.468907,-0.014764421
9.412548,-0.027314909
9.359998,-0.039985806
9.358337,-0.04863675
9.356775,-0.042087473
9.367527,-0.04903035
9.215645,-0.08018363
9.382265,-0.09112873
9.334289,-0.09599504
9.373211,-0.088284984
9.35911,-0.08916577
9.182404,-0.078225076
8.890777,-0.06208598
8.939234,-0.06754537
8.967762,-0.07891027
9.259701,-0.052887008
9.197341,-0.033402316
9.442019,-0.03503765
9.580108,-0.04123944
9.51222,-0.04630948
9.554789,-0.050047413
9.6791115,-0.051407456
9.811253,-0.05914949
9.684732,-0.07026419
9.550881,-0.087223954
9.428936,-0.11872843
9.462713,-0.14994346
9.346336,-0.14674175
9.193234,-0.13518433
9.129053,-0.1358355
9.047921,-0.113260046
9.115248,-0.12179141
8.987404,-0.1190452
8.823183,-0.100016475
9.221594,-0.13705476
9.38677,-0.14676765
9.367441,-0.14418097
9.4969015,-0.18728873
9.489961,-0.18810678
9.372332,-0.22192942
9.474292,-0.23586573
9.366023,-0.2317953
9.483511,-0.28351444
9.213842,-0.2806911
9.353321,-0.20343895
9.424929,-0.1887645
9.553406,-0.16439453
9.642471,-0.11912835
9.698336,-0.14166762
9.857395,-0.17104855
10.053018,-0.14120232
10.140821,-0.09959215
9.858568,-0.09868471
9.655785,-0.08229712
9.932745,-0.09467173
10.0927925,-0.08396177
10.061348,-0.091694675
9.963705,-0.08322212
9.943422,-0.085347064
9.926008,-0.0862877
10.077054,-0.08265608
10.01756,-0.07940903
9.96056,-0.09941764
10.001176,-0.08405176
10.13649,-0.073589645
10.124389,-0.10007807
9.92184,-0.18246908
9.874285,-0.11189917
10.551082,-0.12478231
10.735394,-0.14752536
10.270353,-0.156956
9.914949,-0.07707744
9.829781,-0.077854805
9.843441,-0.08856048
9.784977,-0.070973344
9.4373665,-0.10108789
9.051941,-0.07615964
8.797228,-0.094753176
8.755545,-0.13858347
8.425346,-0.23661475
8.074054,-0.30865788
7.728319,-0.38100153
7.542371,-0.41535938
7.3551702,-0.4409086
7.1691475,-0.47326595
7.127818,-0.47288096
6.8677573,-0.40982747
6.8533883,-0.39462334
6.717405,-0.42517936
6.599161,-0.4360813
6.6349235,-0.45925117
6.4758277,-0.5056502
6.6525035,-0.4609794
6.355934,-0.500327
6.1998897,-0.49488306
6.005887,-0.46978527
6.025219,-0.34803516
6.2130837,-0.30735147
6.5461044,-0.30228704
6.67522,-0.34261632
6.4180756,-0.36367643
6.1554065,-0.31520665
6.350156,-0.2706715
6.558089,-0.20647708
6.5084887,-0.110246226
6.456147,-0.14803626
6.5856133,-0.18483067
6.4283185,-0.16430561
6.350183,-0.15622528
6.354603,-0.077330776
6.493183,-0.028344415
6.627564,-0.018269952
6.6560974,-0.01121974
6.6066184,-0.032539703
6.712836,-0.031435605
6.8307595,-0.030364633
6.664046,-0.03363362
