predicted forward vel,predicted angular vel
2.8742254,0.035597213
2.7373984,0.045723733
2.6602135,0.04629028
2.6920025,0.042356346
2.876195,0.08021695
2.5628438,0.13814916
2.8083463,0.13514283
3.0116866,0.16883674
3.0160022,0.1952461
3.091446,0.22437541
3.243235,0.25498956
3.540526,0.18889204
3.5572846,0.16677818
3.9072661,0.1313863
3.8306499,0.0763787
4.037877,0.03441415
4.385546,0.010119488
4.59521,-0.00792497
4.615441,-0.0109370835
5.047579,-0.024914723
4.7316732,-0.004593376
4.996228,-0.015402563
5.0002403,-0.008441944
4.946263,0.010773169
4.95882,-0.003970608
5.9238005,0.060081046
6.018817,0.048491545
5.6207886,0.032773722
5.578375,0.02794276
5.8520784,0.027512742
6.0124836,0.030658353
6.0705385,0.02796636
6.1400394,0.029000157
6.4077425,0.026742918
6.3920317,0.024608128
6.5456944,0.020332547
6.6685114,0.023841903
6.8036423,0.045226984
6.9696665,0.06199724
7.1257143,0.06935476
7.144065,0.10317561
7.1885223,0.121132
7.132407,0.13431513
7.187026,0.13301395
7.6394825,0.14219753
7.616809,0.15088366
7.7854223,0.142347
7.8713665,0.13411887
7.774911,0.13826782
7.9332438,0.12605236
8.073179,0.12005828
8.337111,0.08469358
8.464398,0.076920435
8.514401,0.06772435
8.590649,0.0734542
8.666262,0.06004421
9.029443,0.023317544
8.890794,0.0054693744
9.111464,-0.0013392363
9.807841,-0.0008467883
9.610958,0.0054113865
9.843332,0.007534517
9.657473,0.022100512
9.898042,0.01600369
10.052431,0.016038116
10.101778,0.0289346
10.087523,0.03620929
10.021225,0.0451205
10.115643,0.053370014
10.159989,0.05997856
10.16861,0.040819947
10.289239,0.027413819
10.374117,0.038732454
10.376909,0.0392972
10.396759,0.040672578
10.434746,0.053496018
10.438391,0.06577478
10.34136,0.055886596
10.268604,0.037807427
10.374276,0.046977207
10.28699,0.051749587
10.334316,0.05180137
10.230091,0.04210112
10.276383,0.033453368
10.3390255,0.03817799
10.337717,0.035531413
10.350042,0.050173074
10.327262,0.048473924
10.365424,0.055475567
10.293982,0.0660231
10.2788315,0.07526754
10.307314,0.06682113
10.469622,0.0630555
10.70355,0.046308175
10.705075,0.04101731
10.679179,0.0339016
10.72459,0.04028553
10.90606,0.015458558
11.058146,0.023198271
10.95532,0.075039834
10.922562,0.051547512
10.948744,0.11029175
10.946726,0.11960189
10.914146,0.10111101
10.980823,0.1257453
10.987426,0.12151483
10.979749,0.10557513
11.085884,0.11365315
11.0721445,0.11026445
11.13923,0.11337344
11.29051,0.11509298
11.474888,0.10460895
11.642742,0.11701663
11.706049,0.13046472
11.777485,0.12087868
11.871694,0.12693296
11.955153,0.123193085
11.9128,0.125729
11.726349,0.10780518
11.81564,0.07999866
11.981741,0.072353944
11.9794655,0.043499395
11.876603,0.028971862
11.8044815,0.04021709
11.922589,0.041803967
12.082802,0.028318575
12.10745,0.029724875
12.2685995,0.016538255
12.2480955,-0.0016245302
12.3849,-0.007904928
12.318325,-0.019498866
12.31484,-0.025222715
12.209138,-0.024755005
12.234185,-0.03018606
12.444079,-0.025534559
12.174294,-0.026820581
12.195406,-0.022461224
12.337629,-0.018537384
12.186525,0.012915462
12.275974,0.009936336
12.220814,0.005414324
12.066317,-0.0051008053
11.952018,-0.02435426
11.985532,-0.012938693
11.79536,-0.027658127
11.820503,-0.035847064
11.849559,-0.041294884
11.720225,-0.04979283
11.268345,-0.07017656
11.409875,-0.10398154
11.413025,-0.09050995
11.07052,-0.07480469
11.075793,-0.07026774
11.090814,-0.07833648
11.147572,-0.076923296
11.127875,-0.084286824
11.03087,-0.080904424
10.830587,-0.0778839
10.696016,-0.078399315
10.788289,-0.078488395
10.921708,-0.0755644
10.837059,-0.07340784
10.952389,-0.06870924
11.019604,-0.063826144
10.93909,-0.04487713
10.699872,-0.043383945
10.646597,-0.036883745
10.663061,-0.020337347
10.633449,-0.011436939
10.563878,0.002621118
10.488517,0.008993357
10.363567,0.008035732
10.021804,0.0077564344
10.038422,0.0069950502
10.006265,0.0013344102
9.795753,-0.009399734
9.796537,-0.006326895
9.766421,-0.0017134324
9.808756,-0.0051947087
9.28307,-0.012177233
9.074106,-0.020381685
8.858358,-0.029894378
8.883146,-0.037959617
8.893115,-0.03737304
8.809631,-0.03693931
8.89742,-0.033309124
8.80033,-0.032200526
8.659205,-0.030129503
8.548323,-0.0288466
8.466462,-0.02519714
8.50839,-0.024675217
8.488651,-0.028916169
8.299017,-0.025596853
8.383578,-0.033935357
8.369129,-0.029211052
8.183111,-0.008809272
8.198622,-0.01241409
8.244391,-0.0133936815
8.154591,-0.0371696
8.102369,-0.0688232
8.031443,-0.08192885
8.081668,-0.08768988
8.125612,-0.09730689
8.072474,-0.087052226
8.188053,-0.11119613
8.451235,-0.0672221
8.423206,-0.08410394
8.648554,-0.029130336
8.733317,-0.022521887
8.69648,-0.015047733
8.758771,-0.049107548
8.720107,-0.08271621
8.898751,-0.12126601
9.128206,-0.13286343
9.2536545,-0.09394851
9.369761,-0.097062424
9.546822,-0.085684404
9.6363325,-0.11870311
9.728869,-0.1365015
9.951281,-0.15474306
10.153234,-0.16900618
10.255874,-0.15136199
10.481767,-0.18667151
10.456681,-0.19303973
10.485907,-0.22382145
10.461422,-0.25062034
10.716921,-0.25262454
10.97614,-0.19317065
11.268772,-0.17940572
11.375057,-0.15293635
11.303194,-0.13762358
11.445435,-0.1667916
11.57923,-0.13433582
11.743999,-0.13843288
11.752908,-0.16640799
11.784226,-0.1724739
11.914697,-0.19834985
12.102561,-0.20323905
12.233761,-0.22942774
12.366212,-0.23532318
12.445836,-0.21146719
12.496547,-0.24018459
12.53649,-0.23677678
12.699775,-0.2238176
12.855403,-0.20947908
12.923729,-0.15121274
13.111318,-0.14736451
13.165082,-0.1517929
13.243388,-0.22769795
13.295488,-0.25106356
13.142431,-0.15862796
13.348734,-0.19124267
13.504848,-0.20637135
13.536072,-0.22092727
13.782438,-0.23253293
13.723794,-0.24494927
13.840894,-0.26426262
13.896692,-0.2314836
13.941204,-0.22563992
14.062418,-0.21210104
14.279843,-0.2295688
14.418085,-0.23973699
14.43087,-0.2481422
14.612329,-0.21623701
14.566679,-0.24393289
14.570145,-0.2500682
14.704458,-0.21823445
14.698154,-0.20725746
14.5637,-0.21199004
14.696409,-0.2268232
14.608344,-0.2631715
14.475732,-0.2475944
14.68826,-0.2964882
14.76408,-0.30101734
14.728685,-0.28031862
14.619745,-0.27757576
14.61,-0.26868656
14.590902,-0.2661242
14.712193,-0.283508
14.7184105,-0.27181816
14.635354,-0.2260371
14.637706,-0.2463636
14.437652,-0.20128988
14.336135,-0.26131552
14.089124,-0.2678987
14.109508,-0.30545732
14.008591,-0.25071365
13.935767,-0.2463504
13.491626,-0.23712595
13.331094,-0.22878046
13.265442,-0.23072396
13.224399,-0.20035364
13.082027,-0.17935264
12.992621,-0.20564426
12.861783,-0.2406808
12.750384,-0.24217455
12.774366,-0.2071178
12.819208,-0.15070733
12.761766,-0.19746222
12.523492,-0.16209936
12.431733,-0.12385124
12.348673,-0.08871946
12.36696,-0.101925895
12.241304,-0.084988
12.170297,-0.05866724
11.857725,-0.07057609
11.618625,-0.1286353
11.343279,-0.062337298
11.180397,-0.000824878
11.249585,-0.00397883
10.962177,-0.019476887
10.765987,-0.0064089634
10.641525,-0.008697882
10.55039,-0.008570287
10.423972,-0.011227008
10.348087,-0.013471261
10.325778,-0.016248293
10.548143,-0.0036274455
10.4721985,0.001996968
10.328401,0.0027678944
10.251569,0.00283733
9.903078,0.011252172
9.78441,0.03170918
9.761621,0.022643298
9.704835,0.0017842464
9.742933,0.0016704984
9.756356,0.059206486
9.713619,0.07154252
9.7804985,0.06105035
9.8663,0.050180607
9.391717,0.0763467
9.3884115,0.07124981
9.293347,0.076902166
9.246369,0.06726989
9.250441,0.09295416
9.306603,0.06565864
9.4400215,0.0412974
9.427875,0.04311484
9.462449,0.04109799
9.325519,0.038254246
9.446565,0.028448902
9.403924,0.029869916
9.321972,0.03472014
9.309857,0.035193805
9.262953,0.036719747
9.055735,0.046673235
9.031213,0.043992512
8.96442,0.060501173
9.015417,0.044960037
9.247838,0.04427451
9.255323,0.03051213
9.219566,0.026272649
9.209453,0.03388937
9.262695,0.026219245
9.26127,0.017311618
9.35543,0.012173897
9.460065,0.01825717
9.547972,0.01892494
9.685886,0.0158065
9.695607,0.025285797
9.66501,0.024199769
9.657086,0.006767692
9.610473,0.04600777
9.550539,0.055916943
9.3384075,0.10125695
9.500733,0.08557533
9.386466,0.0886449
9.373166,0.09274404
9.5897045,0.115902975
9.513869,0.104328334
9.48302,0.105287015
9.340248,0.082254246
9.05422,0.12528744
9.177658,0.075672954
9.214722,0.020934895
9.226719,0.008057756
9.415723,0.009545967
9.482525,0.011262864
9.318626,0.017795853
9.421011,0.015045511
9.637728,0.020709854
9.617497,0.016932845
9.536512,0.008456409
9.39847,0.0032306314
9.310868,-2.672337e-05
9.313144,0.004128903
9.393239,0.009868436
9.319464,0.01564754
9.331387,0.01588508
9.136184,0.029546415
9.090964,0.035040997
9.076481,0.084174246
9.035799,0.09184787
8.940494,0.06162185
8.796528,0.040513545
8.76541,0.03220041
9.0639,0.0388518
9.206024,0.005158011
9.355645,-0.00064715
9.245213,-0.0042610243
9.247637,-0.0038849115
9.374146,0.0028458461
9.477899,0.0084862895
9.459106,0.008847676
9.536835,0.0104425065
9.507246,0.016973015
9.317664,0.018138837
9.425833,0.027417887
9.525241,0.034314394
9.394638,0.034643263
9.404534,0.025884863
9.476662,0.023198998
9.517465,0.019355174
9.469423,0.018211639
9.566448,0.015310894
9.439485,0.012734586
9.414339,0.009534072
9.671668,0.005280465
9.684315,0.0051336214
9.596461,0.0006935727
9.600344,-0.00095417164
9.434598,0.0025125071
9.4695015,0.0015071481
9.556325,0.0024953168
9.398783,0.0038119853
9.409778,-0.0015437789
9.201795,0.033098355
9.359105,-0.008993916
9.357264,0.0035531037
9.33446,0.004857309
9.477408,0.006660614
9.512683,0.0079634525
9.641285,0.04158058
9.592612,0.053267658
9.665046,0.053825177
9.561957,0.10508864
9.626605,0.096616685
9.543063,0.039552327
9.612608,0.027542174
9.844822,0.040517237
10.001719,0.03592458
9.950166,0.058615133
9.944896,0.023754064
9.857444,0.02242871
10.095523,0.008389447
10.240232,0.00888323
10.34488,0.0029253252
10.417544,0.007167032
10.366282,0.0148895355
9.931559,0.04681237
9.889933,0.022504447
10.155733,0.024238
10.391747,0.015930697
10.475695,0.015580638
10.538247,0.014317587
10.481698,0.022587905
10.6795435,0.01815852
10.6765785,0.021344442
10.73702,0.020135388
10.675328,0.023311276
10.593905,0.032505594
10.641471,0.02680384
10.722391,0.02365696
10.933682,0.024486229
10.89749,0.014536348
10.853383,-0.004610803
10.878963,-0.003113199
10.728854,0.0004972443
10.951939,-0.0074079745
10.995783,-0.005575467
11.081242,-0.0060837604
11.074216,0.0020216797
11.221154,0.0047902577
11.315911,0.017420823
11.220903,0.01826717
11.052435,0.04742641
11.096047,0.01955403
10.950394,0.034650847
10.887258,0.04455555
10.935888,0.038079847
11.03503,0.019597515
10.918069,0.023911271
10.765958,0.044384636
10.729707,0.06662886
10.855343,0.012998436
10.968136,0.02411501
10.82457,0.022104762
10.804337,0.022411633
10.784753,0.012246203
10.76909,0.010469738
10.612455,0.020177977
10.5193615,0.028982317
10.536056,0.038213864
10.35665,0.03202253
10.599851,0.016907165
10.573082,0.009763174
10.485061,0.016827922
10.286907,0.016355855
10.361645,0.021886546
10.518984,0.025198765
10.504756,0.02391456
10.538895,0.020665431
10.338907,0.011278082
10.279103,0.0023833998
10.220828,-0.00019690022
10.084647,-0.0018022768
10.130903,-0.010225702
10.047497,-0.01956863
9.935186,-0.009703498
9.917121,-0.006133437
9.699449,-0.0046712793
9.560098,-0.008311693
9.433874,-0.0062447824
9.214527,0.0005362723
9.296927,0.0018300153
9.14208,0.007985424
8.76517,0.022324543
8.628483,0.039117217
8.656291,0.06539151
8.892234,0.114045426
9.060245,0.13682549
8.940483,0.09991208
9.129147,0.08907963
9.064469,0.14137657
8.844775,0.15830131
8.809968,0.060899887
8.994663,0.06879996
8.980286,0.0062455945
8.905099,0.036457967
9.01653,0.07955031
8.844169,0.08063533
8.897416,0.07634946
8.858913,0.08556093
9.038259,0.032342926
9.413255,0.017698966
9.515286,0.019670926
9.425324,0.018172301
9.192232,0.01617742
9.205642,0.014906341
9.360599,0.012444358
9.458086,0.015777119
9.46807,0.009599796
9.746099,0.013781529
9.914086,0.009813698
10.0509615,0.0070005134
10.199943,0.0071837604
10.276068,0.0028999336
10.4017935,-0.0049637593
10.605298,-0.0059976466
10.649015,-0.012151826
10.717106,-0.00900057
10.741468,-0.013425536
10.83128,-0.011782851
10.721481,-0.007873807
10.793133,-0.004369829
10.702829,0.00576498
10.677381,0.009284325
10.755148,0.013023242
10.568662,0.01535538
10.629072,0.00683414
10.990358,-0.008282859
11.118642,-0.0090521015
11.079703,-0.009039972
11.048685,-0.014661171
10.993037,-0.0054653995
10.781328,-0.006329071
10.592383,-0.0012024269
10.488082,-0.00023697689
10.462349,-0.0034339204
10.583487,0.0012380835
10.604668,0.0018706862
10.350604,0.001309406
10.497113,-0.0021897685
10.747478,-0.0012773275
10.907276,-0.006390363
10.886422,-0.0013713539
10.83277,-0.0010723528
10.821195,0.0008389354
10.816382,-0.039953854
10.685766,0.009978026
10.691716,0.015314344
10.524208,0.012230277
10.771179,0.006439291
10.804132,7.572584e-05
10.789554,-0.0046596415
10.730541,0.0016453024
10.943121,-0.0025856104
11.0841,-0.0049566887
11.022149,-0.023562063
11.0110445,-0.011102136
10.9896145,-0.010089416
11.058252,-0.012468349
10.94713,-0.010285813
10.897326,-0.018570516
10.908858,-0.013523247
10.596947,-0.01794672
10.535454,-0.019350499
10.549134,-0.020192176
10.5492325,-0.01564512
10.418161,-0.013660368
10.3761425,-0.011311732
10.281431,-0.0075364597
10.257641,-0.0061814263
10.170426,-0.0042075925
10.145862,-0.007969696
10.169654,-0.013207063
10.052884,-0.013910253
10.019466,-0.005488511
9.949263,-0.00494371
10.093481,-1.3131648e-05
10.174855,-0.011684582
10.064403,-0.018168513
9.840684,-0.016441688
9.618389,-0.01491132
9.695692,-0.0127152875
9.6012335,-0.017089527
9.693338,-0.038259123
9.452317,-0.07143003
9.53356,-0.0842648
9.4850235,-0.0764903
9.714659,-0.0746091
9.371611,-0.07228546
9.330073,-0.060965892
9.434776,-0.037323173
9.571223,-0.013662178
9.359984,-0.023394052
9.251339,-0.013332896
9.177665,-0.010041315
9.218353,-0.005919099
9.129192,-0.0072678663
8.939416,-0.009868506
8.757682,-0.010626096
8.723967,-0.009898569
8.67118,-0.010685269
8.337959,-0.015126023
8.389095,-0.019362714
8.256446,-0.02313422
8.241956,-0.017253991
8.205237,-0.015065841
8.195134,-0.013379015
8.201262,-0.016816266
7.914996,-0.014908213
8.039897,-0.0033746548
7.528838,0.0026050638
7.5328455,0.0026091859
7.3585215,0.005498629
7.443472,-0.0097527765
7.46599,-0.0056021176
7.3298016,-0.0030482877
7.2557735,-0.000111009926
7.1735697,-0.01358043
7.266471,-0.02219284
7.526472,-0.046181347
7.5075474,-0.10223664
7.4558487,-0.09999819
7.5010023,-0.11294034
7.454671,-0.15515287
7.5035524,-0.2015616
7.5603485,-0.1848416
7.4286413,-0.21343732
7.647831,-0.20033227
7.4980783,-0.20912522
7.5420313,-0.2097535
7.689975,-0.30141255
7.651041,-0.2594981
7.7725544,-0.2423533
7.7934904,-0.22033247
8.09172,-0.22189598
8.016365,-0.24336638
7.9795227,-0.22055624
8.084323,-0.20966636
8.180573,-0.25882402
8.1626215,-0.2493353
8.201583,-0.2453766
8.270743,-0.24194838
8.251868,-0.22357897
8.239836,-0.22221158
8.235735,-0.19740953
8.229176,-0.20722358
8.145278,-0.20556536
8.399445,-0.21568513
8.451525,-0.21069786
8.590748,-0.23429884
8.642951,-0.24681698
8.589492,-0.25266597
8.6826105,-0.25001585
8.751711,-0.20914687
8.872132,-0.21366908
8.880985,-0.16323954
8.918916,-0.19397677
8.847973,-0.17346251
8.595316,-0.23107938
8.370784,-0.24289556
8.425164,-0.25366655
8.407183,-0.24704795
8.485749,-0.27293375
8.5664015,-0.2725546
8.514192,-0.21900049
8.510145,-0.21218733
8.490032,-0.2560884
8.758915,-0.24955036
8.565549,-0.23192279
8.603521,-0.19272237
8.653951,-0.1833012
8.423704,-0.27425328
8.399354,-0.26101533
8.59888,-0.23052685
8.654424,-0.2604227
8.690499,-0.2886317
8.765919,-0.352191
8.735764,-0.3864249
8.585719,-0.3364293
8.868554,-0.33286938
9.06038,-0.3070307
9.110226,-0.29745907
9.0309925,-0.23432474
9.3242855,-0.21325351
9.476765,-0.18865988
9.4928665,-0.17417948
9.673993,-0.21280882
9.465852,-0.24464612
9.654181,-0.23775731
9.599902,-0.23569913
9.575667,-0.23098426
9.796525,-0.25453737
9.674362,-0.3085967
9.797788,-0.29301673
9.805226,-0.29312074
9.974659,-0.24595664
10.01835,-0.19706196
10.01239,-0.18819568
10.031228,-0.18444294
9.980684,-0.2017879
9.94897,-0.2051533
10.20188,-0.17351872
10.1391325,-0.16775493
10.422755,-0.15784223
10.227056,-0.20461248
10.62247,-0.19303249
10.707537,-0.25841835
10.589894,-0.30504867
10.875684,-0.31243762
10.910597,-0.27053285
10.991604,-0.26753893
10.984949,-0.28993282
11.068301,-0.27725863
10.939637,-0.27383757
10.789095,-0.263253
10.878946,-0.14851147
10.939605,-0.12728634
11.089071,-0.025307987
11.399415,0.011772715
11.544122,0.014589643
11.254877,0.03142201
11.123581,0.049718685
11.376642,0.03774041
11.496592,0.0351291
11.479227,0.026924266
11.573243,0.020207059
11.578438,0.026684629
11.220828,0.016569747
11.732065,0.019957813
11.232551,0.012773834
11.5165,0.009774877
11.5655,0.008103251
11.861387,-0.005011156
11.890562,0.0014218912
12.098856,0.0066232104
12.155966,-0.0019911025
11.987419,-0.010046732
12.277847,-0.017377276
12.260119,-0.02692796
12.603183,-0.031899396
12.834375,-0.029499196
12.595392,-0.025970627
12.549804,-0.022156995
12.643703,-0.031498954
12.706743,-0.03401633
13.014644,-0.039992105
13.038907,-0.03460368
13.044955,-0.041904386
13.110153,-0.045344625
13.039745,-0.048212174
13.071364,-0.046784814
13.511746,-0.03973173
13.4573,-0.031035852
13.415739,-0.02237679
13.551794,-0.028204244
13.467026,-0.03764825
13.822227,-0.03762489
13.913594,-0.029199623
13.804801,-0.0274974
13.593073,-0.01861677
13.587321,-0.0059165023
13.583044,-0.011790361
13.683332,-0.017359175
13.652162,-0.021866608
13.539372,-0.022533253
13.621628,-0.009412583
13.511299,-0.0141871385
13.376131,-0.008889962
13.250552,-0.017959353
13.463431,-0.021314096
13.378928,-0.010058712
13.67982,-0.015978955
13.759007,-0.010167688
13.725598,-0.007186774
13.61161,-0.0077376515
13.45469,-0.006826129
13.725332,-0.017888758
13.685802,-0.02631833
13.92285,-0.016798705
13.712615,-0.010518126
13.62707,-0.0044295453
13.428446,9.425543e-05
13.372247,0.0023103207
13.572965,0.016948603
13.5750675,-0.0066472776
13.231959,-0.0031778328
13.291529,-0.0047621615
13.289856,-0.009125564
13.264167,0.05454475
13.1310215,0.015910724
13.218278,0.012472514
13.127226,0.010198083
13.19199,0.00075840764
13.110276,0.0022651162
13.037206,0.0014650542
13.151663,0.00049082004
12.864376,0.0005474966
12.738537,0.0035267286
12.642607,0.0052601304
12.624809,0.011409778
12.376616,0.004912218
12.277268,-0.003054008
12.1077385,-0.003811989
12.131655,-0.0061196983
11.651277,0.0035991222
11.693249,0.006011242
11.294633,0.012427475
10.941357,0.028937694
10.937622,0.12785298
10.76288,0.19002582
10.442378,0.23018348
10.374544,0.19897631
10.044937,0.21136634
10.087834,0.22985332
10.164965,0.27295524
10.142721,0.32873443
10.035745,0.32798532
9.903466,0.3155475
10.053821,0.33405396
10.014531,0.34760353
10.322161,0.3042576
9.796726,0.3523737
9.954567,0.31263402
9.848016,0.29691005
9.923211,0.2323571
9.421434,0.18100409
9.616405,0.1525643
9.484795,0.18535568
9.495718,0.20229624
9.407027,0.25262624
9.535887,0.2817198
9.440295,0.30877087
9.596363,0.31168592
9.847004,0.27021345
10.081943,0.26708695
10.133458,0.25364095
10.173466,0.22122066
10.417789,0.20128211
10.416179,0.20551363
10.415909,0.19175024
10.3487835,0.15601781
10.381191,0.14816171
10.53824,0.108091265
10.694492,0.10976216
10.722245,0.12570597
10.798823,0.086406186
10.72488,0.10080287
10.761592,0.12864545
10.928362,0.029190186
11.069583,0.019389633
10.836784,0.051413346
11.055624,0.100580916
11.432358,0.08728227
11.457683,0.11488955
11.435731,0.08020814
11.518972,0.017402798
11.627116,-0.02348435
11.740204,0.0040064584
11.674086,-0.008752916
11.595664,-0.004485242
11.478004,-0.0009539705
11.597892,-0.003451176
11.6773815,0.0030453373
11.567483,-0.0025865398
11.505444,-0.010325834
11.213845,-0.0043420754
11.3778925,0.02738701
11.46959,0.01488725
11.509518,0.020579686
11.5725565,0.01901369
11.545287,0.020148024
11.396342,0.028320048
11.242539,0.032081224
11.007204,0.005129162
10.880892,0.03900218
11.064031,0.017826978
10.510979,-0.007487811
10.668323,0.002661625
10.602352,-0.0018544272
10.315503,0.0011288524
10.396739,0.014238618
10.44192,0.031383887
10.365527,0.013759918
9.880082,-0.030655049
9.609798,-0.014811344
9.508947,-0.035477664
9.54618,-0.056575593
9.260114,-0.06948538
9.09631,-0.047460612
9.131904,-0.06705214
9.002353,-0.05056129
8.98386,-0.013869308
8.599176,-0.0971504
8.342617,-0.15967403
8.254792,-0.19465066
8.038889,-0.20275623
7.9102764,-0.16079786
7.54292,-0.046803627
7.116886,-0.009594936
7.2889004,-0.07847951
7.6111183,-0.13336684
7.3850985,-0.12545678
7.318362,-0.17236522
6.991481,-0.2094704
7.058071,-0.30739185
7.1789894,-0.33411554
7.008956,-0.30417234
7.4736814,-0.33595031
7.331231,-0.47388193
7.059901,-0.41342273
7.005625,-0.33115685
7.1442823,-0.37219092
6.9404545,-0.34519008
7.2045193,-0.38184413
7.1456556,-0.20393306
7.0546722,-0.21231343
7.2992086,-0.20999187
7.3487635,-0.17231221
7.51542,-0.21813169
7.6440477,-0.23625045
7.133498,-0.21190116
7.156537,-0.18948525
6.9774656,-0.22721227
7.0031033,-0.25982967
7.351777,-0.254893
7.2791386,-0.23823373
7.477846,-0.27895996
7.3872747,-0.2949979
7.40378,-0.3267292
7.407564,-0.26768345
7.6910343,-0.29678994
7.1341457,-0.3644037
6.856311,-0.31913114
6.8385277,-0.1544692
6.7978067,-0.22922046
6.8818636,-0.2637713
7.0909767,-0.2501776
6.794878,-0.29839957
6.820896,-0.24743761
6.939378,-0.22617169
6.570508,-0.18861488
6.7799625,-0.20209911
7.0291605,-0.20796625
7.1732597,-0.25040546
7.172537,-0.22481088
6.9976215,-0.2905469
6.9970665,-0.24177007
6.9161367,-0.208683
7.0487576,-0.21829158
6.5700235,-0.23125951
6.5356817,-0.2776671
6.554558,-0.25909266
6.9298573,-0.25182405
7.214967,-0.23129041
7.200021,-0.18104966
7.3738117,-0.24537061
7.2845564,-0.29522315
7.4876013,-0.281904
7.4013844,-0.31277308
7.39758,-0.2818198
7.375823,-0.25614488
7.3551483,-0.28922412
7.474703,-0.27525914
7.606435,-0.2897056
7.6311026,-0.2728257
7.667263,-0.2897888
7.7206383,-0.26753408
7.9150257,-0.15050773
8.14544,-0.071595356
8.046685,-0.047021013
8.017648,-0.027359523
8.279777,-0.031562425
8.436505,-0.055373456
8.482834,-0.03145292
8.4574995,-0.061323564
8.538606,-0.046685938
8.828135,-0.05634925
8.898219,-0.027102578
9.156699,-0.02216741
9.162188,-0.027019631
9.3197155,-0.03478248
9.305887,-0.038889516
9.311488,-0.054346073
9.387519,-0.04611822
9.442467,-0.04832084
9.152982,-0.080376014
9.493117,-0.06481145
9.686379,-0.045264516
9.850275,-0.026220616
9.833721,-0.014287066
9.759158,-0.0134954415
9.864289,-0.011268623
9.926377,-0.024959888
9.907791,-0.0070414916
9.996016,-0.016975664
10.105338,-0.0005462691
10.018459,0.0063946303
9.89358,0.0031403434
9.945637,0.012018818
9.713276,0.01366405
9.706492,0.025611378
9.699725,0.03042449
9.693706,0.019859651
9.748904,0.012606979
9.790983,0.0046779644
9.833793,-0.001065841
9.749954,0.0110869035
9.661419,0.011127617
9.755922,0.022827748
9.806203,0.012940863
9.809187,0.009137541
9.938704,0.011106618
9.859749,0.0120483115
9.744723,0.0125741055
9.658146,0.01626892
9.589031,0.013345066
9.578248,0.011345271
9.732605,0.0048779603
9.6554,-0.0038818903
9.714354,-0.010893974
9.88551,-0.019647244
9.959462,-0.018993732
9.765382,-0.018287651
9.479843,-0.0144885
9.803213,-0.02150977
9.888026,0.007896863
9.766182,0.02429002
9.859431,0.060400367
9.777318,0.043452326
9.634092,0.028237926
9.60163,0.025475502
9.885011,0.0048478134
9.810134,0.012184139
9.954474,0.0112541765
10.124837,0.0032581203
10.185261,0.0034587812
9.812504,0.022700783
9.857292,0.024004523
9.849151,0.023845447
9.854237,0.017929174
9.871693,0.020730844
9.859609,0.012731956
9.528765,0.008540107
9.735261,0.021136347
9.880398,0.023378804
9.714288,0.02221248
9.886292,0.0123487115
9.961439,0.01562679
9.619217,0.027011493
9.421544,0.02939245
9.302503,0.036685985
9.271795,0.019522524
9.085786,0.0350207
8.761387,0.024489034
8.718282,0.024636745
8.676106,0.014831187
8.58738,0.013082119
8.317343,0.024777353
8.397407,0.024996446
7.98098,0.03786581
7.3453026,0.04487579
7.1817884,0.0669281
6.8095226,0.037947416
6.6985283,0.030909961
6.7974167,0.014260398
6.8000927,-0.0042743795
6.649705,-0.0014509056
6.6053677,-0.07389921
6.640087,-0.08318348
6.3340664,-0.13342346
6.552763,-0.16972293
6.702655,-0.2076044
6.6905622,-0.23712777
6.5499,-0.26199636
6.5651464,-0.14051332
6.8258963,-0.216568
6.8023205,-0.066570476
6.768156,-0.083231956
6.6313353,-0.04517744
6.3673944,-0.037280317
5.9376907,0.035857085
6.232766,-0.10646717
6.3568525,-0.15659577
6.2557316,-0.14614359
6.3661957,-0.27857682
6.493765,-0.34562767
6.6305914,-0.32077724
6.404682,-0.35719657
6.509534,-0.29951775
6.413557,-0.30541515
6.2511215,-0.2689382
6.772229,-0.24173276
6.6051655,-0.23166116
6.606947,-0.2310995
7.3910084,-0.220163
7.4536695,-0.218747
7.51892,-0.23216806
7.55147,-0.19068831
7.1787624,-0.1796763
7.5992765,-0.13350184
7.9489164,-0.072263345
8.274962,-0.060916852
8.3631935,-0.049862605
8.398125,-0.021446813
8.300775,-0.010757331
8.825959,0.00065252185
8.982435,-0.008532118
8.943387,-0.017837469
8.916846,-0.01667178
9.041166,-0.019181047
9.432773,-0.016426887
9.661574,-0.021998294
9.5549,-0.031877417
9.753003,-0.020710576
9.816509,-0.025916826
9.763984,-0.01959866
10.038854,-0.018823404
10.019699,-0.011756498
10.071546,-0.009580057
10.08556,-0.010271411
10.054246,-0.0038904734
10.2215185,-0.006737046
10.31324,0.007870808
10.276864,0.00028793514
10.26352,0.015894815
10.254922,0.016420677
10.484859,0.042015456
10.515625,0.08925008
10.633561,0.09193578
10.654654,0.11616762
10.5878105,0.04360301
10.5350685,0.041132625
10.737411,0.054858398
10.342122,0.079407215
10.494659,0.08665332
10.544141,0.08618303
10.629456,0.09429182
10.657917,0.10440199
10.540018,0.10952848
10.421256,0.11205618
10.311818,0.11015336
10.146895,0.11123471
10.201606,0.08776711
10.363865,0.07434282
10.472048,0.07294907
10.797914,0.05268298
10.693646,0.041515797
11.180418,0.01760189
11.0313425,0.013660319
10.9092865,0.0069252737
10.804441,0.009606615
10.420341,0.020051155
10.862141,0.024360761
11.331131,0.033879258
11.430468,0.013472145
10.949837,0.017783422
11.913652,-0.01824158
11.642289,-0.015426759
11.67131,-0.03299172
11.585998,-0.029469457
11.5175,-0.04036809
11.631589,-0.026050203
11.767191,-0.021347504
11.69192,-0.02764256
11.738152,-0.025286999
11.68596,-0.01969001
11.966326,-0.040830743
12.139243,-0.03848977
11.957225,-0.04139283
12.065325,-0.040919047
12.2736025,-0.05026107
12.489631,-0.04488905
12.579548,-0.045340937
12.5483465,-0.050297584
12.589421,-0.040615376
12.517698,-0.017239574
12.715179,-0.026702266
12.695399,-0.019995805
12.481967,-0.007672768
13.005844,-0.027821321
13.077532,-0.028092641
13.041297,-0.012208041
12.61227,-0.00564453
12.489196,-0.025075909
12.758864,-0.028842222
12.8997135,-0.030083701
12.874348,-0.015583463
12.66239,-0.01208796
12.747273,-0.0039017126
12.733463,0.0017635673
12.84527,0.0038002878
12.799002,-0.008550037
12.938632,-0.012869433
13.105825,-0.0048156157
12.935144,0.042849302
13.108928,0.05861389
13.2239685,0.051761217
13.232297,0.0476671
13.087045,0.026714712
13.002708,0.034005668
13.231962,0.027648907
13.21331,0.021799134
13.182276,0.018605694
13.313831,0.009848619
13.351734,0.007460151
13.322345,0.007357128
13.260975,0.011342429
13.157667,-0.012093019
13.359174,0.010830129
13.649138,0.022656761
13.47263,0.051348668
13.653371,0.03660416
13.621364,0.040043004
13.559281,0.024241358
13.618699,0.027454058
13.748341,0.0020159185
13.609675,0.02197607
13.633929,0.0012263712
13.675656,-0.015734825
13.745884,-0.013094429
13.7395525,-0.016523916
13.822235,-0.01097263
13.824553,-0.0056621246
13.615654,-0.0039073117
13.6157465,-0.013123471
13.911819,-0.024911925
14.046568,-0.02794338
14.110305,-0.028619017
14.171197,-0.027112879
14.024156,-0.023129165
13.98402,-0.02379794
14.010931,-0.023683202
14.092671,-0.0165135
14.455445,-0.009380426
14.3964405,-0.004126642
14.342232,0.0022373572
14.226345,0.008919001
14.303708,0.010133814
14.377714,0.010759082
14.388416,0.010971986
14.310294,0.020516999
14.224425,0.02585942
14.182272,0.028596882
14.408373,0.0207361
14.318496,0.03253135
14.39119,0.016763132
14.360955,0.015908133
14.183165,-0.016165368
14.105215,-0.008594554
14.271015,-0.021698784
14.284537,-0.024577752
14.030125,-0.034719285
14.219093,-0.020355862
14.163097,0.0074525513
14.243263,-0.008576993
14.27351,-0.030603524
14.211045,-0.03354329
14.503629,-0.027805667
14.387592,-0.027647503
14.461619,-0.018423364
14.354892,0.0139961885
14.243364,0.013270365
13.9873905,-0.009756263
13.878674,-0.029042404
13.997168,-0.034196515
14.134977,-0.027109228
14.140257,-0.0100839175
14.068707,-0.021703202
13.893372,0.016158845
14.034423,0.020420233
14.133518,0.020395504
14.076089,0.028374355
14.033593,0.03215061
14.023732,0.004683038
14.16863,0.011765048
14.167841,-0.001513388
14.208651,0.013142917
14.246046,0.009111665
14.1842165,0.01615507
13.953275,-0.0007147286
13.945552,0.015478334
14.266225,0.030852634
14.107848,0.00039675087
14.206428,0.015656868
14.09846,0.017703662
14.174986,0.0100082345
14.224264,0.014791274
14.2521105,-0.00056243315
14.259943,-0.008801859
14.288496,-0.023947276
14.341779,-0.013175193
14.350781,-0.016492993
14.347718,-0.011557993
14.124921,-0.03710944
14.135219,-0.012582969
13.9905,-0.006290447
13.888053,-0.021121915
13.98425,-0.030827276
14.012992,-0.023530688
14.198977,-0.037767556
14.123235,-0.055009943
14.201571,-0.061046395
14.072246,-0.056216408
14.004142,-0.03078175
14.049598,-0.012870502
13.998238,-0.00924439
13.937545,-0.012915928
13.930337,-0.03632501
13.801773,-0.018469688
13.927811,-0.030157413
13.924945,-0.036542382
13.6483,-0.04845881
13.477931,-0.041002285
13.778939,-0.04022081
14.036913,-0.047989007
14.074994,-0.051610332
14.008673,-0.08721474
14.020981,-0.032300066
13.9569435,-0.021201842
13.7765875,0.007783007
13.615781,0.012339
13.807896,0.0059410855
13.921459,-0.0015706811
13.81551,-0.0038488172
13.619414,-0.0004790444
13.80251,0.005296234
13.772604,-0.016796697
13.843356,-0.009927545
13.906435,-0.030596808
13.741729,-0.007841364
14.047418,-0.007537823
13.930307,-0.018164102
13.962961,-0.004404161
13.864962,-0.016872633
13.458461,-0.026878279
13.680041,-0.04216866
13.689503,-0.023048338
13.836926,-0.053030055
14.143514,-0.025837217
14.172995,-0.028890755
13.885581,-0.034514423
14.111439,-0.016473226
14.095652,-0.021108348
14.0498495,-0.023570891
13.824028,-0.026904099
13.796004,-0.020919506
13.7096615,-0.021998208
14.045927,-0.02084228
14.085992,-0.016285848
14.3458395,-0.013230596
14.0352,-0.026095252
14.142387,-0.034125302
14.220891,-0.03224727
14.322541,-0.026659396
14.197417,-0.035121176
14.133314,-0.02790254
14.039316,-0.024892967
14.015371,0.00092947856
14.276151,0.0065450296
14.217548,0.0009577237
14.294146,0.005783843
14.220843,0.0101805255
14.406387,0.023935776
14.215684,0.036928255
14.189334,0.024380261
14.482352,0.025137162
14.26967,0.022169072
14.119634,0.022469467
14.430079,0.039316375
14.562635,0.029659813
14.358454,0.026456507
14.511082,0.02437387
14.458474,0.023789205
14.494901,0.024714129
14.496885,0.022568254
14.379395,0.02609245
14.5012455,0.026670411
14.397877,0.024593012
14.632822,0.027992606
14.59647,0.028570151
14.592705,0.02123471
14.4258375,0.019068146
14.3572445,0.016304217
14.426421,0.030411031
14.248109,0.027046887
14.1299715,0.017116616
14.208426,0.022585116
14.242549,0.027864678
14.004894,0.01107173
14.130691,-0.009150472
14.344809,-0.010559231
14.483328,-0.011505224
14.512124,0.0071380697
14.476907,0.0073523037
14.439565,0.008367863
14.650495,0.020425178
14.575351,0.036979303
14.673736,0.034348503
14.414992,0.03146615
14.256752,0.017845863
14.093078,0.0039612837
14.189682,0.0030449461
14.061823,0.0074515045
14.069606,-0.005325187
14.055307,-0.009417292
13.8893385,-0.00933272
14.079407,-0.0250304
14.03185,-0.019932356
14.2285385,-0.013586219
14.063428,0.0074626133
14.247796,-0.02815891
14.177835,-0.029680971
14.186145,-0.020584408
14.263544,0.0029853433
14.256955,0.007918488
14.263318,0.010782134
14.003892,0.037082136
14.049255,0.015778154
14.238365,-0.012748081
14.201833,-0.0052821785
14.343652,-0.020664707
14.307433,-0.018205617
14.387378,-0.007748645
14.107178,0.031131076
14.180183,0.026107732
14.31039,0.033297535
13.94486,0.025445648
14.056374,0.013264341
14.189501,0.011791466
14.333279,0.013736513
14.0703535,-0.0012034718
14.041322,0.003672585
14.088691,0.017537411
14.090691,0.029238679
14.027631,0.021585401
14.087964,0.0033710748
13.790548,-0.014953278
13.683796,-0.009939663
13.557071,0.016554888
13.309154,0.03601857
13.319681,0.06722791
12.993244,0.09186867
13.004527,0.11556938
13.099493,0.08202195
13.129504,0.0826228
12.839482,0.08375774
12.664698,0.069385946
12.593609,0.038901586
12.0335,0.011323702
12.367961,0.019798772
11.934411,0.04174559
11.663148,0.03211102
11.431178,0.03765565
11.263614,0.05151946
10.478184,0.03236943
10.184307,0.031699173
9.901171,0.026982017
9.731518,-0.007424522
9.5573225,-0.14632034
9.4734335,-0.17572479
9.288927,-0.11509131
8.486488,-0.0840078
8.211832,-0.14055905
7.7783823,-0.23177092
7.62661,-0.23768915
7.5317774,-0.24274074
7.4241304,-0.29415026
7.211972,-0.39800957
6.956793,-0.44956648
6.6936255,-0.4228268
6.519084,-0.4172015
6.2716293,-0.29867876
6.031311,-0.2863986
5.836302,-0.26975948
5.7040186,-0.35087168
5.5295076,-0.3157654
5.4550123,-0.3235427
5.44256,-0.2958592
5.274292,-0.37398604
5.3149605,-0.38787296
5.1698284,-0.45276934
4.933627,-0.5324409
4.9810023,-0.5974933
5.0733013,-0.5827353
5.1418495,-0.62169117
5.1663847,-0.6238947
5.161621,-0.59175247
5.162402,-0.54715407
5.294612,-0.48213866
5.1803684,-0.464556
5.2084374,-0.46107864
5.0993967,-0.501259
5.1273956,-0.512126
5.32106,-0.5270941
5.4761577,-0.51385874
5.410721,-0.50144506
5.738166,-0.6081855
5.9231224,-0.61375844
6.066104,-0.65951836
6.1126776,-0.538898
6.1230288,-0.45684227
5.9862356,-0.37934807
6.308796,-0.29202327
6.702059,-0.21543862
6.594391,-0.18764149
6.6863174,-0.1386941
6.785199,-0.09149027
6.7744913,-0.09058449
6.7253675,-0.0967233
6.9382544,-0.052408885
7.0227537,-0.012563985
7.041813,-0.017019201
7.1200247,-0.023921695
7.1725855,-0.016852867
7.264413,-0.015777122
7.3547173,-0.01563147
7.4133215,-0.011964235
7.593112,-0.030792538
7.5300493,-0.0330481
7.57185,-0.026158277
7.569936,-0.030823674
7.4831133,-0.030480247
7.6273746,-0.035039615
7.8747473,-0.050769072
7.981332,-0.05598649
8.073442,-0.055547062
8.027005,-0.05914824
7.9806976,-0.04428264
7.985053,-0.03834187
8.039776,-0.037212785
7.956648,-0.035404366
8.020208,-0.045958523
7.9568815,-0.045643862
7.89571,-0.04341243
7.7387457,-0.04473601
7.4622364,-0.043800917
7.4576006,-0.08587082
7.2228956,-0.055775303
7.2570457,-0.0675396
7.2919884,-0.06824237
7.3344173,-0.060434435
7.1404934,-0.041038115
7.044218,-0.037265148
6.6476173,-0.049251173
6.929819,-0.009198632
7.0044346,-0.001850171
6.978483,-0.008031424
6.948223,-0.018863186
6.7698984,-0.00997271
6.5882387,0.019101921
6.5744,0.03798584
6.4218845,0.031436652
6.221016,0.031191345
6.540818,0.01808336
6.2909746,0.0010808744
6.2123394,0.0011824965
6.218258,0.018754877
