predicted forward vel,predicted angular vel
12.701888,-0.019070633
12.42662,-0.005485408
12.3970175,-0.002746839
12.325,0.0017255787
12.413148,0.00015470386
12.4824505,-0.0033115484
12.529141,0.0043662284
12.514249,-0.0057538263
12.169874,0.0042245593
12.15281,-0.0014957804
12.10719,-0.008993816
12.261884,-0.019528471
12.311709,-0.013376132
12.241122,-0.0075706057
12.206429,-0.0037053078
12.258923,0.00044173747
12.094753,0.00854121
12.014173,0.011287883
11.943783,0.0046989266
11.973125,0.005453564
12.007865,0.0111074
12.0936365,0.013123257
12.157908,0.010190714
12.211034,0.0013470929
12.235077,0.00031128898
12.087233,0.0002757758
12.048323,-0.0035049021
12.055611,0.0075823627
12.010937,0.005261412
11.794584,0.011652047
11.89368,0.013378125
12.111042,0.006650431
12.079224,-0.0019283406
12.038932,-0.0036174357
12.18744,-0.0063309707
12.235785,-0.012834232
12.213981,-0.0066389777
11.9792795,-0.00089760125
12.024115,0.0065335613
11.913714,0.011297949
11.929198,0.017471522
11.695874,0.02961717
11.741092,0.010585418
11.711265,0.020761512
11.714049,0.021015586
11.759304,0.01373494
11.736868,0.01503345
11.886485,0.015144093
11.91295,0.013035658
11.866543,0.011525627
11.7400675,0.021971809
11.728992,0.01792676
11.618979,0.036729485
11.31384,0.03374633
11.340701,0.012037709
11.673829,0.008800844
11.849496,0.008401817
11.704541,0.01568746
11.580955,0.012374934
11.548202,0.01677858
11.681703,0.014667527
11.309798,0.014929478
11.330336,0.009880392
11.324519,0.014903413
11.357289,0.007378023
11.28744,0.0022689383
11.264255,0.0074405633
11.141289,-0.000937555
11.065086,-0.013081316
11.254478,-0.014392208
10.923046,-0.009062551
11.037813,-0.005733885
10.924479,-0.006136395
10.74353,-0.00867179
10.627488,0.0022370983
10.790392,0.01903864
10.885505,0.03927014
10.76205,0.04964387
10.808806,0.05035846
10.885108,0.045930836
10.994121,0.038809933
11.125279,0.035192173
11.25579,0.035025284
11.14897,0.05738932
11.240598,0.06827158
11.379706,0.07069777
11.394976,0.072716564
11.465535,0.067311086
11.582834,0.059058286
11.678311,0.05638292
11.785056,0.053202096
11.800806,0.05126301
11.766453,0.04810984
11.792289,0.04837964
11.746918,0.05001842
11.845039,0.04214574
11.82961,0.043422505
11.851453,0.039063193
11.912952,0.03349909
11.970329,0.029748412
12.012612,0.030442398
12.049114,0.024279539
12.10662,0.02241056
12.013076,0.021305371
12.058142,0.019978922
12.173911,0.019844528
12.050494,0.018231707
12.02807,0.011067662
12.071031,0.014464059
12.038847,0.011958521
12.079551,0.014229715
12.112322,0.016107213
12.293201,0.005198851
12.345086,0.0016072765
12.502656,-0.009209909
12.371754,-0.008864373
12.404447,-0.015200425
12.500636,-0.013484951
12.722726,-0.01119782
12.673421,-0.008565832
12.632256,-0.011920907
12.611293,-0.004250616
12.600931,-0.0031204112
12.761614,-0.005885612
12.750296,0.00058249384
12.788637,0.000506375
12.806641,-0.0013338104
12.755112,0.0010205675
12.807728,-0.009250488
12.998714,-0.017730452
13.0497875,-0.011122365
13.065743,-0.010837868
13.023998,-0.01322557
12.989133,-0.012440916
12.940149,-0.0129188895
13.056948,-0.022077609
12.932205,-0.020509344
12.800723,-0.0152306035
12.7940445,-0.0060663186
13.01637,-0.01589987
12.865545,-0.02331622
12.858293,-0.029127952
12.78066,-0.019853938
12.796362,-0.013552006
12.679352,-0.009699874
12.657082,-0.004728399
12.841434,-0.012223069
12.867245,-0.014877539
12.887783,-0.017656568
12.792069,-0.01544977
12.787161,-0.008956786
12.831184,-0.0052672476
12.557133,-0.0017307103
12.524705,2.1439046e-06
12.636915,-0.008554887
12.4527445,-0.0043657497
12.642311,-0.011958972
12.609436,-0.014131572
12.673257,-0.010846227
12.698392,-0.0110872835
12.386788,-0.008854251
12.355519,-0.0047085807
12.090454,-0.0015557036
12.152978,-0.004071668
12.344011,0.0026982017
11.892868,0.0064881686
11.6969185,0.0073661245
11.746823,0.003864335
11.803998,0.008578166
11.785104,0.008062948
11.875961,0.0026630424
11.941117,-0.00023236498
11.88314,0.00015191361
11.733172,-0.0002698116
11.441386,0.0058068987
11.203664,0.011427334
10.983309,0.015732212
10.667829,0.020138986
10.582399,0.024572123
10.380771,0.019413482
10.267363,0.019692078
9.755903,0.014051672
9.607711,0.00843882
9.049898,0.010531288
9.264177,0.0073447116
9.192289,0.009145595
8.739719,0.011694968
8.519921,0.02140329
8.443483,0.029746685
8.158857,0.029988231
8.166945,0.029348107
7.951771,0.030086812
7.894665,0.025500424
7.625578,0.024790064
7.477928,0.025222313
7.440633,0.027663441
7.410144,0.034756817
7.2661257,0.03165723
7.2197876,0.016526004
7.217081,0.009677611
7.2405634,0.0063983295
7.3013926,-6.8759546e-05
7.1945915,0.0004543867
7.0784817,-0.0062178895
7.0046597,-0.007727064
7.190668,-0.00604593
7.1143208,-0.0059659146
7.113552,-0.009190749
7.1816854,-0.00982758
7.069689,-0.010910869
7.169405,-0.013074033
7.077445,-0.013076276
7.017646,-0.0006604828
6.946722,0.0030765422
6.798786,0.012197403
6.8616457,0.028515663
6.8726435,0.028406195
6.8227463,0.02984699
6.9764576,0.03237792
6.9930477,0.031749494
7.3221407,0.01629128
7.3422966,0.015709419
7.477296,0.05885445
7.3591576,0.02395448
7.548003,0.055957418
7.7572794,0.019575335
7.7731915,0.027454816
7.7652626,0.029759474
7.7467146,0.087714694
7.721463,0.077140555
7.7952127,0.041165315
7.8778486,0.040338673
7.8991632,0.04375585
7.9094114,0.047594626
7.905902,0.049927857
8.102151,0.047975995
8.284019,0.04662147
8.412921,0.04111269
8.32154,0.03632455
8.296432,0.031125417
8.538775,0.03531527
8.55788,0.03648661
8.534708,0.040699825
8.517132,0.045164626
8.460746,0.038017858
8.464161,0.034589957
8.541672,0.03534138
8.653435,0.042530715
8.66615,0.045251224
8.651339,0.039108917
8.596356,0.030982878
8.532289,0.023228828
8.687694,0.0262781
8.618292,0.017969549
8.38557,0.018719666
8.315703,0.012415487
8.317069,0.009875864
8.524963,0.0045633856
8.414166,0.0033817347
8.442,0.0036967862
8.503504,-0.0074917637
8.506388,-0.009174872
8.146248,-0.0089359395
7.9946012,-0.003107395
7.860546,0.002234919
7.683606,0.006673161
7.459014,0.013827816
7.4222345,0.012134913
6.6595793,0.01848641
6.53061,0.072464734
6.2817135,0.11834867
6.147607,0.16434729
6.348563,0.17818545
6.0030317,0.24854743
5.4777393,0.368542
5.31707,0.42468953
5.3444605,0.4240426
5.3171806,0.41671845
5.228345,0.43870267
4.792494,0.536135
4.7813325,0.5179441
4.6475105,0.47373
4.4084167,0.5738984
4.3258057,0.61223245
4.4055967,0.577208
4.433896,0.5498951
4.4187145,0.50551754
4.4159136,0.4458099
4.118172,0.3960884
4.0225,0.2606817
3.8751168,0.4377517
4.014523,0.63633215
3.9338603,0.5469593
3.7615762,0.45844394
3.7252793,0.3789139
3.9006631,0.479715
3.7790775,0.5594112
3.4069877,0.70068675
3.2931194,0.78401273
3.1876693,0.8976877
3.3743706,0.82953006
3.4720201,0.6536056
3.9207208,0.6773926
3.7534773,0.60106975
3.8537178,0.57800895
4.0737767,0.6523379
4.261924,0.5818831
4.499335,0.55474997
4.7109194,0.54256946
4.8424654,0.58499914
4.9557233,0.5653864
4.976409,0.5091006
5.1510963,0.5268688
5.167921,0.50881135
5.1225142,0.45129517
5.744175,0.38192958
6.159645,0.39814612
6.114887,0.3804168
6.626088,0.42603302
6.9484024,0.42712235
7.396096,0.4310529
7.726961,0.36297628
7.743887,0.3305644
7.949051,0.30826932
8.1952,0.258013
8.67076,0.21680692
8.644754,0.23362856
8.8771515,0.15637109
9.171007,0.1461017
9.500324,0.12424187
9.491928,0.124421254
9.889325,0.096695706
10.130853,0.056858044
10.209964,0.04823687
10.559767,0.053599633
10.830137,0.048191655
11.098873,0.040301565
11.274047,0.030361347
11.584767,0.024434138
11.908957,0.018731268
12.186729,0.014176891
12.410551,0.014474989
12.442783,0.0102870595
12.640657,0.006776165
12.678893,0.009966133
12.730378,0.0058478173
12.810044,0.004630141
12.847109,-0.0033613853
12.948452,0.0011667218
13.070347,0.0008653924
12.983773,0.005174011
13.034,0.0066490173
13.104683,0.008868944
13.063856,0.013730731
13.086909,0.013115234
13.103328,0.006935701
13.093137,0.0076146983
13.069407,0.0024048313
12.999313,0.00567922
12.990076,0.0066361073
13.053692,0.010008175
13.225668,0.006084988
13.288604,0.007741729
13.328048,0.0054051057
13.404256,0.004224457
13.461564,0.005361194
13.3869295,0.0016730577
13.41479,0.009808047
13.482602,0.009303099
13.304704,0.0075429585
13.292228,0.004385395
13.349029,0.00047879294
13.386529,0.0027646422
13.350286,-0.0023712534
13.436717,0.004765494
13.5892515,0.005800003
13.593916,0.0036805905
13.600252,0.008506199
13.622369,0.009267872
13.708854,0.009354688
13.714709,0.00491211
13.801794,0.0048819017
13.81852,0.0090519
13.851777,0.0087570455
13.802436,0.005016599
13.99594,0.0020711645
13.992424,0.00050760806
13.89598,-0.0038107187
13.88001,0.0014290623
13.815555,0.0059940554
13.854278,0.0036348458
13.888547,0.0020782836
13.890299,0.0043149013
13.886793,0.007131722
13.912339,0.007516669
13.990561,0.0040788557
14.031647,0.00519732
14.142217,0.0064092316
14.009677,0.0055654645
13.759217,-0.00079291314
13.751889,-0.0025592204
13.917151,-0.0055103153
13.884732,-0.0050237887
13.858602,-0.0037505813
13.607818,-0.00013409741
13.837522,0.0036895964
13.82514,-0.0021150932
13.779369,-0.003322363
13.809574,0.010359624
13.779916,0.0014857613
13.3960905,0.0073343813
13.258432,0.008668549
13.443347,0.007581502
13.854758,0.006806899
13.698218,0.0028711483
13.438861,0.0019097868
13.14417,0.0029067434
12.87548,0.0063050054
12.692417,0.0051367916
12.57954,0.005559789
12.260804,0.006609129
12.057052,0.008827742
11.990706,0.013729292
11.978315,0.018164033
11.834315,0.016525572
11.557321,0.018313615
11.086385,0.022123648
10.577257,0.00793083
10.313846,-0.010508254
9.836339,-0.012780491
9.723873,-0.014535248
9.561497,-0.003577046
8.916694,0.0045322217
8.632204,0.0005677603
8.433137,0.008118454
8.529413,0.010578901
8.151785,0.0055011343
8.040979,0.0050008614
7.8591423,0.0005237777
7.6569233,-0.0018194653
7.634469,-0.0052130334
7.509368,-0.003584329
7.353112,-0.014165226
7.311593,-0.010904554
7.003742,-0.020160902
6.878192,-0.01910701
6.7372885,-0.019123703
6.6536617,-0.016145445
6.572563,-0.017800879
6.461686,-0.0133677535
6.5587387,-0.019681912
6.554449,-0.019830685
6.5402126,-0.017046269
6.4359884,-0.017338242
6.519829,-0.016033586
6.4990797,-0.01222134
6.583288,-0.018962637
6.603469,-0.017530836
6.536785,-0.02190375
6.6611443,-0.019913923
6.569503,-0.017264474
6.692997,-0.015635896
6.830104,-0.0102016665
6.933426,-0.005746007
7.02645,-0.007045213
7.0860395,-0.0077966973
7.324005,-0.0052212365
7.740176,-0.007557906
7.6719275,0.0058230013
7.799432,0.017203243
7.8417816,0.02799135
8.014523,0.014886315
8.137616,0.009230532
8.353803,0.0045696013
8.576592,0.0016862191
8.447621,0.002644943
8.697047,0.0013075899
8.84385,0.0011559464
9.509886,-0.005640004
9.739977,-0.009688225
10.42127,-0.020181712
10.418937,-0.010092121
10.351293,-0.012263324
10.184134,-0.054693613
10.744208,-0.0061933547
10.969913,-0.012785871
10.849793,-0.016067948
11.197318,-0.015760668
11.537288,-0.0144668855
11.594468,-0.014799841
11.647402,-0.012769233
11.739622,-0.013328221
11.914956,-0.009735111
12.100796,-0.012341037
12.230349,-0.014011741
12.597893,-0.008518923
12.842728,-0.007816527
12.896963,-0.0077206157
12.804515,-0.006564647
13.0154,-0.00832361
12.956633,-0.011954542
13.031142,-0.017823461
13.380949,-0.021977842
13.456745,-0.020973682
13.628471,-0.028736476
13.7228155,-0.025291722
13.710016,-0.02522454
13.789322,-0.018685915
13.883122,-0.009460259
13.9332485,-0.005166203
13.843515,-0.004855361
14.342821,0.006164942
14.327788,-0.0017744154
14.198323,-0.0067407936
14.187947,0.0059865173
14.103444,-0.003681317
14.217743,-0.003946185
14.177766,-0.011465326
13.986849,-0.0059965514
14.04658,-0.012786612
14.0758,-0.0103016235
14.229381,-0.019653935
14.227968,-0.014707401
13.989865,-0.020651758
13.872258,-0.010476567
13.885818,-0.017881107
13.791604,-0.016182985
13.904973,-0.012871437
14.06598,-0.016490266
13.916005,-0.011117041
13.814734,-0.00733551
13.803414,-0.009824231
13.778213,-0.0010649357
13.725531,0.002800377
13.788747,-0.00019461475
13.82978,0.0007439628
13.749704,0.00088469125
13.698901,-0.0070984326
13.588884,-0.014273226
13.785936,-0.020842329
13.638676,-0.025774214
13.582717,-0.02497695
13.447817,-0.013847142
13.400238,-0.014316529
13.463406,-0.014609423
13.623952,-0.020643167
13.561816,-0.025626909
13.786398,-0.02531654
13.4956045,-0.016960632
13.368087,-0.014417775
13.384485,-0.012113836
13.23265,-0.007380467
13.133443,-0.0046213083
13.069785,0.00038006343
13.176161,0.00060635246
13.300701,-0.002963148
13.319549,-0.0025050845
13.29694,-0.0027407408
13.2081175,-0.0066667683
13.272254,-0.009807859
13.395083,-0.016769238
13.505696,-0.015811246
13.467899,-0.015902888
13.350607,-0.0129359625
13.248493,-0.01070131
13.231336,-0.011918832
13.373905,-0.010242861
13.39472,-0.013448957
13.379278,-0.009062555
13.506871,-0.014867384
13.481762,-0.013215307
13.5360365,-0.015766185
13.560842,-0.0056967847
13.637558,-0.0058217645
13.611028,-0.0042112246
13.759359,0.0039032064
13.531972,-0.0020916872
13.48606,-0.008866638
13.656049,-0.017114509
13.629338,-0.015102472
13.621104,-0.015516199
13.5705,-0.016740795
13.566103,-0.01899188
13.583679,-0.023433637
13.683403,-0.013131861
13.705965,-0.011072818
13.707624,-0.008801125
13.609864,-0.008784711
13.524076,-0.007216815
13.564097,-0.012420367
13.611001,-0.01301603
13.621108,-0.008372895
13.609481,-0.0009972323
13.682408,-0.0040639304
13.559204,-0.0057608522
13.602755,-0.007639125
13.636747,-0.0037995428
13.6804495,-0.0058871545
13.5834255,-0.009882372
13.457923,-0.0034914054
13.498024,-0.0075995997
13.439058,-0.008511625
13.411952,-0.0044120625
13.485528,-0.006116044
13.409565,-0.0017239414
13.447977,-0.0038399696
13.520436,-0.005773451
13.433514,-0.00666818
13.415146,-0.008730885
13.508819,-0.010932531
13.3710985,-0.0077205263
13.308522,-0.0066657215
13.359918,-0.008157104
13.277222,-0.005319137
13.304257,-0.007481307
13.361796,-0.005540505
13.263655,-0.006169062
13.291715,-0.0080515705
13.2534075,-0.010628749
13.272693,-0.015716862
13.190724,-0.017622698
13.13599,-0.019695908
13.083675,-0.021799196
13.193748,-0.018303376
13.067304,-0.020657767
13.047637,-0.022040766
13.057281,-0.022896834
13.121969,-0.01901218
13.027945,-0.012438379
12.973517,-0.016110595
13.045748,-0.018138148
12.89117,-0.02063224
12.903789,-0.012066469
12.804314,-0.011115167
12.895542,-0.008786306
12.851001,-0.006985292
12.762581,-0.0116976015
12.746043,-0.009159032
12.813129,-0.010140434
12.735715,-0.005743433
12.741376,-0.0073328875
12.624154,-0.011352506
12.66993,-0.013002042
12.639096,-0.008904114
12.659325,-0.010215495
12.549895,-0.011129532
12.489428,-0.00777914
12.356198,-0.008040089
12.266244,0.0016112998
12.262208,0.0022016913
12.242849,0.0049809515
11.85564,0.0051104054
12.092028,0.007005235
12.048812,0.008840855
12.048615,0.014455739
11.892193,0.017381977
11.736188,0.018756732
11.708119,0.0093401745
11.496415,0.005279666
11.384458,0.0026918538
11.46078,0.00692809
11.054629,0.00915939
10.563128,0.008879606
10.355458,0.0019053277
10.499491,0.0019604824
10.143311,0.007135097
10.038688,0.0066714715
9.835056,0.0032291561
9.4485235,0.007524647
9.34957,0.0063216854
9.074938,0.008259291
8.843467,0.0056187026
8.445542,0.009235529
8.045168,0.039399683
7.739073,0.16223079
7.6340837,0.22783184
7.0970173,0.30437076
6.9373455,0.34901327
6.601136,0.34259978
6.274885,0.33826068
5.6392136,0.3927312
5.386407,0.41167077
5.308668,0.41283667
5.1470847,0.4337544
5.065137,0.44670022
4.7948866,0.5256631
4.808257,0.51483065
4.8991685,0.4838633
4.768505,0.5084302
4.7880425,0.5191117
4.70088,0.4975164
4.774612,0.47517964
4.64847,0.36006844
4.4761724,0.37880126
4.7073984,0.4450496
4.743061,0.46366325
4.949896,0.5163961
4.6025047,0.49314353
4.6313295,0.46042785
4.529912,0.4395184
4.6522713,0.46057323
4.4783764,0.40034372
4.532275,0.5052439
4.7170143,0.6455596
4.623123,0.46109787
4.646612,0.4822883
4.6921334,0.5616266
4.7759295,0.63315
4.959499,0.73803663
5.17365,0.75343204
5.2514887,0.7821236
5.322008,0.7281486
5.2926702,0.59846616
5.6993184,0.6102668
5.796732,0.69705576
5.8184166,0.60219187
5.84871,0.5751301
6.01989,0.58851105
6.131134,0.56419355
6.121266,0.54116356
6.432769,0.55159956
6.8288765,0.5746196
7.2165203,0.48790494
7.7423973,0.41799724
7.9219866,0.3013628
8.073505,0.24386324
8.059373,0.23386988
8.361869,0.15952066
8.5188675,0.056602612
8.376857,0.014709547
8.423853,0.0040988773
9.273769,0.0011382662
9.293775,-0.002862662
9.545407,-0.017651964
9.7704315,-0.016218591
9.776734,-0.00860196
9.942794,-0.009791721
9.75783,0.0020219479
10.295773,0.011081757
10.709755,0.010161301
10.901546,0.005555868
11.271861,-0.010415882
11.3564625,-0.018193785
11.14205,-0.013469111
11.476584,-0.011117607
11.601166,-0.009167444
11.638562,-0.018191267
12.081966,-0.015687387
12.038804,-0.0132833645
12.625401,-0.0072505847
12.54392,0.0018471591
12.508418,0.005414784
12.9191885,0.0031533036
13.118607,-0.016759913
13.323339,-0.027766604
13.212797,-0.019274574
13.219405,-0.010302443
13.472,-0.015495751
13.576201,-0.0077200867
13.720311,-0.0030418523
13.634707,0.0056055747
13.584233,0.0027503297
13.842056,-0.0016091373
13.873321,-0.018614467
14.037487,-0.013865583
14.044708,0.0007302612
14.25515,6.51367e-06
14.612916,-0.0007153619
14.499966,0.0064815767
14.405423,0.0039116256
14.363138,0.0022444222
14.503945,0.0033851713
14.569388,-0.003197588
14.351031,0.0059971325
14.440311,-0.0024941936
14.459415,0.003826879
14.535562,0.00075595826
14.552701,-0.00587159
14.759705,-0.007883232
14.586616,0.00063731894
14.800273,0.009026667
14.663001,-0.0036035813
14.661636,-0.006115161
14.566562,-0.009127218
14.409934,-0.016514752
14.426319,-0.015796535
14.407456,-0.019542787
14.32847,-0.012179807
14.381736,0.0058976337
14.444262,0.005682435
14.383872,0.005508069
14.399807,-0.009272721
14.416507,-0.011462815
14.387851,-0.0048907734
14.040051,0.0021447018
14.037321,0.011658076
14.271733,0.011448538
14.380537,0.009432888
14.302326,0.009510981
14.317102,0.012198579
14.129579,0.00566059
14.1277895,0.006671183
14.120937,0.00030514784
14.342361,-0.0063818768
13.968312,-0.005142059
14.000078,-0.012808185
13.900969,-0.013177991
14.107557,-0.01812588
13.898994,-0.0076990314
13.6282835,-0.007776011
13.692433,-0.012376048
13.789739,-0.014272064
13.85856,-0.019587182
13.557302,-0.022817168
13.590442,-0.028663807
13.736459,-0.03377734
13.841755,-0.037695814
13.7020235,-0.03321378
13.553603,-0.025520265
13.58774,-0.014242835
13.792375,-0.020460758
13.820295,-0.026934542
13.681468,-0.031657632
13.464522,-0.031561658
13.437987,-0.03132517
13.56808,-0.02361526
13.492381,-0.015460998
13.170438,-0.009373695
13.195472,-0.012184031
13.189017,-0.024985168
13.319981,-0.027565941
13.1824,-0.021961968
13.1108465,-0.022349022
12.949489,-0.019798156
12.868709,-0.019436091
12.710035,-0.0056762323
12.539831,-0.004328031
12.59926,-0.00054142065
12.477738,-0.0034231022
12.560424,-0.0028384477
12.698411,-0.011169862
12.4636,-0.0018978454
12.466301,-0.010892641
12.342305,-0.021077853
12.609743,-0.023683082
12.674163,-0.018360447
12.5573,-0.016765717
12.539874,-0.008407306
12.46109,-0.001267314
12.25614,0.0043666232
12.323114,-0.006522905
12.209778,-0.0022753198
12.375105,0.0031268578
12.371459,0.0076049734
12.520843,-0.0040188543
12.440576,-0.0048976354
12.283425,-0.0022045895
12.267949,-0.010963663
12.39284,-0.008418754
12.366262,-0.0041832216
12.240954,0.0033545084
12.350452,-0.0015537869
12.54182,-0.009235885
12.401185,-0.009941023
12.375451,-0.010394514
12.50832,-0.016789649
12.543625,-0.015476488
12.271211,-0.007127907
12.379314,-0.0052745976
12.140644,0.0013677217
12.380495,0.0024617836
12.103555,0.008400252
12.031083,0.0013754033
12.021044,0.007066902
12.036485,4.4219196e-05
12.061096,-0.00066191703
12.052547,-0.0046879575
12.157701,-0.0046216324
12.109203,-0.0057458878
12.014794,0.00041302666
11.981216,0.007828172
11.815351,0.022778999
11.565503,0.02081217
11.566164,0.0029231906
11.844476,0.00032028928
12.07099,0.0018727928
11.950437,0.010550963
11.679276,0.007588541
11.808358,0.008348059
11.770928,0.005725866
11.489914,0.010547668
11.57877,0.00023275986
11.532285,0.011041895
11.354297,0.00846919
11.26916,-0.0072022304
11.279107,0.003006626
11.20935,-0.006818399
11.125628,-0.011228122
11.381839,-0.01969136
10.90867,-0.01229348
11.040194,-0.009541661
10.862299,-0.012630127
10.739858,-0.01549077
10.586801,-0.012463536
10.4796915,0.0063354764
10.492947,0.020190097
10.407346,0.03640021
10.4425335,0.039516672
10.4934435,0.04935855
10.446408,0.054139342
10.329819,0.032626208
10.333224,0.03180731
10.508654,0.033393838
10.480243,0.032940097
10.836239,0.053957924
10.664459,0.06392716
10.765393,0.05871163
10.652684,0.059584916
10.735671,0.07066403
10.743234,0.09755413
10.842176,0.09655294
10.871366,0.052922066
10.987812,0.030832622
11.04567,0.027982693
11.197176,0.027441267
11.0761,-0.014243282
11.029411,0.011949733
11.053296,0.014214758
11.072691,0.025409749
11.22558,0.027544983
11.369615,0.027561843
11.471476,0.027408091
11.569086,0.021415181
11.627822,0.02025755
11.679284,0.018334715
11.742949,0.011214845
11.913066,0.012797891
12.035596,0.012810732
12.148491,0.0117828995
12.22722,0.016344927
12.252897,0.021089299
12.32246,0.022307
12.306124,0.019186886
12.440883,0.023944879
12.4368515,0.017300751
12.683754,0.010041956
12.706113,0.0060618147
12.502327,0.00020262972
12.644013,-0.0067059435
12.753012,-0.0026955027
12.872022,0.007870533
12.835775,0.00031841733
12.9554405,-0.004792124
12.850583,-0.0040998086
13.0082855,-0.010074548
13.011737,-0.0013909079
13.048206,-0.0015845727
13.073236,-0.008068632
13.141806,-0.009357635
13.123135,-0.01989232
13.347935,-0.02046191
13.395978,-0.017305352
13.400414,-0.018212441
13.285035,-0.023887299
13.323688,-0.02629412
13.354303,-0.03262316
13.233857,-0.02986265
13.310356,-0.024183035
13.448402,-0.025289483
13.2677,-0.029524084
13.144002,-0.033672906
13.2811165,-0.031691838
13.091499,-0.02448326
13.014387,-0.020907898
13.114594,-0.020866781
13.159183,-0.023584027
13.2061205,-0.023261864
13.191015,-0.020692866
13.059075,-0.013648652
13.007992,-0.01170788
12.769019,-0.0018729661
12.950104,-0.007303048
12.878312,-0.014556866
12.957368,-0.0124013685
13.020696,-0.018027376
13.009996,-0.01634853
13.021471,-0.012492362
12.780208,-0.00794217
12.588897,-0.0017333049
12.499351,-0.008406937
12.481234,0.00409472
12.267711,0.0022485498
12.087243,-0.00012172386
12.1246195,-0.0017492007
12.161011,0.005825773
12.158785,0.0018485542
12.384259,-0.0062467977
12.24853,-0.006112829
12.176595,-0.009863522
12.026332,0.002910722
11.711931,0.0060771555
11.616426,0.011996184
11.494758,0.0134176435
11.47334,0.0047757905
11.310569,0.0032426082
11.085329,-0.0028761402
10.684554,-0.0039860383
10.576074,0.0024295934
10.340358,0.011050727
9.559982,0.017283782
9.58548,0.023907097
9.501981,0.030463438
9.130645,0.024044897
8.40578,0.024996174
8.177405,0.02733096
7.775632,0.02770884
7.6357317,0.026162619
7.7504797,0.03488888
7.3131876,0.028053934
7.366086,0.015243839
7.425768,0.015357102
7.3922205,0.011989705
7.4307137,0.002807334
7.324682,-0.00144949
7.1839304,-0.008450072
7.25642,-0.011864312
7.329376,-0.021208476
7.341614,-0.01807335
7.2302084,-0.02063359
7.09614,-0.023160987
7.162936,-0.026150003
7.159275,-0.020120788
7.00976,-0.012402374
7.0975447,-0.0058721453
7.1241198,-0.0008837804
6.9243546,0.003749648
6.923439,0.016182536
6.9634094,0.026257735
7.024579,0.04613089
7.0967503,0.01724689
7.367814,0.016770246
7.431732,0.0247617
7.3948517,0.026435636
7.546937,0.037099004
7.734907,0.018141568
7.7973347,0.015687753
7.827077,0.022373144
7.825472,0.07461016
7.8426037,0.03819232
7.9709845,0.038640864
7.8947353,0.034890447
7.9052753,0.041477773
7.8140774,0.044768065
7.9279957,0.04558378
8.096661,0.048171934
8.21493,0.043801777
8.353549,0.04402531
8.396369,0.037736252
8.328443,0.033202127
8.558019,0.036519855
8.607655,0.03712772
8.634767,0.03445509
8.625213,0.034132496
8.621359,0.030213838
8.677976,0.025020465
8.833864,0.02700371
8.767073,0.029378178
8.754884,0.033404335
8.773045,0.024171988
8.926046,0.017323405
8.9576235,0.021312265
8.955695,0.01378464
9.020131,0.007184673
8.776273,-0.0039821714
8.827548,-0.010567326
8.888611,-0.010661099
9.183482,-0.011169057
8.935245,-0.0121452175
8.90637,-0.016892944
8.873257,-0.018106554
8.813303,-0.013303135
8.598448,-0.0068415366
8.3351755,-0.003957372
8.144807,-0.0016337316
8.002987,0.0012637023
7.835925,-0.0017943513
7.8948565,-0.0021714382
7.961321,-0.0094879605
7.998166,-0.011406686
7.885088,-0.0067757517
7.791725,-0.0063678734
7.773856,-0.026855968
7.855057,-0.037457135
7.717745,-0.035770264
7.718359,-0.025529575
7.75095,-0.06447919
7.662898,-0.067919865
7.671797,-0.069153056
7.672909,-0.07565807
7.689186,-0.0593449
