predicted forward vel,predicted angular vel
5.27439,0.020980777
5.289938,0.023212384
5.2897654,0.023171505
5.2285213,0.022041146
5.1902065,0.024352372
5.2151623,0.028087825
5.256975,0.02549528
5.497614,0.02113872
5.639286,0.07751064
5.8008795,0.1153038
5.904623,0.12005305
5.884033,0.036233343
6.019334,0.084361814
5.9738655,0.062776044
6.243986,0.013443374
6.3726835,0.00285732
6.4151287,0.022057556
6.6285458,0.010603905
6.746271,0.011226777
7.1477613,0.016649615
7.2708206,0.016604537
7.2992353,0.012777762
7.440775,0.012170631
7.5986137,0.017154735
7.847478,0.019377444
8.152494,0.019507222
8.588173,0.0229466
8.664031,0.02373806
8.866436,0.022209665
8.908014,0.02229766
9.032918,0.020619515
9.071401,0.022142105
9.331399,0.021095647
9.53077,0.017884715
9.609557,0.019452453
9.714308,0.014659306
9.717135,0.015034471
9.87539,0.016617864
9.897467,0.019437019
9.760947,0.023008607
10.021488,0.022330226
10.167771,0.022964448
10.345635,0.021664064
10.391394,0.021092258
10.363321,0.014187993
10.347028,0.019454049
10.490636,0.016370496
10.391876,0.011419039
10.362917,0.006395567
10.312125,0.005750574
10.297954,0.0063117594
10.4078665,0.00984825
10.437226,0.013560495
10.358705,0.015128156
10.407105,0.017456638
10.371316,0.01529176
10.369282,0.014049176
10.320064,0.013929645
10.31653,0.009088632
10.400753,0.0019269884
10.44499,0.003545614
10.42253,0.007931557
10.351889,0.0057632606
10.310042,0.0054375865
10.26652,0.0045514274
10.371446,0.0012689494
10.270728,0.005903639
10.435552,0.00952822
10.424646,0.008793078
10.395609,0.013286228
10.488202,0.009610368
10.505409,0.00867313
10.470853,0.010043483
10.50587,0.009265073
10.473099,0.009594398
10.554941,0.00428389
10.463736,0.008981539
10.441943,0.00880326
10.366074,0.0077837184
10.362097,0.012339082
10.234683,0.00768039
10.155455,0.0073756427
10.1904,0.0097985715
10.316579,0.008252103
10.374013,0.009098066
10.262527,0.007714834
10.156676,0.015927851
10.141296,0.015082227
10.12478,0.014196118
9.984715,0.0146756
9.853864,0.014774917
9.7517185,0.012361724
9.43031,0.009257816
9.262512,0.0038069636
8.986485,0.0044275224
9.045304,0.0061619766
9.028052,0.007079253
8.479201,0.013782974
7.7949038,0.017896231
7.501478,0.015253444
7.3319473,0.013872493
7.0585203,0.015063195
6.958499,0.015615694
6.7599096,0.015509769
6.5054235,0.011120206
5.865322,0.014098503
5.347825,0.0036352351
5.218093,-0.0048543736
5.086662,-0.018448398
5.001498,-0.04106232
4.8007545,-0.06668903
4.666544,-0.1150084
4.529559,-0.16104873
4.3764687,-0.17959467
4.3245807,-0.20576666
4.0586863,-0.20928192
4.01805,-0.19172558
4.0328064,-0.16081548
4.0577884,-0.13693544
4.0011225,-0.15582426
3.750964,-0.2559355
3.8185878,-0.33570123
3.7015998,-0.37931204
3.6055233,-0.3538679
3.5009427,-0.4283579
3.3777459,-0.46526083
3.3506293,-0.38160813
3.3836823,-0.49763128
3.3876116,-0.49877164
3.5630455,-0.4032277
3.6298501,-0.40809748
3.6971178,-0.5242574
3.6113546,-0.57741153
3.719636,-0.4169952
3.716043,-0.5396425
3.4655309,-0.44635585
3.584293,-0.44371083
3.5003839,-0.33114043
3.5222905,-0.19962518
3.7004275,-0.12897213
3.7076488,-0.33866206
3.7555318,-0.44698298
3.7828698,-0.4326893
3.7874079,-0.40246874
4.0532074,-0.45286956
4.28082,-0.45168635
4.5263834,-0.38472888
4.6457214,-0.44692647
4.6626215,-0.39524508
4.8457174,-0.3379509
4.8131466,-0.31782305
4.8528023,-0.3645042
5.1480317,-0.2503233
5.2934346,-0.1465154
5.3617764,-0.06412761
6.139038,0.03607382
6.0791416,0.02587042
6.128937,0.030432634
6.4076414,0.03122702
6.3730125,0.026873726
6.743949,0.019445788
6.745532,0.021089742
6.937704,0.019128181
7.141124,0.0157115
7.326807,0.015347548
7.1682873,0.019842986
7.049781,0.017013755
7.4055977,0.01146153
7.454362,0.010788593
7.8976097,0.006612841
7.9118786,0.0022729766
7.8490467,0.0031771734
7.9577627,-0.005318973
8.108821,-0.011865534
8.0638,-0.000119607896
7.9717617,-0.0018740427
8.084427,-0.010789003
8.199374,-0.011665314
8.247917,-0.01250143
8.15983,-0.012627881
8.324507,-0.014172554
8.08717,-0.017994437
7.9418564,-0.016761646
7.9825764,-0.020152938
7.837,-0.019930806
7.805482,-0.034026843
7.737548,-0.026736569
7.537899,-0.020692471
7.607712,-0.03005303
7.665344,-0.038097803
7.4978714,-0.042088713
7.4490147,-0.045677286
7.518861,-0.04655311
7.4034767,-0.048215028
7.321762,-0.034788597
7.2834063,-0.01867722
7.475322,-0.009448398
7.4579716,-0.02494933
7.365141,-0.024639238
7.2770624,-0.019538362
7.3161345,-0.023473796
7.3737125,-0.020322617
7.155611,-0.023545075
6.9323215,-0.0119440295
6.787812,0.0010894574
6.761134,0.0023148227
6.885745,-0.0061045103
6.7063694,-0.0038789883
6.6879196,0.0031871144
6.7044973,0.0006690938
6.8235235,-0.00052421354
6.644904,0.012975726
6.7415867,0.024274305
6.5909452,0.034790866
6.454445,0.054157324
6.43721,0.05894602
6.396735,0.062096734
6.4833517,0.04563637
6.560622,0.046526708
6.64816,0.044456612
6.7143173,0.04753629
6.764228,0.038965024
6.942527,0.02488799
7.164297,0.029152192
7.1136227,0.025483282
6.8926325,0.021698788
7.008419,0.020623423
7.0833426,0.01344048
7.0923815,0.020240173
7.2144794,0.013614486
7.137249,0.011563513
6.928973,0.0043851472
6.997465,0.0066108704
7.066147,0.011022193
7.1057634,-0.009471696
6.981637,-0.005204845
6.99469,0.004305577
7.1699286,-0.00836714
7.21292,-0.005147442
7.29908,-0.011877436
7.4547796,-0.012485765
7.4249687,-0.005059056
7.5078278,-0.0074598007
7.61666,-0.00950041
7.506962,-0.013938978
7.6844273,-0.02301364
7.725381,-0.02611728
7.76754,-0.01999328
7.595544,-0.029059954
7.872471,-0.026586976
7.9527807,-0.017101195
7.786623,-0.0070225038
7.8181915,-0.004012339
7.8271837,-0.00037661195
7.979807,-0.0007897187
7.977316,-0.0035234354
7.872486,0.0052596126
7.9059677,-0.0024458747
7.8669224,-0.0010103993
7.8545313,0.0053489767
8.426687,0.0054415874
8.198524,0.00984671
7.8693933,0.013015934
8.087266,0.006406378
7.985837,0.011500925
8.047955,0.007143168
8.189493,-0.004779909
8.334157,-0.012124147
8.314735,0.00043072365
8.291994,-0.01189163
8.236861,-0.00419965
8.312732,0.00092481077
8.468506,-0.00055949576
8.38063,0.0008186959
8.348489,-0.0008742288
8.267404,0.001219511
8.552556,-0.004689064
8.358786,0.0019783117
8.125567,0.0016627423
7.852762,0.0015724357
7.781357,0.005376298
7.917878,0.0069331042
8.026484,0.0030754358
7.989318,-0.0029214974
7.8080215,-0.0012364499
7.446021,-0.00056404434
7.4589176,0.0014761165
7.4599495,-0.0037562177
7.2855415,-0.006727539
7.2461405,-0.007650465
7.360924,-0.0092792325
7.4638977,0.0008026324
7.5310173,0.0048418473
7.4678955,0.0026176907
7.412011,0.010650275
7.478917,0.007797288
7.3780956,0.0041104984
7.442768,0.004474897
7.313856,0.006320225
7.232744,0.0023659002
7.082999,0.0100360885
7.1299706,0.008916151
7.132674,0.010280099
7.0319624,0.00016459078
7.0231743,0.0020788312
7.0732613,-0.004630249
7.0959015,-0.012979288
7.011053,-0.011135746
7.0289297,-0.01665676
6.999304,-0.029882405
6.9896803,-0.006419141
6.993664,-0.0143125355
7.0817547,0.004703529
7.0847807,0.009082587
7.0277405,0.0010815319
6.9072504,-0.0028062556
6.8202314,0.006617287
6.8090696,0.004630789
7.0109034,0.0013240948
6.940627,-0.009378716
6.454632,0.042810503
6.3403587,0.1308635
6.4833603,0.119426996
6.732951,0.05951898
6.680807,0.068959594
6.36055,0.114564404
6.37339,0.15740742
6.4037333,0.17731275
6.355052,0.16338366
6.3487043,0.15316154
6.096781,0.19376262
5.9964128,0.11647284
5.74475,0.08044621
5.678627,0.064862326
5.7526536,0.056056775
5.9430923,0.031456374
5.7986307,0.02243037
5.793144,0.033322003
5.8018723,0.026204588
5.8928556,0.020975642
5.6773195,0.0293057
5.5910277,0.030996311
5.628251,0.037926786
5.606653,0.03570836
5.461835,0.033967063
5.227397,0.03273435
5.4467745,0.025095461
5.3907537,0.024779696
5.3380117,0.02382478
5.3480124,0.019913545
5.391926,0.01564222
5.195673,0.024236463
4.965577,0.019631516
4.857789,0.016370527
5.003827,0.016266936
5.2127504,-0.012719143
5.1097035,-0.024128553
5.073332,-0.045896914
5.2962227,-0.04559907
5.2337437,-0.07721132
5.1655483,-0.0990092
5.322896,-0.108703405
4.971888,-0.11256705
4.5820026,-0.111786306
4.650549,-0.0872608
4.620679,-0.014438998
4.5196066,-0.030187935
4.5398445,-0.014736537
4.673811,-0.0027180146
4.6787753,0.032400202
4.6995177,0.03334563
4.407675,0.060371596
4.337501,0.05455818
4.2130685,0.046398155
4.350176,0.041732937
4.353343,0.035131965
4.376259,0.013286267
4.6526585,0.013402649
4.6087847,-0.0044574067
4.6540513,0.0026623793
4.738862,-0.0122726
4.874396,0.0029698648
4.874787,0.0198742
4.9167337,0.032402363
5.147193,0.021572094
5.0984282,0.018714847
5.1853275,0.027495053
5.351796,0.02674884
5.5435495,0.01760254
5.5394545,0.026134701
5.3494453,0.028493445
5.3586636,0.027454168
5.332823,0.026985282
5.283243,0.02475443
5.414069,-8.646771e-05
5.349685,-0.0049939193
5.3394437,0.007185405
5.340828,0.009125344
5.4176755,0.002107447
5.4202538,-0.0041403845
5.427322,-0.022639994
5.234356,-0.026328519
5.152998,-0.026058346
5.0088196,-0.00809392
4.824933,-0.013411272
4.5966144,-0.016182348
4.3392277,-0.00821444
4.23699,-0.018704582
3.689797,-0.038269583
3.8793132,-0.05787823
3.9760723,0.004525915
3.9238508,0.087907486
3.724856,0.16001283
3.6053758,0.2094731
3.533098,0.34448108
3.6555731,0.43970183
3.525252,0.5074483
3.5998275,0.48586726
3.6077607,0.43551454
3.7950058,0.47066224
3.6628444,0.49252823
3.4532537,0.4633089
3.389889,0.4193883
3.24942,0.32318276
3.3128214,0.3470072
3.3815846,0.40790057
3.3168244,0.38603532
3.526678,0.4187381
3.7164931,0.3078144
3.790843,0.1902562
3.9155962,0.10898489
3.9147754,0.18247625
3.9837732,0.31373057
4.1534615,0.42793697
4.209938,0.60782236
4.64076,0.4822384
4.6444664,0.4569215
4.8621616,0.45969146
5.0258207,0.44485676
5.1512403,0.3958351
5.406502,0.46614563
5.5959234,0.43959466
5.928521,0.38588676
6.003195,0.3681229
6.168191,0.30403587
6.22964,0.29206073
6.314556,0.2490043
6.5624266,0.18452987
6.6109962,0.17792298
6.749569,0.11124931
6.871276,0.13130894
6.871668,0.14049754
7.035531,0.12508856
7.523217,0.13638602
7.7373867,0.07728106
7.8061724,0.060749073
7.9797583,0.02027029
7.890867,0.029781345
7.8007164,0.1254791
8.043862,0.062904656
8.2202,0.047114413
8.424329,0.06575102
8.662871,0.013538213
8.723291,-0.0050616004
8.9950905,-0.005265165
8.603009,0.0091294255
8.54876,0.013495721
8.634114,0.016277188
8.7043705,0.0027106367
8.712349,0.005833391
8.542957,0.010999998
8.689092,0.009552766
8.53363,0.013435138
8.487441,0.014625049
8.554938,0.016701948
8.567471,0.016506528
8.711719,0.022718742
8.818033,0.024423104
8.798754,0.016401142
8.76992,0.018114863
8.837784,0.013489705
8.716968,0.005873533
8.638781,0.0060399715
8.658692,0.013113846
8.68123,0.010080753
8.550549,0.008868683
8.686361,0.008664265
8.492515,0.012483669
8.481855,0.014463704
8.38586,0.02275078
8.196055,0.02987046
8.087059,0.03728325
8.162325,0.029999886
7.824065,0.051343177
7.338851,0.10362327
7.2721148,0.10464281
6.7938213,0.13250956
6.0863624,0.16443352
5.93167,0.16563469
5.8014746,0.14402041
5.81063,0.1458011
5.508317,0.11696927
5.412389,0.11188717
5.2488346,0.07286538
5.0690274,0.09933907
4.8281097,0.08173333
4.871586,0.059193954
4.7702465,0.043373268
4.6884537,0.046206445
4.5305014,0.08477229
4.5737114,0.11178698
4.5189643,0.13269888
4.4779186,0.15188432
4.2475524,0.20680712
4.209525,0.24479131
4.1804113,0.23245369
4.2185593,0.2536362
4.1280985,0.26185104
4.219104,0.28434658
4.1556215,0.29384318
4.1015735,0.33563468
4.0102515,0.34766573
3.9653296,0.38672984
3.7158484,0.39256066
3.6437569,0.38721994
3.50576,0.36830723
3.4180138,0.35580096
3.344559,0.3454371
3.255549,0.43873549
3.064249,0.54293174
3.0453222,0.49009866
3.1723218,0.464831
3.2113204,0.43868667
3.0607963,0.48441803
2.8636484,0.52989113
2.9713693,0.50405353
3.2956305,0.46816626
3.6956718,0.51411384
3.5167966,0.52637553
3.4297419,0.5187151
3.6383243,0.48284736
3.179557,0.4807809
3.2420917,0.47103748
3.3241184,0.36949235
3.3648229,0.2515631
3.553133,0.105067
3.785147,0.05476425
4.1184554,0.04071784
4.0612082,0.03337116
4.108901,0.033630244
4.1197095,0.02980291
4.10579,0.019152025
4.355672,0.021574724
4.758538,0.02423062
5.0845785,0.029053105
5.019799,0.035014752
4.8884006,0.031524185
5.6052217,0.02615059
5.7571583,0.027291646
5.6905456,-0.004579615
5.659487,-0.05434786
5.7359724,-0.08823225
5.7720275,-0.0955621
5.780351,-0.12941201
6.227844,-0.14036931
6.956086,-0.12792863
7.0905914,-0.19045247
6.9944296,-0.18758039
7.134198,-0.11740564
7.2155457,-0.0475527
7.3064775,-0.07134418
7.6559,-0.04689652
7.8388004,-0.048115868
8.0941925,-0.0368508
8.255354,-0.043391954
8.267639,-0.040662695
8.462813,-0.038818333
8.196153,-0.02894393
8.550423,-0.024318296
8.655435,-0.025180109
8.832288,-0.023243163
8.664353,-0.02415942
9.031895,-0.02883866
8.582897,-0.02150048
8.720528,-0.017719038
8.834846,-0.01683632
8.700094,-0.023129255
8.789076,-0.021747928
8.985836,-0.01734427
8.957281,-0.0196901
8.949824,-0.01578572
8.783228,-0.02440695
8.783921,-0.02519571
8.892886,-0.02098741
8.874558,-0.015304226
8.637322,-0.010848206
8.84264,-0.007492963
8.924344,-0.014040355
9.068341,-0.008828361
8.559497,-0.013859715
8.636286,-0.02094857
8.569667,-0.026955392
8.357461,-0.028887663
8.514304,-0.03034224
8.732101,-0.028665803
8.739871,-0.026074644
8.724598,-0.020281259
8.700992,-0.019024964
8.886758,-0.011948254
8.625712,-0.011238087
8.697087,-0.008638058
8.744042,-0.009558145
8.701552,-0.011698689
8.531772,-0.0026944615
8.639539,0.00010409206
8.840727,-0.0018926933
8.65972,-0.01219983
8.760753,-0.009908311
8.72566,-0.01925959
8.6031,-0.022848886
8.864834,-0.028929953
8.826784,-0.017221693
9.099156,-0.015122388
9.087027,-0.018051378
9.150758,-0.020157505
9.182116,-0.005069211
8.92421,-0.006241519
8.998399,-0.0035211407
9.086941,-0.013533168
9.247412,-0.0029114634
9.262592,-0.007829279
9.387652,-0.003912531
9.328523,-0.0019740462
9.494573,0.0038248785
9.255835,-0.0042784736
9.383468,-0.004694257
9.5071945,-0.0066475384
9.444839,-0.008432683
9.535686,-0.014063649
9.590789,-0.021001022
9.509598,-0.021909617
9.51555,-0.022271093
9.7182,-0.018139612
9.6709795,-0.006508805
9.984107,-0.008562967
9.972828,-0.006479297
9.78233,-0.008065388
9.727301,-0.009375442
9.772734,-0.008401286
9.671582,-0.013029095
9.503923,-0.019322772
9.521888,-0.024011124
9.578472,-0.022360422
9.569549,-0.0172964
9.7403345,-0.012277838
9.732747,-0.012368809
9.676556,-0.009753201
9.680679,0.0019162744
9.771183,0.0051093996
9.797347,0.0005844701
9.980592,-0.004063975
9.845314,0.0033402331
9.857326,0.011237804
9.72523,0.010991454
9.772591,-0.0008318648
9.855167,-0.0018874165
9.824581,-0.0065673664
9.731623,0.0010899492
9.867579,0.002164999
9.692577,0.0026697926
9.7127075,-0.008761641
9.69975,-0.019218516
9.623172,-0.026446458
9.715516,-0.024096351
9.855331,-0.024511546
9.847712,-0.022301327
9.8352165,-0.024943512
9.8702965,-0.022406507
9.954929,-0.019806407
9.667982,-0.021765176
9.71285,-0.019836467
9.789411,-0.023530822
9.87116,-0.026464343
9.832743,-0.027268324
9.722508,-0.024666864
9.616704,-0.028767303
9.790788,-0.023192983
9.8701515,-0.028095119
9.908581,-0.02749227
9.873201,-0.02023916
9.804801,-0.02352494
9.664228,-0.024927717
9.929542,-0.014096104
10.152279,-0.011777367
10.157304,-0.013734076
9.968996,-0.01718036
9.770447,-0.020900909
9.701308,-0.016068283
9.927591,-0.011057824
10.049604,-0.0074675195
10.166721,-0.013431646
10.211002,-0.0152967535
10.242175,-0.013601929
10.17852,-0.009810194
10.278875,-0.009035263
10.212117,-0.0119172
10.173901,-0.018675756
10.179178,-0.014161725
10.299796,-0.021145258
10.239457,-0.023408558
10.153185,-0.025329717
10.453836,-0.015856586
10.347618,-0.018356677
10.159216,-0.020888995
10.135634,-0.021240372
10.15486,-0.020682361
10.091969,-0.02366605
10.126134,-0.023543954
9.94477,-0.02392276
10.00129,-0.019424278
9.87657,-0.020740937
9.92483,-0.018481191
9.973397,-0.02038088
10.140103,-0.0175682
10.139601,-0.011931751
10.13853,-0.007837821
10.208047,-0.003741365
9.9558,-0.0021120366
9.89975,0.001360571
9.867363,0.0040918067
9.8833475,0.006569285
9.88387,0.006147187
9.84529,0.0066839643
9.871456,0.0061216485
9.836232,0.004394386
9.784333,0.001181867
9.510609,-0.0032669976
9.346715,-0.006385777
9.527168,0.0022369865
9.309477,0.0025823005
9.3129425,0.00029410608
9.230967,-0.014918212
9.09973,-0.010001194
8.790991,-0.009808842
8.684025,-0.009843145
8.556793,-0.013006274
8.687423,-0.0092027895
8.60536,-0.0036200471
8.3078785,-0.002254501
8.141934,-0.00708944
8.184289,-0.009927187
7.992114,-0.0067228936
7.8864775,-0.008530848
7.628562,-0.011066493
7.4001646,-0.017412469
7.382595,-0.01742161
7.3235235,-0.017083865
7.27997,-0.033430733
7.1608124,-0.040747385
7.0436306,-0.039738815
6.946316,-0.046165112
6.932577,-0.05388606
6.746932,-0.05354033
6.655716,-0.044843044
6.524413,-0.037792455
6.258334,-0.03769621
6.154687,-0.033404656
6.1334686,-0.029352847
6.103364,-0.030976456
5.915527,-0.020669099
5.612458,-0.02139515
5.6696453,-0.025431786
5.4121,-0.016608305
5.2661104,-0.0069317445
5.212473,-0.0105968155
5.049363,-0.00879569
4.855698,-0.058562767
4.7524943,-0.09024359
4.6620674,-0.1770102
4.416377,-0.19826922
4.259124,-0.13508594
4.124364,-0.087547466
4.097842,-0.09641628
4.089035,-0.12160489
4.0458536,-0.14427187
3.8116639,-0.16013435
3.6035166,-0.18589954
3.515792,-0.18187578
3.4050007,-0.15931468
3.458603,-0.13537075
3.3944035,-0.14150621
3.4433863,-0.14415978
3.3405426,-0.12155941
3.2872057,-0.17129621
3.2429528,-0.19831744
3.255498,-0.22101378
3.2526367,-0.29306722
3.2121458,-0.2902983
3.093609,-0.27413952
3.1015062,-0.30697966
3.0949335,-0.45341253
3.1019907,-0.5473608
3.2201269,-0.40153006
3.245589,-0.4425205
3.2556887,-0.50594413
3.4262767,-0.44535434
3.6690755,-0.50384694
3.86071,-0.5309925
3.9583592,-0.5407055
4.115704,-0.5977478
4.181695,-0.580289
4.252364,-0.500556
4.3015175,-0.44440645
4.606798,-0.33842263
4.765813,-0.36800036
5.233901,-0.2941541
5.455405,-0.34280026
5.4416027,-0.33557048
5.305398,-0.27050182
5.4245033,-0.18520804
5.432186,-0.2430705
5.6683135,-0.17478928
6.0631537,-0.099521056
6.221653,-0.009969309
6.2587414,0.014158852
6.1946335,0.0060362667
6.2991858,0.0057252795
6.3705463,0.012522457
6.585084,0.016153812
6.8538713,0.020470086
6.948163,0.025184926
6.912628,0.020110257
6.8283195,0.020328606
6.913863,0.019447662
7.188696,0.024188027
7.3249664,0.026262224
7.487344,0.025203811
7.8712854,0.027971713
8.203782,0.025324043
8.384105,0.024520118
8.338877,0.024232786
8.26916,0.021846812
7.7702827,0.020161394
7.5384884,0.020513264
7.5729294,0.021699354
7.6564245,0.02399091
7.7156286,0.021245802
7.6809244,0.019895405
7.821537,0.016644482
7.7832203,0.009043166
7.7144203,0.0073078796
7.56328,0.0042325538
7.4723015,0.005970694
7.45621,0.006160617
7.4721537,0.0061088055
7.3727636,0.006248193
7.2739277,0.010077473
7.2400074,0.0037552174
6.9925594,0.0054080244
7.007023,0.0014365222
6.876341,0.002719283
6.8389177,0.0001526922
6.7108984,0.010116637
6.6180143,0.01357203
6.338538,0.010021053
6.250037,0.0041440874
6.178153,0.0015615337
6.0118933,0.001618173
5.6299143,-0.009947423
5.2363186,-0.016691145
5.104802,-0.03055672
5.068963,-0.01846153
4.83395,-0.03418026
4.5840387,-0.04598907
4.423998,-0.051928338
4.4578648,-0.05849533
4.525111,-0.058344346
4.687392,-0.05928478
4.5325108,-0.06719419
4.179654,-0.118181065
3.922495,-0.17713124
3.7625983,-0.22255106
3.824443,-0.20693418
3.960781,-0.18380651
4.174202,-0.38202554
4.2080164,-0.40430763
4.028375,-0.33964604
3.763902,-0.34591797
3.7370954,-0.34133103
3.765275,-0.3800167
3.7801385,-0.42232987
4.101857,-0.44975594
3.9347968,-0.37201113
3.8141527,-0.46109906
3.736864,-0.45216286
3.6176014,-0.5662275
3.7294226,-0.56653064
4.0472026,-0.5829037
4.1619396,-0.511969
4.0107155,-0.35819146
3.9749954,-0.3865877
3.8672833,-0.47336206
3.8025541,-0.43709037
3.8858607,-0.48827752
3.9319534,-0.41071254
4.1099253,-0.3741877
4.2092423,-0.44782898
4.307654,-0.46882516
4.295661,-0.42546037
4.370572,-0.44464514
4.71365,-0.38689947
5.0537567,-0.32504368
5.333457,-0.23558421
5.533099,-0.28578663
5.5385313,-0.2935819
5.559347,-0.23039727
5.651093,-0.28218022
5.755335,-0.19918145
5.763892,-0.20273201
5.7858677,-0.17561257
5.905923,-0.13848998
6.38859,-0.041034956
6.454218,-0.028868344
6.6395226,-0.020062756
6.8006372,-0.011011202
7.0064335,-0.0043174103
7.1796427,-0.0053311996
7.247135,0.00026266836
7.3988686,0.002830049
7.452736,0.0025053583
7.5084352,-0.007438984
7.5374136,0.0003590025
7.406646,0.0066285934
7.77645,-0.0011849329
7.7588367,-0.002863003
7.7233877,-0.006619554
7.5829296,-0.016086705
7.469178,-0.009684082
7.655444,-0.010112692
7.782627,-0.008170273
7.634261,-0.019855995
7.6622953,-0.019404508
7.651531,-0.018630031
7.8243637,-0.016548116
7.7560253,-0.016646389
7.7851524,-0.014353741
7.7477283,-0.011873446
7.71723,-0.012951747
7.5304337,-0.007051129
7.4973574,-0.008159239
7.799285,-0.018655319
7.8055754,-0.025217071
7.673567,-0.014556088
7.9362173,-0.015479032
7.911865,-0.015597243
8.026043,-0.016370628
7.9246616,-0.013825972
7.6991386,-5.7455152e-05
7.704566,-0.00078182854
7.8366194,-0.0037724115
7.9181623,-0.003139656
7.701563,-0.0018393565
7.7718277,-0.0026371218
7.6518803,0.00031084195
7.578225,0.0016533472
7.3961725,0.011559699
7.0386753,0.011530604
7.1449556,0.012309123
7.3272448,0.023315009
7.3373213,0.022298958
7.346836,0.020216744
7.3099174,0.020129295
7.242053,0.0100626685
7.338439,0.0015489757
7.2273808,0.0062867794
7.252676,0.012238182
7.297797,0.004421536
7.404234,0.0011661518
7.21371,0.0044022817
7.0796824,0.0074230917
7.020074,0.01245641
7.139123,-0.0012287181
7.1151085,0.0028593745
6.982071,0.007492777
6.8044987,-0.0043340065
6.7669067,0.0011747181
6.82395,0.00793376
6.8910866,0.013000105
6.9756145,0.006352015
6.6918297,0.0004731305
6.658328,0.00024626218
6.663601,0.004263606
6.5342474,0.014343901
6.59665,0.0140662175
6.549412,0.01711459
6.5663795,0.019032618
6.441515,0.021915337
6.4731245,0.02101085
6.562086,0.020951532
6.459882,0.026081704
6.493742,0.03220784
6.5803394,0.024604477
6.3721094,0.025479808
6.362563,0.011419587
6.543751,-0.019093461
6.4301662,0.0011887345
6.538786,0.026855491
6.504016,0.028983518
6.287507,0.027047941
5.984068,0.019730564
6.1913977,0.007497262
6.2429466,0.009583835
6.155117,0.0068195164
5.920681,-0.0018999483
5.779502,0.002892062
6.0070887,0.007328432
5.8989143,0.005557038
5.900715,0.0018628351
5.967989,0.009540051
6.1694937,0.0056548715
6.236207,0.0003050752
6.2629213,-0.001333952
6.342906,0.0028302744
6.3577766,0.010374136
6.744972,0.0036939718
6.930029,-0.0009630006
6.913251,-0.013850477
6.8814793,-0.020359788
7.100956,-0.020550951
7.213521,-0.021840516
7.304346,-0.02868
7.4541035,-0.033185873
7.54049,-0.036107313
7.6858253,-0.03902586
8.033082,-0.038944457
8.219584,-0.039864283
8.232369,-0.0316309
8.366305,-0.028208889
8.47254,-0.03107946
8.595027,-0.028070025
8.634016,-0.02411097
8.635489,-0.023587633
8.812477,-0.029472336
8.832364,-0.026131887
8.986162,-0.017523605
9.112261,-0.013431888
9.019311,-0.014702819
9.350229,-0.016009573
9.269184,-0.022137132
9.323284,-0.026852336
9.514962,-0.02758919
9.259671,-0.0155115165
9.475228,-0.01770877
9.649645,-0.022102822
9.525793,-0.026055481
9.344415,-0.032283653
9.316759,-0.026800979
9.4857645,-0.024657797
9.743607,-0.021704055
9.454434,-0.017917797
9.262452,-0.01692291
9.320075,-0.016917773
9.042882,-0.0069321096
9.04397,-0.0062854625
8.898193,-0.012412515
9.042051,-0.019513287
9.093336,-0.021097887
9.118462,-0.030739333
9.316967,-0.024335068
9.638584,-0.010789763
9.112613,-0.02238198
9.2097225,-0.017278183
9.440712,-0.0074656084
9.263416,-0.0100994
9.324851,-0.016378403
9.3932085,-0.028037187
9.569419,-0.024627633
9.256044,-0.011688247
9.117983,-0.019596774
8.903371,-0.012006391
8.741941,-0.0064486675
8.756197,-0.0025596488
8.738144,-0.0008141417
8.773539,-0.0062730536
8.882377,-0.008847836
8.876465,-0.016155329
8.578647,-0.010773644
8.883498,-0.008903917
8.831806,-0.012044977
8.763598,-0.008378353
8.709496,-0.015739303
8.915581,-0.01921086
8.759346,-0.025501113
8.722044,-0.021435969
8.72808,-0.06084353
8.682825,-0.022447366
8.83776,-0.03652328
8.952637,-0.03681683
9.021326,-0.04256135
9.024415,-0.04288463
8.90996,-0.04669587
9.058377,-0.050302017
8.92002,-0.04326039
9.110777,-0.02773992
9.097963,-0.022571836
9.359117,-0.027043846
9.120788,-0.017692503
9.422237,-0.016167432
9.118756,-0.02388858
9.181413,-0.022202674
9.057766,-0.020169314
9.218552,-0.019868467
9.355521,-0.013092089
9.3512945,-0.004146762
9.303326,-0.011135533
9.211371,-2.1502376e-05
9.30829,-1.0643154e-05
9.21409,0.0074851364
8.674337,-0.00077461824
8.560138,0.010143869
8.885675,-0.0041886903
8.844979,-0.015453022
8.695915,-0.01260234
8.625792,-0.01357637
8.438472,-0.01763874
8.079447,-0.016011551
7.9912815,-0.02235492
7.8549633,-0.023819704
7.9668617,-0.019276392
7.969701,-0.01868036
8.00636,-0.016669203
7.907813,-0.01755343
7.7123985,-0.00946242
7.7639694,-0.016753424
7.6175156,-0.020749789
7.6236305,-0.020331215
7.38597,-0.018564407
7.534178,-0.0132417865
7.4453564,-0.011555314
7.400793,-0.00535053
7.4525814,0.010186896
7.007247,-0.003140211
7.015746,0.011996627
7.0327415,0.054819822
7.069743,0.11775133
7.702606,0.047797967
7.059581,0.10156073
7.190564,0.042143136
7.3793135,0.028158994
7.123517,0.02814301
7.2925043,-0.046479937
7.2371874,-0.019426268
7.4077663,0.0035600513
7.2855396,-0.0017339122
7.3313293,-0.00580699
7.0317316,-0.016624942
6.8247004,-0.012968086
6.4658346,-0.02067656
6.440156,0.07253833
6.063881,0.06325679
5.6635036,0.10760684
5.620523,0.11020997
5.088072,0.13714382
5.1165037,0.059212923
4.6763477,0.031471506
4.4658146,0.016446773
4.2222466,-0.030071367
4.0931196,-0.0348416
4.0803165,-0.024636284
4.0203686,-0.019762337
3.9568386,-0.019766208
3.781033,-0.01929364
3.7189867,-0.010463435
3.5760727,-0.018819991
3.4359703,-0.02137778
3.2834263,-0.009111933
3.1389935,-0.014458407
2.9186637,-0.038554933
2.9476874,-0.04848018
2.8518033,-0.046597626
2.8554235,-0.049569543
2.9003086,-0.048033755
2.827046,-0.046223108
2.8001742,-0.06206147
2.802252,-0.0527496
2.8907804,-0.06369442
2.971999,-0.06808117
3.0474544,-0.07781048
2.9917307,-0.073919296
3.0638967,-0.06870137
3.0348375,-0.065959394
3.0050066,-0.065758824
3.1109776,-0.07019618
3.0263386,-0.09413414
3.0666335,-0.112262264
3.135397,-0.123068914
3.130138,-0.12936544
3.2178054,-0.12342735
3.3274271,-0.12318708
3.475234,-0.13320036
3.5807195,-0.11632897
3.704474,-0.12373854
3.8014746,-0.120197594
3.8673594,-0.15860008
4.1604085,-0.21178661
4.049647,-0.35026968
4.1762657,-0.36457062
4.372365,-0.38549092
4.597364,-0.36922973
4.5868387,-0.42900935
4.5786176,-0.42844725
4.7163935,-0.37801835
4.784713,-0.38458034
4.871231,-0.42720088
5.097088,-0.43352452
5.343655,-0.43336782
5.377988,-0.41746017
5.4646215,-0.41354567
5.616167,-0.39141777
5.7191353,-0.41925082
5.7938495,-0.35446998
5.9280086,-0.29351634
6.0611496,-0.2076923
6.1345987,-0.20054166
6.2105417,-0.14349513
6.38752,-0.08550675
6.234392,-0.07634981
6.2381535,-0.09378308
6.477597,-0.20349775
6.2721825,-0.2232955
6.285758,-0.20039152
6.390771,-0.1794119
6.5022354,-0.21507436
6.1560507,-0.15593158
6.283434,-0.09788573
6.4514046,-0.12141006
6.56221,-0.12230365
7.3343,-0.15075772
7.2112894,-0.14268489
7.1621056,-0.1382616
7.044096,-0.111951336
7.0960073,-0.12704617
7.456196,-0.13973747
7.889168,-0.12661032
7.8799696,-0.12191123
7.8126354,-0.048360784
7.724597,-0.047196362
7.7715073,-0.04918794
7.810507,-0.03944524
7.7086525,-0.031742398
7.9013853,-0.029157147
7.7748575,-0.024557583
7.868183,-0.023964256
7.9161615,-0.02183995
8.0415745,-0.025903229
8.156425,-0.02526861
8.142943,-0.026017044
8.121576,-0.02052113
7.951415,-0.016563963
7.890932,-0.016999777
7.808008,-0.013689347
7.982458,-0.011718459
8.015907,-0.00650217
7.916606,-0.0068680905
7.9806376,-0.012769338
7.94188,-0.008839257
7.6676598,-0.0067683384
7.669138,-0.008484427
7.399502,-0.0065463968
7.068672,-0.0035159178
6.814123,-0.006081488
6.5722685,-0.007768754
6.339794,-0.0057797283
6.350915,-0.0037690774
6.3067675,-0.0013628043
5.9595127,0.0038661286
5.9966087,-0.0020903312
5.6021557,0.010403167
5.4818087,0.01266636
5.289116,0.013556164
5.07948,0.012436168
5.198603,0.011855621
5.081174,0.0075733736
5.127637,0.0030233804
5.13068,-0.16151007
5.276308,-0.295753
5.094755,-0.32863772
4.8766613,-0.37059706
4.987424,-0.3052194
5.021652,-0.31099954
5.04159,-0.21232027
5.0324163,-0.102705374
4.879073,-0.031618826
4.8591123,-0.08986981
4.789915,-0.045995858
4.7468147,-0.11190839
4.6696253,-0.14239554
4.396274,-0.21101995
4.47095,-0.41022635
4.6145887,-0.39814505
4.6397376,-0.43022192
4.642804,-0.44066468
4.8184752,-0.17085207
5.051159,-0.19742765
4.99646,-0.25825527
5.0553155,-0.14557056
5.1860776,-0.1283411
5.3554845,-0.20527239
5.3101273,-0.21569452
5.5167,-0.22647111
5.6814513,-0.23065622
5.838769,-0.17924489
5.799921,-0.19378299
5.667613,-0.16499521
5.730586,-0.1735551
5.8963647,-0.16929321
6.0915422,-0.17665856
6.1055703,-0.1130259
6.187069,-0.059451822
6.2747173,-0.057151865
6.6995926,-0.02448747
6.7661276,-0.042629894
6.9731197,-0.05754162
7.0632143,-0.03272936
7.1657057,-0.02467721
7.3587923,-0.024664272
7.3729544,-0.02743439
7.491824,-0.031365756
7.7920322,-0.029363621
7.7610807,-0.03095236
7.8490562,-0.038373496
8.170898,-0.032563437
8.395339,-0.03366206
8.343912,-0.036796663
8.531968,-0.039179947
8.493975,-0.03181829
8.505733,-0.02695484
8.485555,-0.018827531
8.732307,-0.02114157
8.858353,-0.027029887
9.087488,-0.030985583
8.618252,-0.020486563
8.67999,-0.018351842
8.71647,-0.018216107
8.687547,-0.019903697
8.784223,-0.021206345
8.957838,-0.016499024
8.897779,-0.017280925
8.888804,-0.013884645
8.902181,-0.023486767
8.895497,-0.023037229
8.810017,-0.016940247
8.885358,-0.011827003
8.759807,-0.0061802156
8.696586,-0.011441875
9.028812,-0.009561166
8.722893,-0.010927234
8.700214,-0.018382024
8.7350645,-0.02422217
8.550797,-0.022412337
8.60131,-0.02753156
8.804467,-0.026604127
8.830365,-0.024525844
8.7557745,-0.017673865
8.711542,-0.018727
8.832203,-0.012718283
8.621638,-0.01047295
8.777413,-0.0020942185
8.767595,-0.009117316
8.652332,-0.008225776
8.642303,-0.00480986
8.707058,-0.00043436885
8.672001,-0.007752534
8.710557,-0.012224413
8.764608,-0.0072605163
8.64783,-0.015646216
8.729604,-0.023730304
8.891265,-0.010245703
9.142557,-0.013286423
9.10241,-0.0135479085
9.294939,-0.01507818
9.204251,-0.0029650722
9.068332,-0.001675142
9.152316,-1.0553747e-05
9.137613,-0.006694149
9.29364,-0.005880054
9.33783,-0.0019125789
9.340791,-0.00469717
9.357582,0.001792606
9.584292,0.0009840317
9.329802,-0.0041101202
9.415198,-0.0017819218
9.464591,-0.008042403
9.614657,-0.013066791
9.582787,-0.018500503
9.740949,-0.02283601
9.645046,-0.020394884
9.810552,-0.018129174
9.73896,-0.0055670626
9.998436,-0.006885644
9.973044,-0.007020969
9.6964,-0.008738227
9.7740555,-0.0067939125
9.852744,-0.009890582
9.582741,-0.015925862
9.594865,-0.02228947
9.601479,-0.023391355
9.668504,-0.015909325
9.819492,-0.009238232
9.817005,-0.012433093
9.75848,-0.0052539
9.742802,0.004645407
9.883451,0.0055539533
9.917405,-0.0028868057
10.005981,0.002858283
9.957378,0.007972237
9.73296,0.015720101
9.873014,0.005153224
9.859358,-0.0008405186
9.932199,-0.0042896084
9.8834505,0.0046254173
9.84254,0.004375996
9.913261,0.0011764206
9.770392,-0.012467276
9.67582,-0.023767684
9.716376,-0.025278527
10.012709,-0.022061393
9.998521,-0.02221458
10.009656,-0.022628319
10.009045,-0.020290434
10.261812,-0.018360812
9.9454155,-0.022785913
10.004912,-0.023513336
10.103008,-0.02612248
10.232423,-0.02895936
10.080926,-0.028741095
10.069333,-0.030918177
10.091647,-0.02906432
10.248351,-0.03499912
10.328691,-0.022321917
10.239603,-0.018860847
10.19211,-0.015140541
10.302165,-0.008363683
10.363772,-0.0020924471
10.494109,-0.009357654
10.277203,-0.019003108
9.965695,-0.016357727
9.913253,-0.010646142
10.176316,-0.006321937
10.387966,-0.0051447824
10.377367,-0.015271053
10.484158,-0.011173449
10.593955,-0.012423646
10.519447,-0.010153204
10.556134,-0.014211506
10.481682,-0.012528051
10.455487,-0.017238315
10.600486,-0.021398716
10.533897,-0.0209212
10.651653,-0.014651127
10.48435,-0.016163778
10.472894,-0.015701223
10.365095,-0.017467577
10.320053,-0.021756891
10.274739,-0.023468718
10.155436,-0.022016935
10.33565,-0.018189318
10.196092,-0.022130419
10.108188,-0.021061305
10.002897,-0.015897106
10.107189,-0.010959286
10.175068,-0.00656398
10.280332,-0.0011531059
10.013202,-0.0006425865
10.047844,0.004646983
10.03636,0.008502174
10.097544,0.0072251204
9.951058,0.009389058
10.039249,0.008825326
9.913794,0.0072462447
9.718902,0.001381224
9.518706,-0.0025784057
9.660012,-0.0034684055
9.383218,0.0062464997
9.325646,0.0028794557
9.303336,-0.0076720566
9.108895,-0.009941727
8.938503,-0.0079215765
8.752904,-0.00824197
8.643295,-0.008448537
8.695724,-0.006311111
8.45625,-0.0057363845
8.263525,-0.0047679655
8.2065935,-0.006418664
8.079937,-0.009244077
7.876068,-0.009695597
7.6700153,-0.011422686
7.4415474,-0.012813676
7.4445906,-0.01746985
7.322221,-0.014810909
7.1759205,-0.025442187
7.0667467,-0.021748412
6.9226456,-0.02318735
6.932127,-0.027617786
6.8935146,-0.02300563
6.8574495,-0.020518977
6.860029,-0.022685789
6.7280273,-0.022075884
6.486471,-0.026856344
6.315996,-0.019815989
6.2481833,-0.01068664
6.030357,0.0007096231
5.637105,0.010934934
5.8261595,-0.013488758
5.7520633,0.013965119
5.6489286,0.038358554
5.378909,0.11274606
5.173491,0.13140962
4.996525,0.10365397
4.8274975,0.132691
4.7636685,0.06186859
4.507144,0.000769902
4.2988105,-0.018054616
3.9039373,-0.029799175
3.6441274,-0.033887293
3.4054186,-0.04526319
3.154318,-0.054173794
2.8667898,-0.058172997
2.6952763,-0.0561704
2.47928,-0.0556642
2.2801952,-0.052690517
2.1330898,-0.047202658
2.0200052,-0.043981876
2.0213084,-0.04170059
1.9860436,-0.037791055
1.90878,-0.039081585
1.9218826,-0.036278274
1.9603369,-0.033761937
1.9767251,-0.03935829
1.9390007,-0.03643771
1.888844,-0.034914803
1.9052174,-0.03157978
1.9407215,-0.029840115
1.9192613,-0.027317382
1.9576629,-0.026715238
2.0200965,-0.017143209
2.0687034,-0.014617089
2.176501,-0.013988387
2.2583926,-0.010513458
2.3818808,-0.003001133
2.2405038,-0.0016053207
2.4161115,-0.00092291273
2.8229125,0.0064947847
3.1896546,0.005135713
3.5547364,0.011261512
3.869288,0.014180224
4.0355854,0.01105703
4.178976,0.012351003
4.313302,0.0052551497
4.387021,0.007855063
4.6376433,0.0035333093
4.799816,0.0021544546
4.787715,0.009003524
4.686979,0.01508691
4.8286266,0.010745665
5.20092,0.021516703
5.877841,0.026161557
6.115347,0.016952677
6.335721,-0.021256853
6.435277,-0.027430162
6.5532084,-0.010557871
6.6825066,-0.009520218
6.6979637,0.005641099
6.649296,-0.0032899939
7.0898314,-0.00031923875
7.0189695,0.008543715
7.3821077,0.015140571
7.724123,-0.013707768
7.7539616,-0.022475969
7.943714,0.008704845
7.782956,0.044712286
7.7959394,0.020850886
8.194461,-0.0027325042
8.500461,0.000841178
8.637445,-0.017599061
8.748934,-0.014679242
8.852496,-0.029078197
9.077899,-0.032904156
9.093969,-0.039330516
9.339728,-0.0405089
9.188574,-0.027413737
9.260297,-0.018794019
9.38596,-0.009785946
9.50026,0.00037997216
9.713812,0.0090116635
9.805718,0.010192905
9.818905,0.0060165897
9.94296,0.0045892242
9.944768,0.0057484563
10.052545,0.0022508465
10.098657,-0.002231948
10.184237,0.00652129
10.169861,0.014708168
10.156443,0.009567035
10.154963,0.010876823
10.144865,0.0061336774
10.242605,0.005327951
10.41841,-0.006049659
10.351983,-0.001484042
10.489516,-0.0010450389
10.323861,-0.0036849305
10.589661,-0.0045198165
10.232464,-0.00017313287
10.513904,-0.021532405
10.551606,-0.030853856
10.523763,-0.0062795356
10.434645,0.0060710274
10.458014,-0.010965902
10.368358,-0.004090436
10.173679,-0.0050312206
10.134373,-0.0098419
10.316657,-0.024300251
10.364779,-0.040039804
10.232837,-0.05278502
10.288556,-0.04575054
10.248806,-0.047208335
10.1819315,-0.045187812
10.123283,-0.031544793
10.131997,-0.040756527
10.192944,-0.030496575
10.115582,-0.026803005
10.236897,-0.02329145
10.382244,-0.030633345
10.404553,-0.008667145
10.535263,0.0004871972
10.573453,-0.0026403721
10.4496765,-0.011263415
10.519384,-0.00672831
10.494851,-0.0038397312
10.344867,-0.0010132752
10.3710575,-0.011233244
10.331536,-0.008005839
10.407158,0.0013056826
10.432601,0.017365273
10.343879,0.0097506195
10.35334,0.0051354915
10.370614,-0.0026592873
10.3681135,-0.00017302856
10.531586,0.007425282
10.617639,0.007809425
10.529652,0.009077424
10.572979,0.0024514906
10.731975,-0.009388991
10.563188,-0.0024918579
10.588254,-0.00047765486
10.588502,-0.00015525892
10.608879,-0.009551611
10.72404,-0.011584837
10.636669,-0.014923796
10.771197,-0.011864509
10.686751,-0.010052528
10.601595,-0.012068052
10.633745,-0.012210738
10.612786,-0.018428858
10.518657,-0.015143808
10.505661,-0.0315403
10.786864,-0.021575112
10.731238,-0.025218524
10.846921,-0.025145996
10.918393,-0.022024233
10.831255,-0.015264116
10.835234,-0.015064392
10.882851,-0.02193965
10.742878,-0.014498826
10.75122,-0.009033311
10.805918,-0.0008387882
10.797233,-0.0013015345
10.818436,0.0025703758
10.812781,0.0051778983
10.882997,0.0093085095
10.816565,0.0064199083
10.785457,0.002805695
10.849383,0.0034006126
10.902336,0.008463765
10.858656,0.012101736
10.776829,0.0154110305
11.006288,0.013154667
10.972047,0.010662932
11.03429,0.0063008815
10.968962,0.004384488
10.99874,0.0045962892
10.860941,0.0071208775
10.8828,0.004435407
11.007136,0.0028985795
10.99728,-0.0018794425
10.998824,-0.0035938844
10.971563,-0.007758606
10.823205,-0.0060588457
10.848903,-0.006284591
10.931346,0.0017841756
10.976973,2.5551766e-05
11.00919,-0.0026812833
11.08538,0.0073046796
11.217783,0.006455416
11.034228,-0.0016150326
11.08686,-0.0053827614
10.9396305,-0.0034113526
10.897922,0.0038220696
10.830577,-0.0015143082
10.952674,-0.0028988067
10.939162,7.33193e-05
10.837424,0.0002489388
10.894509,-0.0038498119
10.857985,-0.0048880465
10.719415,-0.0033613816
10.687098,-0.004463803
10.773517,-0.0020659287
10.788661,0.0022510905
10.516171,0.00548131
10.605718,0.004414782
10.453391,-0.000782514
10.571538,-0.0041036755
10.367283,0.00038746
10.315347,0.0018169843
10.267085,0.002975911
10.34306,0.007704485
10.260819,0.002821127
10.103029,-0.014284648
9.694445,-0.0027470607
9.706446,-0.014890101
9.631904,-0.01829873
9.842557,-0.009797301
9.54745,-0.0029741488
9.485425,-0.012282971
9.464458,-0.010880619
9.411111,0.0104873385
9.320145,0.0002666805
9.127592,-0.007687837
9.363505,-0.014671441
9.049592,-0.018591419
8.905726,-0.013952412
9.055084,-0.012038197
9.272808,-0.009110939
8.869516,-0.0069430433
8.703792,-0.008713953
8.567244,0.013011452
8.68294,-0.008491829
8.680763,-0.006504927
8.941379,-0.014494114
8.646353,-0.008936584
8.617736,-0.009581458
8.701916,-0.014039759
8.824942,-0.010064486
9.007068,-0.0051184185
8.527316,-0.0051013157
8.280028,0.0034053363
8.203199,-0.0010704882
8.1165285,-0.007394921
8.1406555,-0.0047119893
8.048782,-0.006789148
8.201965,-0.01083871
8.217376,-0.013725214
8.250098,-0.014331926
8.352618,-0.027099326
8.234906,-0.020842418
8.345891,-0.021907162
7.9648256,-0.019070242
7.82856,-0.018917225
7.462244,-0.012279149
7.5075827,-0.042071853
7.260581,-0.024929974
7.1885757,-0.02608025
6.8493433,-0.012978148
6.571557,-0.00495876
6.7281218,-0.010829274
6.7419014,-0.015418213
6.413306,-0.013843775
6.41922,-0.013750043
6.38157,-0.008116048
6.202423,-0.01192781
6.1307364,-0.013221517
6.165457,-0.005670663
6.062623,-0.005574789
6.032916,-0.0496001
5.9661703,-0.09473674
5.903311,-0.10638864
5.843272,-0.094178095
5.738033,-0.012922235
5.5504317,0.033014644
5.434178,0.037892744
5.080384,0.0367799
4.993784,0.031497218
4.791171,0.039337523
4.8839674,0.044743977
4.546546,0.041810066
4.5645576,0.041471638
4.5791435,0.036396258
4.3374815,0.035910025
4.048294,0.03436084
4.027805,0.040337496
3.7040691,0.040845968
3.6103926,0.039837956
3.3386362,0.10454975
3.4562402,0.10362375
3.3285549,0.23584601
3.0413094,0.24707659
3.1026936,0.23786363
2.7614899,0.24706192
2.963983,0.29253954
2.9273484,0.38384795
2.999402,0.43138245
2.7598991,0.4416376
2.6856108,0.46605307
2.662447,0.45879784
2.5864396,0.4559549
2.4236484,0.4573461
2.3802183,0.3862414
2.4750466,0.36663315
2.4398718,0.397954
2.4721408,0.3228001
2.5221589,0.30857226
2.5007353,0.30577186
2.5418506,0.35849276
2.4666293,0.33835748
2.7189856,0.24871962
2.6669085,0.2047447
2.5966468,0.19629616
2.6670623,0.24518387
2.6925273,0.20536418
2.6710014,0.15303726
2.8355675,0.21137623
2.8545368,0.19687578
2.958221,0.24078137
2.8249316,0.11250007
3.0116444,0.1694801
2.9086254,0.17771189
2.9999113,0.24987872
3.062864,0.35426164
3.173895,0.385253
3.2106595,0.48866177
3.2983778,0.42884043
3.3921545,0.5140777
3.4203644,0.49810028
3.5358307,0.47261688
3.6252522,0.4938056
3.8644848,0.39997444
3.9585354,0.36560333
4.0545616,0.33191338
4.48368,0.34454656
4.6403866,0.37259224
4.7072325,0.28989488
5.1052885,0.19799848
5.130555,0.16794407
5.1719003,0.10853486
5.148899,0.13763835
5.598352,0.1731847
5.4703884,0.20187642
5.767829,0.19741061
6.315048,0.1529642
6.4314957,0.15895957
7.0036974,0.13986862
7.179118,0.07440619
7.4667387,0.065810695
7.9107304,0.013234171
8.530966,-0.015302636
8.825792,-0.018508635
8.781079,0.006866535
8.807885,-0.0042260997
8.855937,-0.008508939
9.029388,-0.008012209
8.893376,0.0047965534
8.969366,0.0055670105
9.652535,0.0033607576
10.171777,0.0051267017
10.5925255,0.0005088374
10.97355,0.002992794
11.1431465,0.0006005876
11.369679,-0.008746464
11.492884,-0.013417166
11.423757,-0.008843839
11.263937,-0.0032286495
11.238529,0.003191039
11.269226,-0.00031379052
11.33044,-0.004935
11.295143,-0.0025885254
11.25996,0.0024436992
11.214351,0.0037000272
11.428612,-0.0017592981
11.374122,0.004185278
11.310141,0.0021143705
11.421377,0.00500625
11.411127,0.007881865
11.612524,0.003985092
11.613651,-0.00017149933
11.449018,-0.00027210638
11.418791,0.010808878
11.445769,0.006048562
11.450403,0.006688414
11.298831,0.005966544
11.256752,0.006161485
11.108152,0.0031786151
11.036645,0.0068245586
11.121055,0.0029322132
10.934708,0.004957892
10.811007,0.008319875
10.834894,0.0076011904
10.953195,0.0067915786
10.977942,0.007416304
11.1643505,0.013615041
11.131834,0.01408205
11.270394,0.009389212
10.997148,0.009782333
10.831479,0.005894199
10.916347,0.001079265
11.029852,0.00045269728
10.918029,0.00162955
11.044876,0.0018762611
10.968171,-0.002657909
10.774019,0.00058281235
10.663549,0.013866021
10.535391,0.017356474
10.450656,0.019476363
10.42148,0.01613028
10.622719,0.01038347
10.641419,0.0052423365
10.464765,0.001237316
10.657599,0.002301041
10.52562,0.0056741536
10.484711,0.0081945285
10.306282,0.009298563
10.307045,0.009430425
10.313468,0.018190287
10.279158,0.015844056
10.216056,0.010472268
10.29038,0.011076674
10.348034,0.0016582012
10.663391,-0.0032234266
10.842031,-0.011273801
10.722647,-0.01448201
10.402101,-0.005375318
10.4525,-0.0028208718
10.404002,-0.00024321862
10.002391,0.012133153
10.333021,0.018486751
10.224933,0.01482543
10.053579,0.014923493
9.716029,0.01190893
10.089488,0.006084278
10.073787,0.0039310884
10.134165,0.0013823397
9.925279,0.008812463
10.012085,0.022080775
9.968093,0.0111698955
9.647332,0.004607301
9.824358,0.0060370937
10.196176,0.006685015
10.08026,0.006956421
10.11002,0.011455279
10.17514,-0.002836302
10.280292,-0.0041037574
10.272643,0.008793674
10.088055,0.01786444
9.967979,0.012361756
10.158665,0.00818852
10.145976,0.010602867
10.10599,0.010561051
9.995661,0.014153701
9.906146,0.0050816424
9.801075,0.009648439
9.708405,0.010670405
9.762614,0.016089283
9.636052,0.013532484
9.621631,0.015485808
9.568359,0.009402115
9.610802,0.018896587
9.430333,0.038026325
9.442137,0.048946735
9.451395,0.05516992
9.378628,0.06294161
9.33834,0.06967117
9.384963,0.054444954
9.595553,0.034714665
9.464409,0.03174314
9.441117,0.032843925
9.597532,0.04633467
9.65206,0.11770794
9.560633,0.14803632
9.549126,0.2101164
9.44749,0.26914924
9.43215,0.27156878
9.415417,0.2996331
9.359372,0.27003548
9.345726,0.25031665
9.355074,0.19195716
9.367206,0.16263466
9.389163,0.1284716
9.3241205,0.11953786
9.341085,0.08234045
9.459838,0.09815639
9.506999,0.096492425
9.477355,0.08457021
9.57653,0.08737542
9.524892,0.09065476
9.594099,0.12014118
10.108731,0.04983439
10.050362,0.06895259
10.075099,0.08597252
10.010323,0.1334197
10.169193,0.10956116
10.220367,0.0944379
10.397427,0.05115542
10.576441,0.0026458297
10.636863,0.0054267645
10.58393,0.025637504
10.591065,0.008085754
10.59017,0.018086907
10.658337,0.008028284
10.7320385,0.005126275
10.878153,0.011381548
11.111613,0.0054061487
11.180484,7.18981e-07
10.975335,0.0014293641
10.758153,0.0025265254
10.978921,0.0065430067
10.852633,0.0041723847
10.931938,-0.0008204039
10.805602,-0.0068415366
10.75418,-0.0107165985
10.6423855,-0.006428458
10.74579,-0.007089179
10.692707,-0.012147013
10.6552105,-0.00987418
10.572211,-0.0075064637
10.525082,-0.0074862093
10.464544,-0.01569939
10.454448,-0.020319745
10.334264,-0.015569832
10.363075,-0.014201954
10.304607,-0.0059301965
10.177904,-0.0028018653
10.046654,-0.0024667084
10.034594,0.0043528136
10.062008,0.007222792
9.992978,0.011933554
9.98712,0.017946891
9.915356,0.022437869
9.889072,0.025293909
9.807243,0.027572384
9.562368,0.03522273
9.50876,0.03377624
9.173732,0.034104384
9.127832,0.03502234
8.980217,0.03718085
8.811757,0.05224584
8.633478,0.06295759
8.557042,0.07917695
8.187636,0.16394004
8.059709,0.066576496
7.4059696,0.04180778
7.0768127,0.031357482
6.974325,0.028381318
6.824954,0.0145811
6.6245003,0.008247603
6.50325,0.0069812927
6.146019,0.0072863568
5.8022594,0.10705544
5.593588,0.16304539
5.2468023,0.23368733
5.104586,0.30569887
4.915445,0.2643154
4.769026,0.2999979
4.8381085,0.27238166
4.542998,0.28676036
4.547565,0.31255862
4.227617,0.3179017
4.148921,0.26499146
3.876989,0.23926094
3.892878,0.19705884
3.7359095,0.15255311
3.3037183,0.21708602
3.2732983,0.2035001
3.068388,0.24787362
2.936797,0.27931026
2.6546884,0.32893935
2.547163,0.34907126
2.5385296,0.34578377
2.6858726,0.40995488
2.751752,0.42970663
2.585308,0.42551914
2.443056,0.37747255
2.4787257,0.30134016
2.4224856,0.17561111
2.4776618,0.1585982
2.4057143,0.11192186
2.6097906,0.10487996
2.9402356,0.1935692
2.9519036,0.20479326
3.0332215,0.33258787
3.0084136,0.43728295
3.0033462,0.40018073
3.211577,0.40682212
3.4690216,0.42617476
3.4385092,0.5086317
3.838723,0.48914692
4.1310644,0.46756762
4.4380617,0.4312824
4.6047006,0.377272
4.5648336,0.30628595
4.7623158,0.26930556
5.1365776,0.22177017
5.615488,0.15901488
6.0285406,0.110516965
6.1206055,0.11618051
6.1286907,0.17733343
6.339305,0.17992301
6.3709393,0.1523207
6.5724277,0.14214596
6.9073753,0.08056271
6.907133,0.06083863
7.1308365,0.04784331
7.4464207,0.03105133
7.5586405,0.028376795
7.837304,0.0234836
7.9875803,0.0156685
8.167863,0.012741848
8.233397,0.014181354
8.339067,0.017818017
8.917635,0.013727818
9.233343,0.0089010205
9.316559,0.009384034
9.201967,0.007088408
9.30559,0.0041757263
9.343496,-0.003720954
9.602425,-0.013135973
9.779255,-0.012570057
9.82145,-0.019044075
10.053933,-0.0285526
9.946195,-0.028213162
10.330108,-0.034401122
10.454394,-0.024759516
10.488145,-0.021670092
10.746538,-0.03329123
10.806839,-0.040914904
10.947756,-0.04670197
11.428871,-0.051753517
11.390792,-0.055746917
11.53392,-0.0586412
11.608946,-0.055366937
11.585507,-0.035352584
11.646366,-0.029635195
11.680608,-0.05365249
11.716022,-0.03177749
11.789885,-0.02992851
11.841284,-0.050756086
11.687882,-0.06604262
11.744249,-0.062247578
11.512068,-0.055967923
11.601017,-0.04285116
11.647962,-0.021469463
11.914359,-0.011733942
11.779267,0.002951268
11.469026,0.012602443
11.604544,-0.009969432
11.50426,-0.01847617
11.3359995,-0.01992945
11.635124,-0.016619723
11.563913,-0.031698093
11.796345,-0.007071361
11.635892,-0.005408693
11.753505,-0.001650054
11.813865,-0.0040182583
11.802239,-0.004733596
11.862639,-0.0070871934
11.875249,-0.007353168
11.731201,-0.010776412
11.547048,-0.025917795
11.33499,-0.023281593
11.597053,-0.033950407
11.594617,-0.031425793
11.47951,-0.03065271
11.308912,-0.029660892
11.251068,-0.031951874
11.313403,-0.035273533
11.465651,-0.04590797
11.450258,-0.048358496
11.43551,-0.0463632
11.264925,-0.041581195
11.180609,-0.04679041
11.362596,-0.0665469
11.131142,-0.06399153
11.244496,-0.067910135
11.099308,-0.06856133
11.175961,-0.07524459
11.180903,-0.06481762
11.155566,-0.064118475
10.854752,-0.054171976
11.089547,-0.053148773
11.278483,-0.047482517
11.248844,-0.057914037
11.107239,-0.04637036
11.013449,-0.030064136
11.051175,-0.011933502
11.041322,-0.019396208
11.027071,-0.036660444
10.920913,-0.035314944
10.832463,-0.041981835
10.813693,-0.0358192
10.804291,-0.020869363
11.068605,-0.015482895
11.075633,-0.022228949
11.097468,-0.030066907
11.004592,-0.03290298
11.014306,-0.036055643
10.978693,-0.0314305
11.000186,-0.036277954
10.793437,-0.046128925
10.860569,-0.055035885
10.950535,-0.053261105
10.826375,-0.05797914
10.924303,-0.062354032
11.053534,-0.060841482
10.956911,-0.062640265
10.93028,-0.05418497
10.681425,-0.051720407
10.688497,-0.053870436
10.854396,-0.06121068
10.966056,-0.044760805
10.885015,-0.031722452
10.91923,-0.023175146
10.960917,-0.020878453
10.846026,-0.008042593
10.996329,-0.0139631
11.020787,-0.020367648
10.813041,-0.012001555
10.877515,0.0010610763
10.873865,0.0067402013
10.635246,0.009545365
10.337075,-0.0031253174
10.443258,-0.011667971
10.223811,-0.017877337
10.373494,-0.02675901
10.743202,-0.018388905
10.588845,-0.025758125
10.652007,-0.030041624
10.536593,-0.029685508
10.384558,-0.038032774
10.5428095,-0.038898963
10.531863,-0.03955872
10.720892,-0.02985387
10.818672,-0.025039498
10.7364645,-0.023632098
10.710458,-0.023706812
10.437943,-0.03252874
10.464239,-0.060260396
10.468603,-0.07031463
10.5940275,-0.10951832
10.44501,-0.05268539
10.404323,-0.028219052
10.224593,-0.02803205
10.108776,-0.017473057
10.033347,-0.012541946
10.180197,-0.012408007
10.208455,-0.015354294
10.036215,-0.0071353912
9.9278755,-0.0059368275
10.024266,-0.011599567
10.140611,-0.021010328
10.232131,-0.02272141
9.969115,-0.016635746
9.8676405,-0.01553984
9.688367,-0.0077277683
9.784012,-0.0041370317
9.611428,-0.00038929097
9.298968,0.012537712
9.115827,0.025323354
9.107871,0.030242108
9.157272,0.030318484
8.964289,0.02679962
8.850953,0.026148228
9.08491,0.016306156
8.797029,0.0130141005
8.601139,0.008022757
8.189717,0.010420015
8.256689,0.0053934343
7.9859858,0.0056146756
7.573642,-0.0008657556
7.270713,-0.004920874
7.2285347,-0.00304134
6.5691643,-0.010791179
6.3595047,-0.009188101
6.095232,-0.008935537
6.3696737,-0.0011843666
6.331811,-0.0010951534
6.1263237,1.24536455e-05
5.8644905,0.011113208
5.746778,-0.00024043024
5.660779,-0.012734428
5.443982,-0.018016707
5.2123966,-0.023738366
5.174795,-0.03335521
5.1700726,-0.033725083
4.692187,-0.035346407
4.4683275,-0.032717668
4.2392845,-0.014644299
3.705924,-0.004300181
3.65985,-0.009101585
3.323905,-0.04111636
3.2220812,-0.04684266
3.304813,-0.04158825
2.9967558,-0.027687285
2.820847,-0.0430636
2.708047,-0.048727978
2.636077,-0.04293524
2.565015,-0.041978423
2.4700775,-0.040900256
2.4641216,-0.044573475
2.0673885,-0.04517107
2.1906133,-0.03309187
2.0612133,-0.0015302412
1.8774678,-0.022411954
1.1490942,-0.008444857
0.98741627,-0.0022923257
0.93809545,-0.0100466795
0.65327513,-0.010454681
0.39815223,-0.003674563
0.3670311,-0.010318968
0.2631718,-0.011856541
0.32697833,-0.004770115
0.2852918,0.010382913
0.21734118,0.0079922695
0.05487132,-0.0008254368
0.18203545,0.012357697
0.106431246,-0.0027279183
0.12454748,-0.0037879609
0.08147359,-0.016901687
0.07636309,-0.0086588785
0.08388519,-0.0068655945
0.07807398,-0.0078049265
0.06274843,-0.009792715
0.04189086,-0.015094496
0.057694435,-0.008784968
0.031035662,-0.011081688
0.039917946,-0.010232363
0.06603789,-0.0057354607
0.1392647,0.0038292184
0.24047256,0.020210009
0.19145179,0.009510513
0.15031505,0.012707955
0.08531141,0.025538918
0.031053782,0.02203564
0.12675297,0.0048582256
-0.0028464794,-0.0105585195
0.03558731,-0.009008307
0.029321194,0.006098645
-0.009676456,0.021589007
-0.06808519,0.025308358
-0.087566614,0.012514234
0.15586889,0.0039046742
0.21945882,0.0011844654
0.17657459,0.003409369
0.1303426,-0.007499736
0.09038329,-0.013871454
0.10032678,-0.01363498
0.053965807,-0.014036246
0.08087063,-0.015088547
0.055006027,-0.010725331
0.047091722,-0.011441577
0.050780773,-0.009958629
0.066660166,-0.011674747
0.051264286,-0.009300996
0.04878235,-0.011504237
0.030205727,-0.010765329
0.038268328,-0.011125755
0.052740574,-0.010755647
0.02546215,-0.011671934
0.040298462,-0.012248885
0.051125288,-0.010890629
0.042683125,-0.010737263
0.03319502,-0.011977263
0.029656172,-0.013409078
0.049306154,-0.009561613
0.029790163,-0.011983726
0.040139914,-0.0111089945
0.053418398,-0.011439446
0.033235073,-0.011570029
0.07550645,-0.009547196
0.067471266,-0.0038532056
0.117326975,0.0071428455
0.19492853,0.013853682
0.1880908,0.019623639
0.19508755,0.014994539
0.18458593,0.0012372397
0.17995095,-0.0034130737
0.17316651,-0.0130513385
0.13544536,-0.0010087248
0.10929704,-0.0059784316
0.09863138,0.0016537085
0.120615244,0.009033235
0.37250113,0.018394059
0.6102648,0.01899903
0.79787207,0.016419124
0.9377183,0.017827794
1.0688744,0.013614748
1.3481452,0.011280369
1.5716683,0.0802926
1.8822821,0.17176187
2.1817818,0.22972019
2.1932938,0.29395887
2.2092633,0.33177352
2.5188115,0.40477464
2.855283,0.4490438
3.149187,0.4550964
3.4923508,0.49555483
3.6705294,0.42579553
3.9549246,0.46779957
4.1250315,0.5005401
4.235988,0.4406999
4.365629,0.46084055
4.402503,0.41672987
4.7942133,0.38750178
5.1122303,0.34038395
5.4464946,0.3331488
5.538126,0.3218095
5.768674,0.3519089
5.9665747,0.33405712
6.045183,0.28068435
6.280326,0.24591479
6.5594225,0.23820712
6.7465267,0.1929747
6.823168,0.16648275
6.9176016,0.2042108
6.9217377,0.13822667
7.2006617,0.13785604
7.5398407,0.15712771
8.1001835,0.17070591
8.348138,0.14470223
8.437661,0.152518
8.882783,0.161512
9.174985,0.08563082
9.41666,0.020268627
9.569526,0.02132795
9.6501045,0.023337964
9.621882,0.020077772
9.701091,0.023071975
9.975971,0.026276316
10.309655,0.025231242
10.458081,0.023228776
10.576057,0.022020824
10.747837,0.022735536
10.754441,0.01761506
10.724416,0.0145781925
10.670618,0.01759989
10.867555,0.033173792
10.984559,0.03930006
10.836492,0.03996452
10.706733,0.029982937
10.721424,0.023713127
10.706501,0.018839054
10.629854,0.015988266
10.656535,0.010038286
10.646541,0.0029986892
10.699118,-0.0023160093
10.614333,0.00083057955
10.512353,0.003579583
10.492852,0.0037435815
10.392006,0.0048931427
10.520669,0.0026544407
10.573757,0.0027689617
10.564528,0.007824801
10.553793,0.006887775
10.586608,0.008785021
10.554794,0.010071376
10.595851,0.009343274
10.597771,0.011138208
10.763465,0.0051483586
10.639674,0.0066563934
10.690585,0.001155071
10.580122,3.956817e-05
10.573637,0.0054749995
10.525676,0.007989926
10.364342,0.01159649
10.398453,0.006758321
10.323442,0.007845076
10.365017,0.0107303485
10.255226,0.010965116
10.2676935,0.008255631
10.311785,0.00945214
10.2207985,0.009158419
10.201094,0.009641979
10.12482,0.010717753
10.148636,0.007998642
10.087851,0.0062644742
10.143788,0.0039427374
10.152629,-0.0014011413
10.040021,-0.0072063394
9.865079,-0.0064912997
9.817523,-0.0042128675
9.660007,-0.0010057073
9.627576,0.0100035425
9.520646,0.014242927
9.476682,0.013083467
9.353403,0.009111028
9.239217,0.0061974693
9.606299,0.005187463
10.013939,0.009425076
10.015504,0.010848384
9.849955,0.016608939
9.957366,0.0026475098
9.810996,0.002948936
9.796579,0.017139833
9.929582,0.023805046
10.197675,0.020617355
9.972554,0.012190614
9.736257,0.0076707806
9.690085,0.01136769
9.900072,0.007838689
9.906535,0.01662259
9.922005,0.019856393
9.855498,0.019939175
9.929153,0.021366937
9.965638,0.017976388
10.099752,0.017743133
10.083771,0.019615036
10.213191,0.023282371
10.270675,0.01718157
10.114984,0.011528455
10.300791,0.013442739
10.27533,0.012431599
10.422028,0.014309382
10.636347,0.019402921
10.780044,0.016355947
10.877606,0.015235767
10.875059,0.015505538
10.850172,0.010337703
11.003863,0.013627458
10.996851,0.009492986
11.273858,0.011436563
11.293404,0.0020654164
11.290002,-0.0019879788
11.03547,0.0007918384
10.86569,0.008900728
10.765266,0.008782107
10.76856,0.0073088408
10.8374195,0.00590791
10.767614,0.0037335977
10.788704,-0.0014486257
10.766355,-0.0050238334
10.675227,-0.004762538
10.567748,-0.005207952
10.619349,-0.012903426
10.598878,-0.015643839
10.495047,-0.013990093
10.393587,-0.018875163
10.275352,-0.0234196
10.271226,-0.023550075
10.396087,-0.025354732
10.334984,-0.01711363
10.289622,-0.020311665
10.43446,-0.0154565945
10.3015995,-0.0056887753
10.194769,0.003137881
10.222712,0.0037734546
10.040629,0.014926658
10.121549,0.015261083
9.994832,0.014049098
10.0263,0.015043973
9.941988,0.01875583
10.214078,0.006833583
10.281407,0.00564982
9.857834,0.012651512
10.080246,-0.004110623
10.001705,-0.0035989992
9.945489,0.0018470995
10.250997,0.00289578
10.451044,0.0006897263
10.367124,0.0038246587
10.335114,0.007789016
10.131094,0.016372353
10.083591,0.01704159
10.273671,0.011428798
10.375653,0.00947745
10.366301,0.007811006
10.054172,0.010241233
10.563386,0.009481488
10.679136,0.009643296
10.700612,0.018631227
10.779607,0.018347206
10.716161,0.016579952
10.7684145,0.012093112
10.585324,0.0071930904
10.650439,-0.001662828
10.861397,-0.00070336275
10.953513,0.005713921
10.70003,0.00929831
10.536094,0.0175545
10.060179,0.017864194
9.959635,0.020432882
9.782445,0.018409733
9.06301,0.020434305
9.187344,0.017461985
9.993725,0.009410908
9.895065,0.008047607
9.559801,0.011584831
9.916303,0.00018077716
9.858568,-0.008302961
9.915171,-0.007938866
9.972977,-0.0027100034
9.814006,0.0006006658
9.580957,0.005415298
9.574381,0.006462261
9.414762,0.0027132053
8.775619,0.0055060927
8.595021,0.0007442292
8.272934,0.00826088
8.331211,0.014902246
8.525779,0.01493249
8.718349,0.01381835
8.564907,0.022809818
8.843576,0.019973759
8.684325,0.018972512
8.786613,0.009715641
9.004802,0.00822733
9.199245,0.003638275
9.33785,-0.06432143
9.034649,-0.06368755
8.950078,-0.1012498
8.841074,-0.24098949
8.886808,-0.10337789
9.393063,-0.028113384
9.729213,-0.027671564
9.14779,0.019751426
8.750055,0.018800147
8.72795,-0.045226958
8.995983,-0.09157935
9.4156275,0.004145816
9.452995,0.014910356
9.429213,0.012290314
9.659284,0.011611905
9.819141,0.0038611144
9.9964695,0.004768409
10.144601,0.0029583499
10.149969,0.0047849733
10.304902,0.0014152192
10.345896,0.004683545
10.481895,0.0006673541
10.46227,-0.00050072744
10.582359,0.0013559479
10.671945,-0.0019202679
10.739318,-0.0010253284
10.924635,-0.0067203194
11.17963,-0.009625714
11.325811,-0.014230888
11.295716,-0.019571025
11.19346,-0.027191222
11.366877,-0.03957062
11.475323,-0.04966828
11.474187,-0.04965936
11.451701,-0.04751746
11.291799,-0.040994
11.19333,-0.038520586
11.120327,-0.029517531
11.223621,-0.034495924
11.336239,-0.04186326
11.362887,-0.0473
11.227919,-0.049531695
11.33759,-0.06174789
11.172919,-0.058158915
11.144942,-0.05065566
11.138582,-0.049903367
11.06676,-0.046699118
10.79242,-0.039394315
10.76793,-0.038986053
10.607427,-0.03461382
10.528378,-0.02881556
10.334974,-0.025289837
10.075417,-0.025789727
10.174191,-0.035726633
10.040353,-0.04049002
9.741497,-0.031599056
9.349855,-0.03851552
9.227457,-0.038187537
9.068351,-0.031108849
9.075597,-0.04058395
9.048812,-0.035024915
8.963902,-0.03777424
8.705503,-0.038254183
9.081238,-0.038232993
8.964063,-0.039305802
9.010747,-0.028800737
8.905011,-0.03128257
9.076998,-0.03887434
8.95937,-0.03946798
8.773126,-0.035366375
8.6694,-0.02002234
8.781326,-0.0161645
8.989601,-0.018930662
9.074592,-0.014367204
9.077882,-0.013566621
9.046201,-0.018917978
9.1381035,-0.017883789
9.227112,-0.01487923
9.356142,-0.018224198
9.533759,-0.019408207
9.613893,-0.022660222
9.562705,-0.014921468
9.599519,-0.013971988
9.65466,-0.014814448
9.760142,-0.019981418
10.014968,-0.0092405565
10.209826,-0.001819551
10.344548,0.0071664937
10.349698,0.021223903
10.402632,0.021130882
10.505274,0.020887505
10.581974,0.015603375
10.350621,0.0042906944
10.403075,-0.011522371
10.419226,-0.04150672
10.353281,-0.038339194
10.691705,-0.039612327
10.949477,-0.038552325
10.998317,-0.03281599
10.948594,-0.03525893
10.995494,-0.039401915
11.025452,-0.031718727
11.116104,-0.02379569
11.25621,-0.031338926
11.409851,-0.023654584
11.44771,-0.015976995
11.501551,-0.006704148
11.481982,0.004005734
11.550761,0.0061837323
11.486675,0.01992139
11.521094,0.021941159
11.5501175,0.03497773
11.451666,0.040330593
11.626438,0.039970983
11.601701,0.024982587
11.497367,0.025482226
11.511676,0.03677649
11.456782,0.028034292
11.289387,0.017044444
10.904952,0.008940142
11.005331,0.005222272
11.071212,0.004215747
11.000151,0.006162882
10.973848,0.007506078
10.974247,0.0039762333
10.641081,0.0046950504
10.962803,0.008160578
11.09826,0.01220561
10.910181,0.011592265
10.818951,0.007783767
10.951746,0.0024823751
10.874073,0.002806304
10.45785,-0.0069513693
10.495418,-0.005363371
10.588593,-0.011631664
10.531831,-0.016385932
10.4813385,-0.01318768
