predicted forward vel,predicted angular vel
4.6639214,-0.009172376
4.51657,-0.022642251
4.4359627,-0.01664291
4.3258343,-0.04433467
4.3658133,-0.05917323
4.5296545,-0.03203548
4.5028296,-0.06357941
4.4866457,-0.051750142
4.5396996,-0.04171985
4.8044624,-0.05844852
4.8144298,-0.048975687
4.777002,-0.042998638
4.905243,-0.035145696
4.899845,-0.02456199
5.038354,-0.019581925
5.1516485,-0.01641741
5.263608,-0.009360958
5.3767915,-0.012473866
5.4821663,-0.011863325
5.5839014,-0.010514952
5.745081,-0.007103715
5.8351393,-0.012673732
5.9998837,-0.01645689
6.1840124,-0.005456444
6.2717676,-0.008482333
6.3266487,-0.009544726
6.336361,-0.015471116
6.425514,-0.00140265
6.5457535,0.01554844
6.653632,0.023071697
6.9171505,0.041080832
7.0781517,0.047216237
7.279477,0.056424618
7.521289,0.06089986
7.626089,0.029219614
7.7701693,0.005575875
7.7681923,-0.006925244
7.7547007,-0.00101953
7.878974,0.041899413
7.9343452,0.04346291
7.938451,0.08583672
7.9550076,0.058405384
7.9835625,0.06783962
8.0859995,0.04449347
8.063728,0.033805184
7.9455624,0.037409794
8.029271,0.016675219
7.975936,0.011008687
7.9699087,0.031100204
8.074653,0.03085522
7.9207067,0.04097016
7.9709635,0.033555098
7.741789,0.050075725
7.642267,0.050275944
7.594844,0.050176814
7.2836666,0.021768648
7.2012367,0.047503874
7.0787096,0.033201862
7.053237,0.067533754
6.790924,0.045369975
6.393832,0.0688055
6.2979574,0.016719319
6.4120665,-0.08628382
6.584749,-0.114084765
6.270568,-0.06822489
5.8443274,-0.061412554
5.8495893,-0.057909805
5.8324223,-0.016376425
5.555334,-0.08625561
5.3445597,-0.1920925
5.15158,-0.1755474
5.253078,-0.20307553
5.230196,-0.24106364
5.049306,-0.31094962
4.8418255,-0.31770015
4.783987,-0.35768163
4.776861,-0.40416914
4.6903667,-0.46021873
4.609289,-0.47388878
4.2165613,-0.50639844
3.775272,-0.47755513
4.0524073,-0.38821232
4.054998,-0.3761347
4.27769,-0.42175356
4.1865854,-0.38625234
3.8805666,-0.43366346
3.8336353,-0.4617255
3.8842487,-0.46619862
3.8788786,-0.41614467
3.5509682,-0.43236056
3.4764998,-0.4338834
3.6901398,-0.43525892
3.7001488,-0.49902722
3.9135904,-0.49326912
3.6981611,-0.44435358
3.7865171,-0.41627434
3.8684192,-0.31404626
4.161911,-0.27202362
4.3379107,-0.22401647
4.274929,-0.29082608
4.2637405,-0.3177831
4.320465,-0.31165135
4.3031864,-0.28710485
4.366741,-0.24237408
4.559016,-0.2195787
4.6025667,-0.10659622
4.850485,-0.02183057
5.228359,0.010261975
5.347249,-0.026226241
5.6586475,-0.0236208
6.057863,0.021337444
6.102624,0.0050066747
6.433531,0.0004136283
6.577218,0.00899693
6.7429867,0.004055068
6.71177,0.004339967
6.6619577,-0.027582202
7.217951,-0.029606123
7.26742,-0.032466907
7.2898493,-0.03558365
7.360628,-0.043600667
7.4009542,-0.045367416
7.5563135,-0.048610065
7.6693487,-0.057242718
7.6857815,-0.043288838
7.6709347,-0.03241595
7.8171835,-0.07203072
7.633216,-0.054845866
7.520606,-0.017399944
7.1812477,-0.015648011
7.2719297,-0.04118454
7.40047,-0.09234135
7.908738,-0.10421932
8.130299,-0.09515865
7.947832,-0.07724677
7.770912,-0.031254362
8.1118965,-0.05030794
7.5828342,-0.0029180758
7.634285,-0.011386197
7.790574,-0.029422257
8.015925,-0.07524046
8.117596,-0.03340217
8.031979,-0.040322986
8.153025,-0.09097928
8.486763,-0.10426372
8.571718,-0.042300064
8.485142,0.00030095875
8.632027,0.010812771
8.900074,0.0046549737
8.678978,-0.010652658
8.813718,0.0089268815
8.921464,0.004551377
9.162368,-0.00058316067
9.441969,-0.0042856596
9.784779,-0.0014983844
9.854976,-0.013938513
9.851187,-0.024641328
9.7358,-0.015832845
9.8080435,-0.012159064
10.054631,-0.0039011985
10.425957,0.027600277
10.440582,0.037165783
10.484474,0.040092938
10.483887,0.029117947
10.505683,0.008254014
10.571667,0.0155386515
10.285191,0.020548414
10.384576,0.0094030835
10.564971,0.0029089823
10.340557,0.015131073
10.198929,0.016373347
10.068077,0.018575098
10.034167,0.014607822
10.064481,0.01023243
10.295848,0.017432928
10.447991,0.018160649
10.599944,0.0029139929
10.334209,-0.00014295056
10.209474,-0.012356091
10.012556,-0.010373075
10.328369,-0.009423785
10.505725,0.014759412
10.518293,0.017163575
10.514547,0.0018894076
10.47415,0.0074595325
10.293257,0.02688639
10.0974455,0.013612568
10.19219,0.024772743
10.515177,0.024222665
10.3279085,0.038213268
10.317213,0.029425465
10.344097,0.013231994
10.328184,0.005956473
10.260494,-0.007080216
10.356194,-0.002173705
10.385638,0.0022986494
10.511482,0.020776052
10.410523,0.013845536
10.35647,0.010927191
10.179342,0.012084611
10.198203,0.007851459
10.137061,-0.004402809
10.27727,-0.00048492104
10.208787,0.0019344129
10.206648,0.011531446
10.344449,0.026277248
10.21734,0.025069322
10.21807,0.0154592665
10.20249,-0.0044717155
10.089811,0.0037691016
10.096385,-0.0039483495
10.033972,-0.002779683
10.1246395,-0.0051294975
10.118048,-0.012051269
9.949126,-0.008002076
9.705465,-0.01908655
9.69061,-0.028016958
9.723815,-0.0151425
9.7565155,-0.0033933446
9.632118,-0.0067783184
9.668815,-0.014720984
9.450401,-0.0072368123
9.460756,-0.006289769
9.360776,-0.011053879
9.587707,-0.02530146
9.529742,-0.030566908
9.554409,-0.035768803
9.415263,-0.029606406
9.421534,-0.014145892
9.177166,-0.007779699
9.112044,-0.0012860857
8.753331,-0.0050211437
8.641788,-0.017409317
8.517165,0.020034116
8.23104,0.022708211
7.9973974,0.009181788
7.594056,0.003386736
7.828533,-0.0024723671
7.555833,-0.0011952426
7.2860556,0.013610066
6.823595,0.012835405
6.615183,-0.00546192
6.399,-0.04244868
6.16685,-0.02380963
6.0211115,-0.025922429
5.7013836,-0.007865299
5.487282,0.036333375
5.2699685,0.072186366
5.0066576,0.059514612
4.6915865,0.016756672
4.8440104,-0.016131114
5.22472,-0.034478676
5.106863,-0.0074438117
4.596406,-0.007470228
4.486017,0.0015275478
4.7590084,0.019589046
4.971957,0.02830283
4.726142,0.027547628
4.651561,0.020843793
4.4459887,0.006554125
4.7152023,0.020554807
4.7449036,0.015589707
4.672769,0.020752836
4.3901787,0.03761283
4.4053264,0.037695263
4.404788,0.03112076
4.143094,0.061217796
4.170579,0.07053582
4.2304316,0.074426815
4.071848,0.086774155
4.1844435,0.052187633
4.161441,0.061695267
4.231815,0.058961794
4.0356092,0.065530196
3.8471527,0.08199987
3.4622805,0.10688606
3.2126417,0.13193199
3.2889261,0.121734634
3.514411,0.1113224
3.5580726,0.11319956
3.4473186,0.081846744
3.3850315,0.13621508
3.6557617,0.15580806
3.5704598,0.14339156
3.94239,0.14660886
4.127261,0.1379951
4.0290623,0.13806306
4.2288733,0.11858058
4.383504,0.11612119
4.2318897,0.1072557
4.088438,0.12460823
4.514552,0.1159378
4.530838,0.1079492
4.572994,0.10612404
4.9342365,0.11468673
5.1429443,0.112201944
5.2719574,0.09971821
5.3486547,0.06371862
5.438299,0.032903407
5.3493776,0.04240842
5.698394,0.011346905
5.806073,0.037630625
6.2381525,0.01332301
6.19458,-0.010800749
6.155199,0.007785594
6.5904512,0.0374737
6.6204023,0.05778688
6.80692,0.061610643
6.816184,0.062909186
6.8822765,0.06587142
7.4892883,0.05449154
7.642871,0.03536323
7.8077917,0.04173669
8.186583,0.023502989
8.011939,0.04272628
8.049546,0.041071035
8.1744175,0.019751545
8.081045,0.017615965
8.317499,-0.010741822
8.037393,-0.009706873
8.048247,-0.02319396
8.03025,-0.006777663
7.877864,0.0018021166
8.005609,0.01762414
8.077733,0.007706629
7.7688656,0.014426377
7.964574,0.0015595909
8.195256,-0.022214457
8.284109,-0.031473268
8.193822,-0.04766312
7.8893614,-0.046142545
7.6720953,-0.031715278
7.774147,-0.021253567
7.454789,-0.022141803
7.5118628,-0.026146632
7.475691,-0.028697062
7.3503304,-0.02589083
7.294574,-0.026732538
7.024602,-0.040069852
6.9425125,-0.049074057
6.5081654,-0.04818024
5.9432487,-0.04770383
5.6266384,-0.03286815
5.4505415,0.027032472
5.5731487,0.04295665
5.236126,0.07203404
4.787339,0.06138709
4.5958815,0.055859372
4.358004,0.09314956
4.3573923,0.104113385
4.187999,0.11131871
4.1590643,0.11430532
3.6092162,0.08877973
3.0522914,0.068225965
2.6563897,0.15150915
2.5474179,0.16887431
2.5967324,0.17727269
2.6786666,0.18400057
2.830042,0.15404305
3.2066498,0.10705465
3.0825634,0.042561475
2.7255778,0.12613969
3.0814083,0.13154326
2.9225557,0.17445242
2.778427,0.10023156
2.8018618,0.08076303
2.6922927,0.07230885
2.7962208,0.01894534
2.9140635,0.0634985
2.8884215,0.013372678
3.0674253,0.03890116
3.0120912,0.0005228333
3.1534271,0.07087281
3.2943602,0.061456513
3.6179967,-0.022351887
3.7248096,0.00042011216
4.1657248,0.01367994
4.2932496,0.049381163
4.4069605,0.041679185
4.6078577,0.04272315
4.9113197,0.047890868
5.169332,0.05176825
5.2189684,0.05019855
5.4372816,0.045384206
5.5434084,0.027157623
5.939857,0.05939646
6.102111,0.050992716
6.286187,0.030303366
6.319543,0.03692669
6.423156,0.043207634
6.5523386,0.037908055
6.673547,0.036874227
6.839608,0.031180533
7.4705257,0.017035853
7.6231422,0.017948806
7.689867,0.032857344
7.5513306,0.03212487
7.5923157,0.034336478
7.784889,-0.05155095
8.234405,0.0164069
8.558349,-0.010548357
8.733518,0.030756261
8.649505,0.037830748
8.543728,0.023057492
8.618271,0.06480384
9.065856,0.073989585
9.328271,0.056831695
9.376071,0.066888675
9.740243,0.044864386
9.650622,0.026097767
9.564906,0.01649003
9.642633,0.03782481
9.460808,0.051168866
10.010046,0.07927814
10.044403,0.0665946
10.027012,0.05557315
9.951593,0.04215645
9.802043,0.01830652
10.1370945,0.0073144026
10.025744,0.04422473
9.868958,0.017998591
9.851287,0.044412076
10.029723,0.04952602
9.963522,0.052086905
9.890083,0.04024768
9.96216,0.0285674
9.88647,0.01624217
9.730986,0.013047596
9.836507,0.015144702
9.749124,-0.00015277043
9.692269,-0.0010825321
9.774013,-0.0251818
9.635266,-0.027739782
9.494117,-0.008488782
9.390336,-0.028574381
9.294883,-0.042640988
9.428269,-0.04846887
9.411191,-0.035252508
9.374957,-0.034305852
9.335635,-0.03458714
9.446831,-0.033197846
9.368879,-0.033301856
9.206024,-0.028157216
9.12752,-0.052334365
9.192409,-0.05903616
9.133132,-0.035320286
9.299713,0.0010225512
9.418659,0.01434471
9.459029,0.008881923
9.240162,0.022470528
9.546215,0.04026098
9.623274,0.04165884
9.418176,0.03333905
9.378347,0.02506015
9.226668,0.011676164
9.118997,0.0029843748
9.11251,-0.0028466824
8.983652,-0.006102942
8.983175,-0.008178439
8.975222,-0.008227479
8.960745,-0.005005371
8.925312,-0.011711754
8.918482,-0.011862636
8.877073,-0.007947661
8.752773,-0.004300762
8.701898,-0.005878795
8.64519,-0.00931108
8.63477,-0.015477974
8.706117,-0.023389094
8.755689,-0.03259522
8.713833,-0.036847327
8.576886,-0.041448247
8.497398,-0.039898347
8.407203,-0.0408522
8.299055,-0.047131445
8.254086,-0.07473618
8.163,-0.076463014
8.198856,-0.043309737
8.076156,-0.08977595
8.29744,-0.04782292
7.732087,-0.052096006
7.2434664,-0.10513915
6.803445,0.014312528
6.3813105,-0.05746462
6.6340065,-0.13769883
6.500334,-0.19427519
6.4008007,-0.26085323
6.4223776,-0.2759827
6.3544903,-0.2792255
6.1400175,-0.21767423
5.748764,-0.22353528
5.634142,-0.31024194
5.507578,-0.2501513
5.174181,-0.18759002
4.9624596,-0.22978838
4.7718506,-0.22514616
4.8541737,-0.2648014
4.9074845,-0.18879497
5.0763016,-0.09281528
4.9766054,-0.06442639
5.255701,-0.067181334
4.9418764,-0.013862323
4.941104,-0.037330236
4.7281413,-0.28173408
4.6878834,-0.114035636
4.5672193,0.011925433
4.550589,0.08875799
4.7448606,0.023419697
4.9114847,-0.023233216
4.794919,0.027148638
4.787474,0.0141312815
4.8950825,0.07647608
5.258623,0.016638087
5.3471746,0.026638815
5.4637046,0.033363402
5.4633055,0.028980153
5.55575,0.025513183
5.590538,0.025439885
5.692114,0.023105424
5.848811,0.019281987
6.0183825,0.016766168
6.132242,0.012487028
6.23096,0.02300215
6.4861746,0.02391124
6.779519,0.031349316
6.6924944,0.0398691
6.921199,0.03851709
7.2010384,0.039251756
7.2989674,0.03904683
7.2547874,0.026998913
7.50679,0.025857667
7.566738,0.029995622
7.8927135,0.03052914
7.9345617,0.027452229
8.002807,0.028918885
8.189106,0.02771679
8.503299,0.026266431
8.634898,0.018315356
8.591821,0.02381288
8.71862,0.028518122
8.579653,0.030877028
8.914662,0.031927273
9.323476,0.025022544
9.469385,0.018381758
9.576206,0.013165366
9.393749,0.009814909
9.326025,0.013936402
9.604857,0.013405985
9.4332075,0.007586373
9.755235,0.008396301
9.746498,0.009755887
9.857699,0.0026808232
10.002961,-0.00029848889
10.348071,0.0048649292
10.496714,0.00500652
10.46294,0.009390816
10.319468,0.01042673
10.3264,0.004067989
10.122564,0.0045320503
10.158473,0.0008260533
10.108124,-0.00069390424
10.320191,-0.013048768
10.381149,-0.016355973
10.4295025,-0.010288488
10.395135,-0.008473273
10.355626,-0.0071606264
10.340155,-0.009548254
10.096115,-0.010642309
10.103481,-0.009515379
10.073624,-0.005440086
10.210699,-0.006112747
10.153536,-0.0033490993
10.154728,-0.0037244484
10.143137,-0.0053087287
10.168112,-0.0074622706
9.866583,-0.00601406
9.630941,-0.0008663796
9.441305,0.0005405247
9.490076,-0.0030309
9.621132,-0.00036976673
9.674058,-0.0049292743
9.581977,-0.003723681
9.694274,0.004641177
9.555358,0.012221288
9.630223,0.015098042
9.647764,0.019015493
9.755573,0.019041784
9.737741,0.01433193
9.680022,0.01191018
9.695369,0.0064483024
9.617012,0.009770652
9.633818,-0.057392593
9.680663,-0.08793883
9.5738325,-0.061071392
9.51705,-0.024260316
9.661377,-0.029049259
9.506845,-0.0020948946
9.444705,-0.001034569
9.404714,0.0023329258
9.560715,0.008152509
9.565579,0.012644585
9.551537,0.017920807
9.522154,0.016775388
9.515801,0.014111085
9.432894,0.016144916
9.442976,0.019694842
9.30699,0.01919192
9.142038,0.01629972
8.857918,0.020457374
8.920085,0.02790228
8.893405,0.036971036
8.748659,0.03678771
8.67103,0.029185578
8.583292,0.0231043
8.469335,0.023147391
8.238462,0.020275813
8.004372,0.016594522
8.03738,0.014994965
8.052602,0.014699439
8.039714,0.016823282
7.7640247,0.012106391
7.329133,0.008391928
7.3315287,0.00827604
7.3616543,-0.0008279141
7.7125187,0.00450119
6.9867992,0.008622201
6.6898956,0.023993962
6.797309,0.012127019
7.0258017,0.013714326
6.990473,0.01316007
6.5663567,0.023619002
6.102502,0.021466041
5.778775,0.023439309
5.6589313,0.030533563
5.9853144,0.030192502
5.7087374,0.069413885
4.9152603,0.05764184
5.1289263,0.06735815
5.1576004,0.054072123
4.5062056,0.08411979
4.886444,0.10987127
4.712904,0.11112906
4.4651165,0.12731725
4.256411,0.14028673
4.0655193,0.12952727
3.8950999,0.11705671
3.671004,0.12991706
3.4096584,0.13909139
3.11639,0.12341727
2.8429089,0.12774256
2.766569,0.12300806
2.6986237,0.11909258
2.6204515,0.11318566
2.1955936,0.111759424
1.8978676,0.10898535
1.790953,0.110228986
1.4418975,0.09864551
1.2170868,0.10582009
1.3841267,0.10858759
1.6966228,0.09049268
1.5276676,0.12946919
1.0358201,0.13822043
0.93298507,0.17909695
1.1793863,0.17314757
1.5169568,0.15891889
1.2792068,0.15606137
1.136812,0.15399121
1.1879063,0.13657095
1.2344153,0.13971297
1.2297866,0.18564212
1.1217868,0.21326031
0.93160534,0.27599066
1.4126081,0.32067358
1.6800137,0.3505662
1.7767336,0.37023667
2.0694332,0.33042258
1.9271493,0.30297768
2.0553522,0.30916944
2.271923,0.31388432
2.4091558,0.27855825
2.6371243,0.2746864
2.8446894,0.27174664
3.0067208,0.24350935
3.3858683,0.28416276
3.2443776,0.31170246
3.396892,0.31034496
3.5992484,0.28763622
3.7429624,0.24573995
3.829653,0.25415796
3.8220968,0.25239643
4.1411786,0.2443316
4.48427,0.25662962
4.690877,0.27885795
4.7515535,0.20493333
5.0058584,0.20715903
5.2889605,0.16405317
5.793168,0.093327746
6.2053423,0.071014
6.2732143,0.1950558
6.637048,0.20232596
6.8140287,0.28832835
7.0466347,0.3288862
7.1384487,0.2600433
7.450962,0.14820412
7.6802454,0.10346539
7.876173,0.1413563
7.9817343,0.14244848
8.568061,0.112297386
8.998795,0.011080008
8.990595,-0.005917147
9.184983,-0.027184151
9.400781,-0.01933539
9.518956,-0.029192664
9.732248,-0.031496637
9.787677,0.022554826
9.922755,-0.009041846
10.007865,-0.04279555
10.101181,-0.033631478
10.011242,-0.030706495
10.054186,-0.02610324
10.050934,0.0056007877
10.037716,0.021423914
10.23762,0.06931941
10.372081,0.07424481
10.168184,0.05286921
10.094793,0.050203666
10.110542,0.00367653
9.975469,-0.0015613064
9.914326,-0.005672209
9.913713,-0.0068857074
9.972323,0.0046100114
9.927351,0.0032888409
10.075088,0.010293344
9.9009495,-0.0333927
10.107492,-0.032153834
9.903684,0.004013635
9.7017355,0.030717632
9.887999,0.031618673
9.525099,0.03069453
9.361947,0.029109402
9.37896,0.028836947
9.275437,0.025224958
9.002603,0.021455823
8.8032465,0.021196272
8.6666355,0.019521765
8.577084,0.012167063
8.564125,0.0050718375
8.591599,0.012087552
8.590846,0.008167544
8.679523,0.004935758
8.903978,0.00730421
8.945728,0.013883255
8.641164,0.014122779
8.140548,0.02323439
8.261891,0.021820594
8.387374,0.0132238995
8.168992,0.020333556
8.014452,0.0160646
8.072634,0.0099509265
8.113548,0.002169041
8.218938,0.013042542
8.437618,0.013191717
8.492607,0.012090886
8.654759,0.00829188
8.977367,-0.012606349
8.827617,0.0025052093
8.8393545,0.018522127
9.1178875,0.010803236
9.311673,0.011311408
9.134724,0.016489238
9.1615925,0.018197332
9.385138,0.010975486
9.593318,0.0060623605
9.650654,-0.00073320046
9.645955,-0.0014202613
9.850307,0.0018766373
10.068127,0.0055679083
10.243406,0.010136388
10.346576,0.0040561166
10.459543,-0.009709641
10.328541,-0.019544363
10.422027,-0.039743315
10.693054,-0.041825246
10.815754,-0.040145587
11.02379,-0.03367128
11.069219,-0.032194365
10.978586,0.0046028607
11.149727,-0.040436532
11.24997,-0.0131543465
11.444286,0.038293004
11.395032,0.07760131
11.318463,0.102136835
11.667859,0.114775926
11.734472,0.115642756
11.904433,0.10048565
11.891279,0.09174132
11.693102,0.05921746
11.846078,0.0534656
12.21917,0.050375797
12.149654,0.056781203
11.941357,0.06992409
11.99506,0.054853752
11.954986,0.062369566
11.829133,0.060374077
11.716729,0.05594051
11.6282625,0.062190004
11.672586,0.044546857
11.511115,0.027048308
11.843543,-0.0076179616
11.868507,0.006431099
11.728986,0.008715134
11.454476,-0.022424288
11.448648,-0.05312516
11.415169,-0.117273584
11.332066,-0.13044253
11.258217,-0.109403566
11.06377,-0.06417176
10.926258,-0.029078726
10.876135,-0.029907975
11.057943,-0.029794436
11.403913,-0.031129982
11.096371,-0.024016127
11.094923,-0.021136098
11.330197,-0.020990107
11.234651,-0.031344414
11.295516,-0.0813282
11.51118,-0.05921175
11.275788,-0.03902554
11.213706,-0.052360903
11.322777,-0.011857588
11.296867,-0.00858859
11.272194,-0.004960913
11.36228,-0.007890198
11.275547,-0.0123907365
11.22776,-0.017071035
11.348498,-0.021426562
11.423271,-0.019861374
11.248294,-0.012709305
11.186094,-0.035776358
11.25509,-0.016132079
11.346166,-0.0032114126
11.051818,-0.0072121546
11.227219,-0.071934044
11.180248,-0.056104306
11.224898,-0.009005267
11.117603,-0.012409244
11.175777,-0.04490539
11.063355,-0.024306018
11.096942,-0.026782151
11.127221,-0.0297748
11.18926,-0.028417934
11.078735,-0.025297415
11.075147,-0.021346878
10.956977,-0.031550627
11.04322,-0.045173083
11.052606,-0.031229228
11.067284,-0.033736076
10.967981,-0.028792176
11.047448,-0.028803922
11.138465,-0.029566854
11.241243,-0.028439905
10.987095,-0.015484758
11.04706,-0.020373683
10.819131,-0.022675987
10.808583,-0.022091676
10.631856,-0.023101311
10.487107,-0.016292129
10.472396,-0.011612631
10.407881,-0.013276637
10.169855,-0.017298661
10.291375,-0.012948412
10.258784,-0.012300175
9.949631,-0.012198117
10.262656,-0.015749704
10.136723,-0.014303755
9.940108,-0.0081742965
9.667619,-0.00030018203
9.514286,0.005644191
9.360818,0.005919356
9.453248,0.010503486
9.382633,0.006261265
9.520125,0.0043425523
9.614815,-0.004634775
9.507123,-0.002594728
9.32957,-0.009156086
9.254119,-0.009162843
9.154996,-0.011710007
9.201778,-0.011722278
9.151414,-0.014619
9.1726885,-0.020712461
9.034444,-0.021825697
9.13652,-0.023991928
9.142284,-0.019007955
9.029069,-0.019040156
9.343102,-0.014830921
9.401285,-0.015811555
9.197576,-0.010384761
9.034803,-0.008814957
9.10149,-0.007806722
9.120483,-0.003227245
9.083544,-0.004370641
9.187667,0.00014932081
9.145941,0.0023147017
9.199311,0.0056240894
9.101333,0.005992867
8.971172,0.0044505075
8.704277,-0.00097240135
8.65521,-0.0012945123
8.894697,0.0037226006
8.988481,0.007579811
8.908987,0.010802362
8.924384,0.005628612
8.856349,-0.0020355657
8.683047,-0.0015243739
8.7517,0.0020289235
8.660142,0.0038358737
8.593831,0.002252467
8.551505,-0.0022028647
8.447462,-0.0042504407
8.376603,-0.0024974998
8.517903,-0.0064239986
8.719526,-0.0098359585
8.621198,-0.004570972
8.716684,-0.0032506473
8.68278,-0.0017795693
8.808982,-0.0008572992
8.376783,-0.0035784058
8.331297,-0.0053124167
8.250243,-0.001818506
8.462551,-0.007130958
8.226139,-0.016090155
8.278316,-0.009043314
8.257143,-0.009391572
8.074008,-0.009934094
8.142032,-0.018728271
8.151599,-0.018298697
8.223117,-0.017513614
7.918623,-0.021091122
7.7549515,-0.023261134
7.8064985,-0.022299506
7.583453,-0.024199523
7.4485083,-0.02428956
7.311677,-0.025615703
6.9561214,-0.02605037
6.62731,-0.022151608
6.446369,-0.0046308152
6.496108,-0.00066271797
6.293435,0.017638618
5.9579644,0.01947755
6.094054,0.020511996
5.800214,0.027000386
5.890171,0.030307129
5.7440796,0.03059469
5.6689835,0.026658867
5.5875907,0.028028322
5.100772,0.043423608
4.9017935,0.05763997
4.764638,0.05711001
4.6739464,0.044538274
4.501878,0.054499358
4.641608,0.046786923
4.5356035,0.04880025
4.757821,0.045356333
4.6833706,0.056199312
4.66131,0.05547318
4.9792633,0.038509328
5.037667,0.034297984
5.355139,0.028185721
5.713462,0.011011228
5.6583233,-0.0059681386
5.865389,-0.011030659
5.967579,-0.03111824
5.9362926,-0.028202955
5.9929266,-0.070004255
6.436473,-0.09428555
6.7679996,-0.09427942
6.9226713,-0.08533946
7.0639763,-0.08332501
7.2523766,-0.08907506
7.355793,-0.07950623
7.4135866,-0.08381446
7.551958,-0.10220936
7.722556,-0.13474144
7.8988657,-0.14290486
8.296358,-0.17843021
8.469949,-0.23332097
8.457691,-0.29129133
8.480663,-0.29308632
8.475816,-0.30574086
8.830306,-0.36140546
9.099358,-0.3461102
9.14402,-0.33046815
9.404576,-0.31094286
9.601338,-0.2887948
9.639113,-0.31035945
9.459399,-0.31763014
9.564122,-0.27726316
9.63372,-0.3115729
9.923316,-0.33602557
9.895376,-0.25731102
9.972121,-0.26992193
10.02109,-0.2795983
10.122185,-0.2507178
10.118815,-0.17580512
10.1798315,-0.14201085
10.337933,-0.10679406
10.240401,-0.094784886
10.474284,-0.082081735
10.447608,-0.08234583
10.497951,-0.07811099
10.507225,-0.097271815
10.737434,-0.09172276
10.753672,-0.11302507
10.756505,-0.07789931
10.919046,-0.12644611
11.231526,-0.14134584
11.019602,-0.16835718
10.908458,-0.1723412
10.897433,-0.1939983
11.125694,-0.21356086
11.359069,-0.23763295
11.40377,-0.22929235
11.162063,-0.20684989
10.939988,-0.17724755
10.871441,-0.16073601
11.038154,-0.11654368
11.1848,-0.076927885
11.253577,-0.064768985
11.232471,-0.059898596
11.148662,-0.057542693
11.038367,-0.053274807
11.0065365,-0.047619652
10.878732,-0.044847805
10.923388,-0.044702422
11.012497,-0.049812
11.0787945,-0.045078035
11.017438,-0.042019438
10.909555,-0.039245863
10.743367,-0.035544004
10.5903425,-0.024212413
10.513761,-0.018375326
10.610193,-0.019183975
10.726245,-0.029920254
10.713886,-0.036803436
10.554068,-0.031173192
10.501942,-0.027640712
10.454448,-0.02866925
10.501249,-0.032144744
10.37986,-0.03334772
10.234998,-0.021938551
10.103594,-0.01733644
10.230437,-0.011727292
10.250594,-0.0077628195
10.518011,-0.0022717118
10.522075,0.00470539
10.381159,0.0030233506
10.389483,0.0060722306
10.036871,0.0037233084
9.888672,0.0014209766
10.31651,0.0066046137
10.2737055,-0.0018042177
9.545591,0.032983888
9.531401,0.03419684
9.427736,0.011684826
8.692154,0.012707317
8.687892,0.016573898
8.562812,0.022229932
8.014829,0.043255605
8.244848,0.042384226
8.216014,0.039848775
8.091936,0.027237874
7.64579,0.052400846
7.945346,0.030910708
8.011901,-0.014019217
7.9018164,-0.050716486
7.7144003,-0.12761828
7.5224705,-0.22640999
7.6053324,-0.18275644
7.354436,-0.20994522
7.284486,-0.14854783
7.219906,-0.16985948
7.514595,-0.2150925
7.5609283,-0.2583955
7.637883,-0.26077685
7.6440096,-0.16975646
7.498313,-0.12037732
7.3963165,-0.100801975
7.292634,-0.09392853
7.277047,-0.08983709
7.2843037,-0.076824516
7.3377733,-0.0871775
7.3275585,-0.07236409
7.3287477,-0.033197287
7.22659,0.0028756242
7.1325626,-0.06388983
7.0127506,-0.031395182
6.9853163,-0.103349045
7.165737,-0.124179944
6.9342165,-0.009825703
7.0107546,-0.02378165
6.81612,-0.043595206
6.676937,0.0058909226
6.337428,-0.028617594
6.263851,-0.015954077
5.992192,-0.008514356
5.8577824,-0.002465872
5.8419323,0.006979281
5.642953,0.0042056944
5.5135584,0.015624909
4.8246164,0.020028397
4.902528,0.023489662
4.5100217,0.023818264
4.2333403,0.01754141
4.028466,0.02437351
3.9466662,0.032228936
3.5030441,0.039105706
3.1758175,0.054450817
2.8728168,0.06448473
2.6239734,0.07197185
2.3502626,0.074707955
2.11193,0.06997587
1.8460836,0.07593022
1.7132661,0.07461947
1.2061279,0.08576205
0.9872085,0.091230586
0.997107,0.091171
1.0286441,0.085765645
0.8474238,0.091475576
0.77598596,0.09120637
0.9140029,0.089391194
1.1340687,0.086566806
0.8701832,0.09551038
0.7499802,0.105118275
0.55267346,0.10350075
0.52874434,0.1059531
0.82534325,0.1005889
1.1078745,0.090587005
0.8555412,0.102473244
0.67434716,0.108708784
0.35860717,0.11419739
0.3609618,0.1153775
0.12081814,0.119367436
0.46864116,0.11503439
0.7925447,0.14410296
0.7328019,0.16568957
1.2994826,0.14679904
1.0481199,0.12980184
0.99919736,0.16479418
1.1576803,0.16865273
1.3505037,0.17959736
1.3525422,0.1906693
1.5456374,0.20490912
1.8708081,0.23395528
1.8397645,0.25138307
1.8304737,0.25608233
1.9902557,0.2405426
2.1413789,0.24605924
2.1430306,0.35420862
2.278077,0.43541324
2.465397,0.5602363
2.5069232,0.6217358
2.6903744,0.6367563
2.6694436,0.6354585
2.8176544,0.58357835
3.1432438,0.55663985
3.5310087,0.60103714
3.7161512,0.6197817
3.7391944,0.611179
3.916125,0.58155674
4.0790987,0.64408946
3.92214,0.62777454
4.0543165,0.61989623
4.359969,0.5378968
4.402439,0.5011836
4.5284033,0.48322663
4.790086,0.41915578
4.834221,0.38030764
5.3521614,0.20878993
5.682169,0.16901557
5.564745,0.10564534
6.4173126,0.029413495
6.4708376,0.027779248
7.035529,0.0119050145
7.259445,0.013179153
7.4141474,0.013263496
7.3960886,0.0047618765
7.6364202,-0.009318374
8.255336,0.026314262
8.313355,-0.024605315
8.017694,6.413832e-05
8.412934,0.029642936
8.773237,0.027237713
8.905165,0.027064187
9.434662,0.02337872
9.459411,0.055936966
9.522461,0.018933197
9.484645,0.014360216
9.490263,0.0056582913
9.573297,0.011985932
9.842065,0.014037569
10.058333,0.005690193
10.070567,0.0053315572
10.103142,0.008305157
10.172172,0.0033165235
10.296005,-0.0007427987
10.172254,-0.0011717491
10.348889,-0.003342677
10.521981,-0.0062143393
10.591864,-0.0146458335
10.565621,-0.014697161
10.810179,-0.0077209286
10.72444,-0.004273258
10.84665,-0.0023720153
10.80981,-0.0013314858
10.978411,-0.0013728663
10.825613,0.0019373428
10.741793,0.004910469
10.276699,0.015530125
10.456532,0.0085969735
10.648096,0.008944323
10.711634,0.0026110187
10.797046,0.0004046075
10.878289,0.0036616009
10.976825,0.0040544644
11.249248,-0.0014493484
11.169954,-0.002637839
11.231125,-0.0024019629
11.421854,-0.004765611
11.406612,-0.007289309
11.303649,-0.01119829
11.244461,-0.011056889
11.232098,-0.010990363
11.353943,-0.015315607
11.461396,-0.014696475
11.431451,-0.015255537
11.560789,-0.017309751
11.609909,-0.015546691
11.489101,-0.017762695
11.451213,-0.020215143
11.4937315,-0.019801196
11.446175,-0.020095028
11.543145,-0.019801319
11.559053,-0.013786249
11.475707,-0.011872556
11.521077,-0.013140529
11.549576,-0.012844015
11.398433,-0.017533164
11.581776,-0.012404136
11.385132,-0.004896596
11.301905,-0.0012622587
11.340438,-0.004286047
11.467075,-0.008845385
11.433775,-0.01022796
11.565567,-0.0019048173
11.69843,0.001661703
11.5554695,-0.002462864
11.465218,0.0026872065
11.336223,0.0027234964
11.225077,0.00591735
11.378878,0.0073408373
11.447418,0.010073002
11.359258,0.0138792675
11.16557,0.02127122
10.89639,0.026148662
10.782327,0.02888023
11.069931,0.027199881
11.398491,0.048284274
11.3241205,0.064886644
11.180753,0.036057834
11.220581,0.01760185
11.406435,0.015807344
11.420835,0.016803276
11.544797,0.016387375
11.82536,0.008271463
11.621866,0.02447385
11.778505,0.023241034
11.932726,0.021844815
11.92848,0.017434034
12.033735,0.0022122487
12.012476,4.9747527e-05
12.152343,0.0005276315
12.168327,-0.0014271289
12.422972,-0.00298444
12.367204,-0.006372977
12.088613,-0.010659855
11.949204,-0.026423048
12.06496,-0.04115163
12.034072,-0.043226685
12.0003,-0.043846514
12.074389,-0.035473887
12.19143,-0.04265063
12.281122,-0.038507324
12.123641,-0.0058508515
11.985973,-0.009832282
12.006365,-0.0030120835
12.04116,-0.008420683
12.039348,0.016156262
12.099419,-3.315881e-05
11.994191,0.0008639321
12.116317,1.8060207e-05
12.108309,-0.001153104
12.120626,0.012755811
12.177426,0.015913818
12.086724,0.007030165
12.067853,-0.0017458182
12.031479,-0.002918912
12.046179,-0.024385024
12.049024,0.016869955
11.974132,0.07500265
11.990719,0.09065491
11.957501,0.07414221
12.059643,0.06480168
12.17098,0.075011246
12.324803,0.08043864
12.229264,0.10085189
11.992384,0.08373581
11.897385,0.050263524
11.72361,0.027060397
11.780145,-0.011660375
11.965012,-0.027434237
11.850787,0.00051165745
11.996038,-0.00955309
11.642487,-0.042045478
11.652428,-0.03260509
11.763583,-0.029148933
11.647028,-0.046883952
11.489748,-0.04640459
11.007917,-0.060348954
10.443375,-0.10695277
9.936421,-0.09037195
9.702655,-0.055398267
9.352171,-0.070468575
9.240241,-0.047418993
9.086217,-0.0018029194
9.014958,0.0007648524
8.620686,0.0057595037
8.429562,0.0016409196
8.399291,0.0061918795
8.418251,0.008605957
8.521561,0.0125700645
8.531768,0.012666469
8.408856,0.013388984
8.373469,0.017349306
8.316658,0.021188863
8.396472,0.01911855
8.54064,0.02428056
8.753856,0.020567214
8.731638,0.011110032
8.713792,0.009569425
8.846136,0.004631184
8.866215,0.01072365
8.780994,0.012791651
8.953999,0.0058773477
9.053399,-0.0027151257
8.958543,-0.008442033
9.09418,-0.014011644
9.140237,-0.015504058
9.123505,-0.012366246
9.177163,0.002385294
9.543917,0.008774836
9.590605,0.010214917
9.700925,0.011574773
9.4698515,-0.0032008998
9.651434,0.0061514433
9.677177,0.0012330972
9.734169,0.0014839582
9.955587,-0.014319848
10.063805,-0.0048931353
9.988092,-0.0033585988
10.095179,0.005600773
10.664266,0.0014873873
10.746522,0.0003864132
10.724705,-0.011917874
10.741149,-0.024063516
10.871275,-0.026554145
10.866913,-0.02552097
11.039754,-0.030072723
11.228528,-0.020708892
11.312175,-0.019066714
11.1721735,-0.020730395
11.431591,-0.047796424
11.576381,-0.052261207
11.716246,-0.031488378
11.579807,-0.03397606
11.516699,-0.038760092
11.443913,-0.0718561
11.610632,-0.05938412
11.822479,-0.048202466
11.855224,-0.038023468
12.032647,-0.035347473
12.214026,-0.03435606
12.402211,-0.034344267
12.2991,-0.02345075
12.236905,-0.013664696
12.353753,-0.014987629
12.3866825,-0.014769103
12.335037,-0.019640822
12.32142,-0.023886245
12.257294,-0.025605839
12.374683,-0.02722383
12.308542,-0.03300612
12.382062,-0.03880484
12.267602,-0.0474479
12.327029,-0.052246165
12.26823,-0.05209857
12.352172,-0.05442362
12.306683,-0.04600556
12.2712,-0.04598033
12.165389,-0.043593567
12.022024,-0.041358616
11.933547,-0.03797325
11.8301525,-0.034009423
11.959215,-0.038568165
11.990689,-0.041557137
12.00588,-0.03423832
11.859622,-0.032726374
11.980734,-0.032213654
12.013615,-0.0371004
12.122376,-0.0460073
12.057691,-0.047655907
12.089379,-0.046767544
12.08338,-0.04216903
12.123305,-0.04091454
12.034039,-0.032001987
12.159276,-0.036746155
12.133005,-0.01944561
12.298062,-0.014724698
12.314311,-0.01566799
12.2061825,-0.0067980476
11.943278,-0.0049136207
11.975784,-0.009813391
12.016807,-0.014246475
12.073801,-0.021974776
12.304386,-0.024863351
12.167453,-0.03234518
12.210636,-0.032649454
12.083063,-0.035680722
12.031299,-0.035384532
11.93701,-0.027294192
12.013523,-0.026010413
12.072147,-0.031185415
12.111995,-0.03316155
12.27301,-0.031241
12.105994,-0.024369773
12.044208,-0.015464235
12.03799,-0.01725949
11.984056,-0.010531817
11.900434,-0.015238892
11.966948,-0.014292594
11.978063,-0.011748295
12.063206,-0.015134774
12.194752,-0.023594134
12.312758,-0.026524588
12.258991,-0.018632427
12.184583,-0.013448279
12.313452,-0.017452579
12.411564,-0.025968775
12.249698,-0.027549256
12.105862,-0.02721117
12.192041,-0.02394136
12.216442,-0.019960128
12.181196,-0.017238636
12.21875,-0.022176605
12.164471,-0.020577189
12.075319,-0.023086201
12.028547,-0.028862055
12.021632,-0.030697513
11.999914,-0.0308397
11.903002,-0.027164873
11.8868475,-0.025060188
11.799191,-0.025010739
11.830416,-0.021075279
11.802394,-0.021343019
11.678083,-0.027855113
11.597956,-0.030876677
11.108469,-0.026773576
10.981817,-0.030769076
10.894732,-0.029494528
10.686812,-0.029143807
10.6262045,-0.02902516
10.362404,-0.04670732
10.154845,-0.059089113
10.050558,-0.07061741
10.169945,-0.047874916
9.990952,-0.03732415
9.801646,-0.028811041
9.707261,-0.01772099
9.590346,-0.02736811
9.538617,-0.02517201
9.280397,-0.015681375
9.106261,-0.011900462
8.7673,-0.017929133
8.290818,-0.07516758
7.603204,-0.12745078
7.5700502,-0.06814736
7.2684126,-0.10988529
6.8004847,-0.17102541
6.478508,-0.22802423
6.3038692,-0.2563977
6.1112833,-0.27453062
6.048382,-0.33554405
5.9299946,-0.3155082
5.8722887,-0.3348447
5.968155,-0.35229042
5.8722687,-0.34681922
5.6889606,-0.3551449
5.7447357,-0.37932566
5.6305513,-0.35651878
5.5540695,-0.3540191
5.4901805,-0.32856044
5.567607,-0.36726525
5.401866,-0.30330914
5.6265507,-0.2995695
5.7919006,-0.48534665
5.8285227,-0.49721792
5.8481355,-0.49911347
5.7811213,-0.40425882
5.7580237,-0.38519445
5.944583,-0.42589208
5.7899795,-0.47192922
6.0131197,-0.4046698
5.9663568,-0.34451523
5.9785285,-0.24213935
6.590086,-0.1883591
6.771182,-0.20268631
6.712096,-0.18693483
7.2177505,-0.13513689
7.2134333,-0.12923886
7.174021,-0.12601219
7.5979557,-0.08783929
7.6242704,-0.06960459
7.991291,-0.02252594
8.278273,-0.022017453
8.388877,-0.014104996
8.679258,-0.0051765107
8.802795,0.00094691664
9.125109,0.004386088
9.191351,0.012094632
9.206985,0.0100477915
9.229327,0.013522805
9.291854,0.013251662
9.299244,0.013421867
9.538162,0.013851303
9.753195,0.011776319
9.854687,0.008794483
9.81923,0.010186328
9.820931,0.008979313
9.861877,0.0047458243
9.818634,0.00011533126
9.705751,-0.00050799176
9.58745,-0.001566425
9.834195,-0.010793712
10.148821,-0.01994742
10.101897,-0.02217969
10.039226,-0.022030428
9.962022,-0.018520273
9.650134,-0.0127219595
9.605265,-0.0091438815
9.525358,-0.009196289
9.551963,-0.005826663
9.254097,-0.0012489222
9.360859,-0.003089875
9.169373,9.237602e-05
8.806968,-0.0003055334
8.447966,-0.00787618
8.30061,-0.006691247
8.2012825,-0.0043405145
8.27818,-0.0020472482
8.289741,-0.0013307948
8.017194,-0.009435505
8.030777,-0.017232597
8.087451,-0.013727795
8.146815,-0.02316001
7.964692,-0.032065902
7.6697636,-0.06257045
7.8827696,-0.07272294
7.6317816,-0.109357595
7.428088,-0.12664089
7.354615,-0.13339713
7.237874,-0.13762192
7.0706596,-0.17498237
6.980318,-0.22161749
6.959753,-0.25584444
6.896036,-0.2675536
6.687046,-0.29164732
6.5533895,-0.2886976
6.4217863,-0.30721396
6.573888,-0.30906045
6.3748446,-0.33616918
6.2739162,-0.36100084
6.2353096,-0.35328695
6.259202,-0.33727196
6.2159634,-0.31688142
6.1518383,-0.2995249
5.824996,-0.29912284
5.6208506,-0.32656032
5.78735,-0.33954564
5.9818254,-0.32558912
5.9001627,-0.2984693
5.967662,-0.270857
6.07886,-0.24951588
6.1379976,-0.22546737
6.0954475,-0.25269693
6.0230665,-0.26623052
6.225231,-0.22267608
6.324378,-0.21192999
6.514372,-0.1948118
6.5732307,-0.20577002
6.538683,-0.21666475
6.616952,-0.17596589
6.7328987,-0.15086585
6.7943535,-0.10059017
7.1007586,-0.111252114
7.1850157,-0.14797841
7.4072113,-0.10964449
7.4546423,-0.08419551
7.5996666,-0.03400357
7.6207113,-0.026437156
7.71939,-0.04091304
7.784193,-0.08411291
7.788212,-0.06408273
8.095235,-0.0821372
8.221508,-0.07978436
8.356517,-0.042645235
8.371773,0.001413744
8.545136,0.0074589085
8.51091,0.032702424
8.45223,0.021906748
8.292197,-0.0016798396
8.69182,-0.004408788
8.600029,0.013686616
8.338741,0.022951383
8.73669,0.021796513
8.908887,0.006919259
9.012058,0.018575076
9.1069975,0.017934512
8.611906,0.022169348
8.610941,0.06876345
8.612828,-0.011417229
8.7276325,0.010009322
9.000793,0.0057709552
8.911375,0.0038514435
8.772409,-0.002961956
8.53331,-0.00901534
8.482233,-0.012209374
8.547941,-0.012749109
8.428554,-0.01674414
8.430735,-0.026163962
8.626043,-0.035976943
8.665276,-0.03635117
8.60078,-0.036605824
8.648548,-0.040940624
8.6309395,-0.04061022
8.637023,-0.043412622
8.60707,-0.031304456
8.564499,-0.030616429
8.5512295,-0.027785722
8.511348,-0.01945844
8.537963,-0.028881025
8.584347,-0.031095166
8.534128,-0.0338849
8.359304,-0.030816179
8.440973,-0.035502534
8.391647,-0.04111022
8.396135,-0.04308818
8.368416,-0.037038114
8.329055,-0.021029454
8.372749,-0.015352644
8.325522,-0.007063236
8.276337,-0.010909472
8.377645,-0.021103755
8.380083,-0.019274503
8.291903,-0.020800497
8.383271,0.0058199875
8.262229,-0.011885349
8.2074175,-0.019651424
8.253578,-0.010137539
8.535625,-0.007292684
8.219537,-0.010962818
8.260161,-0.008187793
8.164335,-0.011717122
8.112044,-0.013223745
8.217119,-0.013725501
8.272406,-0.010596152
8.449342,-0.015114084
8.230113,-0.012791824
8.445819,-0.017608378
8.170116,-0.028317582
8.178535,-0.028468434
8.224588,-0.026044007
8.2165,-0.0063696094
8.312307,0.0041070133
8.021471,-0.017448988
8.199727,0.0060040485
8.198017,0.011407046
8.103328,0.015037429
8.130903,0.01765319
8.273921,0.009162633
8.289805,0.00267482
8.746707,-0.0025168955
8.214263,-0.0009551011
8.148532,0.0014743265
8.273125,0.0020261463
8.540031,0.003811663
8.56179,0.004997235
8.618772,0.012461752
8.701266,0.0079231355
8.822026,0.0014067236
8.945086,0.0017999671
9.914333,-0.009891637
9.283964,-0.03166945
8.9002075,0.01352709
8.740071,-0.021363333
8.860867,0.015093624
8.843597,0.018338047
9.015126,0.022900188
9.078767,0.0101174805
9.162227,-0.0064553916
8.973208,-0.002717642
8.831895,-0.008514069
8.816892,-0.011507053
9.043267,-0.015962068
8.698549,-0.039900195
8.702332,-0.021732751
8.50038,-0.018796675
8.585732,-0.010608498
8.95781,-0.06337638
8.735128,-0.012666043
8.742698,-0.014689028
8.542138,-0.009476714
8.357195,-0.0063994043
8.4578285,-0.0055274405
8.189057,-0.005483687
8.408459,-0.0014903061
8.400743,-0.0051361956
8.512546,-0.0049833357
8.288187,0.00011130422
8.354101,-0.0022356138
8.214467,0.0013194662
8.424337,0.011609774
8.416602,0.009479191
8.56865,0.005792897
8.263222,0.0058808476
8.404598,-5.484e-05
8.382063,0.008985784
8.409698,0.006695766
8.466833,0.0071581677
8.42915,0.013256347
8.476381,0.01636782
8.488944,0.020393925
8.496131,0.017164478
8.534303,-0.008690294
8.383798,0.005403962
8.312671,-0.008297097
8.380251,-0.008158743
8.460255,-0.0024575181
8.821884,0.004430296
8.533875,0.005617382
8.636542,-0.0131791495
8.490458,-0.012146819
8.529492,-0.017790113
8.433948,-0.015176777
8.2573805,-0.009744663
8.084319,-0.0014734566
8.348017,-0.006250415
8.214047,-0.007918585
8.146112,-0.010071743
8.12924,-0.011561211
8.245527,0.0059292
8.244294,0.013119869
8.455378,0.0054076537
8.328424,0.026548473
8.258071,0.004740175
8.150341,0.00045884214
7.894391,-0.0062989444
7.496867,0.001607025
7.7534933,0.013393629
7.9543953,0.008009518
7.6602745,0.028150512
7.1689663,0.053173967
7.2174416,0.039509393
6.5454493,0.08770892
6.400861,0.0688436
6.274892,0.03280574
5.9248276,0.0950159
5.932635,0.10162184
5.7988825,0.11311896
5.442009,0.10723266
5.374951,0.082377255
5.3302875,0.07423056
4.681883,0.13287011
4.6136084,0.15180348
4.218377,0.15999526
4.245778,0.1894396
4.304493,0.17949504
4.080679,0.21541464
4.1253643,0.26899645
3.928034,0.28446892
4.017894,0.27817383
3.6830893,0.32099596
3.645094,0.3267113
3.6694145,0.34382746
3.502059,0.36052898
3.4614348,0.39975476
3.4060307,0.4450391
3.3558667,0.46953973
3.248631,0.45396632
3.2203994,0.46584252
3.3098092,0.46201485
3.3222818,0.4922007
3.3878162,0.47291592
3.56186,0.49152613
3.7508495,0.5148966
3.945324,0.536607
4.0823526,0.53712356
4.204981,0.54150474
4.4200096,0.51868635
4.6173687,0.5044643
4.68834,0.43667087
4.8307786,0.47506642
5.1663494,0.41859925
5.3682785,0.36577615
5.325727,0.34095573
5.4494114,0.25997597
6.152607,0.19132717
6.144253,0.2164738
6.499427,0.21782199
6.657798,0.23159191
7.0065947,0.23026548
7.266369,0.25115025
7.4321823,0.2722282
7.6553917,0.25043002
7.6743317,0.24308845
7.8542013,0.22750469
8.0798235,0.23480722
8.3668165,0.17962977
8.621765,0.13272993
8.8782015,0.023583429
8.79451,0.04587778
9.203248,0.06086275
9.313566,0.05230704
9.311813,0.037023798
9.093897,0.019676562
8.929404,0.0074411537
9.242374,-0.01022923
9.264691,0.010977449
9.326993,0.012398632
9.441737,0.014241004
9.381812,0.02733447
9.533477,0.032958895
9.60404,0.036898747
9.451421,0.047145564
9.363795,0.06258636
9.350578,0.06380758
9.489571,0.059885636
9.44477,0.06785646
9.352881,0.06760751
9.298453,0.067535676
9.15934,0.05729192
9.064753,0.07342595
9.097217,0.04658062
9.209076,0.022433251
9.048773,0.01984248
8.7794,0.023909822
8.706313,0.02254764
8.542003,0.023656826
8.512228,0.0279171
8.232127,0.030106599
7.975278,0.030850785
7.74461,0.03231354
7.400139,0.039393894
7.278185,0.047186337
7.0650244,0.047639355
6.638383,0.13554043
6.098842,0.13009118
5.744734,0.13928714
5.63902,0.14490983
5.595627,0.09610242
5.5164175,0.0664773
5.5418606,0.06665726
5.350295,0.06725246
5.1405845,0.095868886
5.0573053,0.17858793
4.8764696,0.12424177
4.7177525,0.052552216
4.7717385,0.05057706
4.755743,0.057166327
4.6302376,0.052354768
4.542677,0.059744515
4.554201,0.062412962
4.6082873,0.057855196
4.5820456,0.06042448
4.493581,0.063607216
4.5402775,0.069511265
4.524498,0.060044333
4.5886545,0.066338494
4.754472,0.06888279
4.857912,0.07906525
4.9501553,0.07214905
5.235688,0.08168171
5.3644953,0.07230596
5.137833,0.087256595
5.498829,0.09209518
5.6352386,0.0931211
5.6502542,0.096614674
5.79541,0.10185212
5.899532,0.097946584
5.9233437,0.09001984
5.9536047,0.05970562
6.0552645,0.06528559
6.0247965,0.04993011
6.252819,0.041951284
6.6095037,0.0032678246
7.1836004,-0.021814503
7.466383,0.0046924315
7.4492493,0.027141225
7.614745,-0.0179221
7.789835,-0.025808483
7.972747,-0.05452506
7.9081984,-0.04105166
8.191314,-0.04398712
8.267935,-0.039867703
8.372305,0.009213448
8.489439,0.051354922
8.784463,-0.026900217
8.866659,-0.04040507
8.841434,-0.02529252
8.908815,0.00031761266
9.004743,-0.015793804
9.0100155,-0.0055328123
9.180539,-0.015991908
9.379937,-0.006092813
9.672785,0.0063608848
9.645767,0.007484846
9.856858,0.0038481485
10.010147,0.012335148
10.309536,0.03400185
10.529777,0.04511532
10.773787,0.06164463
10.646219,0.007699214
10.60346,0.007709449
10.621777,-0.017695092
10.456913,-0.02242833
10.703289,-0.031163353
10.64856,-0.052002814
10.601953,-0.059870284
10.6338215,-0.07171856
10.50757,-0.08430891
10.498573,-0.08421779
10.696917,-0.07547921
10.955986,-0.07275902
10.9187,-0.076630995
10.705803,-0.060704935
10.403434,-0.054897275
10.393365,-0.048934516
10.107421,-0.043615904
9.910466,-0.044338625
9.701523,-0.045573052
9.37985,-0.04391149
9.066017,-0.011947177
8.894309,-0.009756897
8.638636,-0.011088457
8.399577,-0.012068361
8.307649,-0.009050727
8.167602,-0.015609961
8.145677,-0.019371789
8.175417,-0.025167432
8.138403,-0.026661593
8.112165,-0.018359978
8.194842,-0.023465786
8.104619,-0.010569345
8.069041,-0.0077367425
7.974679,-0.004298918
7.877123,-0.0023171436
7.9261627,-0.0049702413
7.8049393,-0.0016639922
7.815138,-0.008997653
7.7625694,-0.011332966
7.8998766,-0.022662647
8.144394,-0.028815437
8.133131,-0.03038371
8.3759165,-0.034140777
8.40269,-0.04199067
8.320344,-0.047461834
8.322573,-0.0421448
8.2781925,-0.04607181
8.30844,-0.048768956
8.361468,-0.048378345
8.179606,-0.048354793
8.1384325,-0.046003994
8.099586,-0.03653265
8.040346,-0.03298864
8.057527,-0.023871724
8.059345,-0.013457593
8.020642,-0.010222424
8.05541,-0.008294236
8.226636,-0.0018702801
8.515042,0.0019477736
8.54839,0.0059940945
8.531326,0.0017569102
8.621866,-0.00016667694
8.552832,-0.0016870908
8.569233,-0.0055507086
8.921099,-0.0074548163
9.063682,-0.013469636
9.002389,-0.0088537745
9.053937,-0.014955826
9.060317,-0.06674725
9.25526,-0.0749674
9.213918,-0.05048551
9.156556,-0.03212012
9.281394,-0.035410535
9.353313,-0.03459056
9.365585,-0.036805037
9.411894,-0.046922375
9.248045,-0.03623524
9.234628,-0.037960824
9.370384,-0.040008474
9.3396845,-0.04853571
9.241266,-0.05100959
9.169948,-0.049102623
8.792645,-0.05779546
9.05986,-0.04955421
9.042706,-0.03734195
8.787643,-0.036100667
8.869784,-0.034749527
8.91533,-0.032095674
8.945831,-0.011548381
8.813081,0.0031061321
8.681972,-0.0052283294
8.58924,-0.010067511
8.661074,-0.018106107
8.689479,-0.011353273
8.720056,-0.0071871467
8.682545,-0.0066502616
8.63022,-0.009945761
8.493309,-0.0017012842
8.375455,0.003702145
8.319413,-0.020445313
8.31653,0.0094459355
8.315377,0.007338073
7.9869003,0.007108163
7.842662,0.014825085
7.8185024,0.019616459
7.9610214,-0.0154345445
7.93631,-0.014227897
8.090352,-0.013871919
7.9857035,0.00448459
8.1092205,0.0012456793
8.177069,0.0036884658
8.332822,0.0053161643
8.288854,0.0043587238
8.256558,0.002937939
8.362903,0.0101920795
8.236557,0.0047843233
8.314101,0.01744108
8.505897,0.024944367
8.526574,0.00031659938
8.318312,-0.010071579
8.297704,-0.0068844147
8.447405,-0.0060493313
8.4321785,-0.0015348624
8.628511,-0.0003438145
8.724263,0.005230874
8.597557,0.011060126
8.519696,-0.041324455
8.601451,-0.06595637
8.638482,-0.115351304
8.593728,-0.132959
8.50121,-0.059082936
8.440483,-0.050366234
8.236145,-0.04197998
8.222893,-0.023492541
8.305749,-0.13606648
8.153616,0.006586591
7.941654,-0.0023844875
7.972249,-0.041333783
7.794222,-0.05407324
7.694874,-0.09324022
7.8809166,-0.19215742
7.5375032,-0.15329613
7.108403,-0.05532335
6.738146,-0.04910196
6.84317,-0.12744187
6.7094116,-0.0274654
6.503298,-0.10432628
6.4272137,-0.019718852
5.8131504,-0.016713474
5.4049635,-0.069508255
5.4052687,-0.14783043
5.027055,-0.107556894
4.9237175,-0.13350756
4.7017007,-0.16218169
4.650625,-0.20956707
4.48676,-0.21958435
4.388403,-0.20453055
4.47783,-0.25413546
4.3515596,-0.2791882
4.3189325,-0.29806572
4.5106235,-0.3548952
4.3741236,-0.30020857
4.2005634,-0.2902547
4.1497297,-0.27182278
4.3540936,-0.25643146
4.457329,-0.2589127
4.2537527,-0.25265732
4.4462833,-0.258298
4.5924435,-0.2873745
4.6880293,-0.2873792
4.8938694,-0.2755315
5.1136684,-0.3053795
5.1796255,-0.30918053
5.185727,-0.32160592
5.3580685,-0.34343362
5.5316625,-0.36283103
5.689583,-0.3512936
5.7463503,-0.32824668
5.886328,-0.3352056
6.054538,-0.3289943
6.235485,-0.31320342
6.3320103,-0.3136887
6.495737,-0.30132502
6.8488274,-0.28266895
7.1166124,-0.24986942
7.533983,-0.2204976
7.773325,-0.18384127
7.9704924,-0.12430832
7.9790926,-0.08275139
7.9653225,-0.091003165
8.22964,-0.022926755
8.52659,-0.009097412
8.712767,-0.0075559467
8.872855,-0.003418576
9.094701,0.0042404644
9.317459,0.0006755218
9.400065,0.0019615982
9.560649,-0.0028429944
9.749507,-0.0043547004
9.843615,-0.0030406285
9.703376,-0.002748968
9.711101,-0.0024816245
9.631818,-0.008957706
9.521941,-0.014352698
9.519942,-0.015800335
9.719837,-0.01818201
9.927678,-0.025107313
9.842353,-0.021102007
10.056761,-0.033895783
9.5768795,-0.014671508
9.368948,-0.029643867
9.159225,-0.028672356
9.141123,0.022021174
9.275272,0.04598292
9.250724,0.072862506
9.1619625,0.0669706
9.222017,0.08510582
9.010055,0.08989611
8.825819,0.04652706
8.688672,0.015633235
8.190371,-0.0023295488
8.330902,-0.0002577938
7.9760256,-0.10040553
7.781926,-0.10530667
7.514262,-0.17258038
7.524351,-0.25187448
7.244643,-0.23194654
7.171995,-0.23406245
6.9210663,-0.26230326
6.489459,-0.25503558
6.460929,-0.20253001
6.272457,-0.24446784
6.266163,-0.28171843
6.4090996,-0.3321003
6.5868883,-0.38059747
6.6558695,-0.38325942
6.402877,-0.37415987
6.2849293,-0.44835192
6.23205,-0.4589599
6.334156,-0.40412512
6.227911,-0.37243542
6.3115625,-0.4103556
6.0096264,-0.3776004
6.2657404,-0.3744004
6.3302746,-0.36062673
6.396182,-0.43252185
6.4457216,-0.3946394
6.2003984,-0.3965617
6.1806746,-0.2660756
6.4630013,-0.22951238
7.1946974,-0.21149324
7.140339,-0.16125925
6.9451704,-0.21615691
7.103158,-0.20210342
7.0722647,-0.18595512
7.097683,-0.16669014
7.237486,-0.14500397
7.4486465,-0.118655354
7.7988405,-0.0779081
7.8120623,-0.07339914
8.037997,-0.09524599
8.529055,-0.08378197
8.409935,-0.09786902
8.467522,-0.121282876
8.632093,-0.10094412
8.603679,-0.10969958
8.62058,-0.08006397
8.849611,-0.01443531
8.995276,0.014630096
9.205922,0.031234296
9.454331,0.049901098
9.660963,0.06753695
9.5633545,0.059668962
9.488778,0.054127965
9.52058,0.043430746
9.58425,0.051752627
9.587192,0.03635771
9.617193,0.029098585
9.6264515,0.022743545
9.640511,0.019724553
9.86066,0.010011267
10.024419,-0.016341891
10.15574,-0.040263806
10.04828,-0.044329118
10.051818,-0.08374944
10.103425,-0.03664251
10.173346,-0.019575816
10.1528635,-0.0008020606
10.31195,-0.016808815
10.065851,-0.018498112
10.066993,-0.00456167
9.941769,0.009901762
10.219943,0.018820878
10.210121,0.02541622
9.84753,0.014601048
9.815956,-0.013764158
9.997745,-0.01647631
10.138115,-0.017852325
10.123627,0.009854889
9.968133,0.012267737
9.936632,0.022899728
9.863435,0.008522896
10.007765,-0.0061446726
10.09243,-0.019575145
9.867552,-0.01845948
9.782953,-0.013035763
9.754994,-0.009894885
9.811032,-0.012150176
9.856738,-0.019301787
9.952258,-0.019160636
9.911874,-0.016476635
10.095747,-0.018572096
10.11893,-0.021644525
9.990981,-0.025509577
9.933929,-0.029460099
10.107356,-0.024567936
10.143714,-0.023050219
10.248705,-0.022797532
10.211154,-0.017249517
10.101484,-0.014255799
10.060367,-0.010040175
10.097553,-0.011006251
10.097257,-0.011614624
10.131159,-0.009799156
10.177791,-0.005680036
10.202616,-0.0067951195
10.23722,-0.006155137
10.192818,-0.0098801255
10.106748,-0.005876418
10.107739,-0.012409218
10.12796,-0.006291181
10.19019,-0.003358025
10.055322,0.0035918057
9.98192,0.00421858
10.086637,0.0047174953
10.105039,0.0046132803
10.222183,0.004982488
10.13511,0.004881315
10.05701,-0.0014356263
9.92098,0.0018197373
9.688335,0.003771387
9.680702,0.007216722
9.67704,0.011347922
9.546509,0.026747277
9.66333,0.024357729
9.664048,0.029124679
9.482046,0.03454362
9.558479,0.02606946
9.604903,0.0303348
9.500264,0.030362425
9.336864,0.03566747
9.126686,0.033833254
9.105429,0.026996668
8.823998,0.027472366
8.95183,0.01240496
8.971564,0.011283703
8.722582,-0.0027081296
8.572371,-0.030138683
8.490437,-0.039847624
8.433713,-0.010111965
8.3752365,-0.03236199
8.205988,-0.04117987
8.083675,-0.022041518
8.011767,-0.018295255
7.9432793,-0.012333203
7.986086,-0.0017723665
7.5535774,-0.010732945
7.6365366,-0.002880346
7.51394,-0.016513024
7.329858,-0.0111991055
7.3205843,-0.01372892
7.1576605,-0.008385595
7.198741,-0.0037791245
7.159176,0.017478615
6.8828487,0.023528222
6.7795343,0.025793012
6.755888,0.027133651
6.6479626,0.031974085
6.451768,0.026059352
6.6299314,0.02098103
6.5493135,0.019501459
6.304538,0.017419973
5.7733803,0.014731967
5.5796947,0.02028887
5.607726,0.024914019
5.66652,0.01786838
5.671851,0.018241901
5.4660892,0.01610192
5.642202,0.012672061
5.5389853,-0.04012656
5.558363,-0.03444689
5.5106926,0.009647772
5.544998,0.00476034
5.4191036,-0.0017756447
5.491678,0.0063030943
5.5953994,0.0012934618
5.3145638,-0.0059842393
5.5275435,-0.0026281402
5.3850307,0.0022559203
5.217553,0.0048932713
5.128752,-0.0012633167
5.2418737,-0.0076613277
5.3650446,-0.018159881
5.1451073,-0.008626051
5.1479406,0.0038408414
5.3367767,-0.00068716705
5.0731297,0.0072722044
5.000825,0.012618458
4.785202,0.01872091
4.8816195,0.025994848
4.9401855,0.028542764
4.912423,0.031669706
5.0942326,0.026870511
5.071063,0.03309746
4.9210424,0.029159479
4.7782583,0.030842314
4.8484125,0.026289886
5.020529,0.032650005
5.0278697,0.03277846
4.948974,0.029857704
4.979516,0.0324461
4.9245234,0.044389747
4.823141,0.02975253
4.8893137,0.042447247
4.81557,0.030385016
4.784156,0.037199795
4.7229614,0.034777597
4.681036,0.029458053
4.7094054,0.02186174
4.849067,0.02775718
4.834995,0.018801
4.915059,0.014681296
4.963423,0.015189292
5.0474796,0.013287095
5.1589527,0.010905782
5.2266045,0.013013695
5.2948117,0.016386917
5.293038,0.01451965
5.204875,0.0139435325
5.2342176,0.012755946
5.208541,0.013993124
5.189621,-0.003804516
5.2102995,0.0096462425
5.063403,0.011311743
5.206482,0.0161139
5.161827,0.016666096
5.0648713,0.018979387
4.900803,0.007679835
4.7364197,-0.029818818
5.0376525,-0.017350849
4.9223747,-0.018465877
4.7508297,-0.054792564
4.6787148,-0.10570657
4.485661,-0.17690004
4.5302334,-0.22367491
4.202756,-0.2773104
4.1044717,-0.15485148
3.9740996,-0.072898954
3.8674004,-0.07316035
3.5273438,-0.049964543
3.4279041,0.006240029
3.7238655,-0.024894278
3.5398154,0.006077606
3.3490927,-0.15556687
3.231125,-0.31013438
3.0756876,-0.39111093
3.2925286,-0.39745876
3.3287477,-0.39336857
3.1499052,-0.321002
3.1117446,-0.35774028
3.0320172,-0.39678225
2.7468283,-0.39011383
2.9402266,-0.4331287
2.8095422,-0.44081113
2.8469985,-0.4172687
2.99533,-0.3724016
3.4470809,-0.35924065
3.2904072,-0.46070263
3.4736247,-0.42902318
3.631895,-0.31829202
3.7865348,-0.30656636
3.8247213,-0.3416197
4.025971,-0.39309633
3.9976041,-0.38896334
4.2730207,-0.3706593
4.2915277,-0.3398587
4.2683487,-0.32629025
4.3999043,-0.28744206
4.499824,-0.10357942
4.4964786,-0.07042304
4.822381,-0.032232177
5.1079135,-0.02220102
5.8591175,0.007704057
5.6294026,0.0077490956
6.0409594,0.011006445
6.0725126,0.022422194
6.7515287,0.008080723
6.3203077,-0.0068930835
6.4711037,-0.0015916713
6.934224,-0.0029347725
7.169963,-0.0042255893
7.3045664,-0.0092584565
7.358201,-0.007212788
7.5225153,0.0052424483
7.675481,0.0013070144
7.570077,-0.0014713518
7.7682905,-0.007483367
8.045166,-0.021016099
7.9512053,-0.028267514
8.038826,-0.03261913
8.047962,-0.023435164
8.162577,-0.03531764
8.481658,-0.033292998
8.978205,-0.01962315
9.161661,-0.009805184
9.070217,-0.0051033236
9.101223,-0.0061670393
9.154882,-0.016486082
9.118168,-0.027644858
9.097856,-0.00015572831
9.155745,0.0046779104
9.026249,0.01094849
9.168116,-0.019740667
9.2346325,-0.017911412
9.161573,-0.019990213
9.26323,-0.018196572
9.064067,-0.016924046
9.1999445,-0.023744088
9.014843,-0.024112258
9.087091,-0.032756165
9.005517,-0.036178928
9.450036,-0.063610435
9.371067,-0.036789622
9.278979,0.009305175
9.129223,0.018104116
8.948716,0.0029203743
8.6036,-0.027215082
8.500596,-0.028201617
8.195744,-0.030455682
7.8432064,-0.062398788
7.649023,-0.06387831
7.507455,-0.045785796
7.2681704,-0.03272139
7.1625166,-0.03519818
6.8299217,-0.043517556
6.8045673,-0.028972201
6.665987,-0.006990209
6.4121313,-0.028743826
6.4753914,-0.035894874
6.49984,-0.054986987
6.285742,-0.0910324
5.5199356,-0.12185295
4.8959837,-0.15426233
5.0998535,-0.102129176
5.25016,-0.056639697
4.8453298,0.08532706
4.4861,0.24247946
4.6933765,0.23547451
4.4917526,0.21687163
4.2900524,0.24019665
4.410429,0.23439218
4.4212084,0.26271644
4.109561,0.254342
3.7950299,0.34935346
3.895654,0.32079795
4.1095724,0.21231963
3.861677,0.28047007
4.3276014,0.37715364
4.5260143,0.23749018
4.599986,0.25768748
4.6238446,0.1458969
4.671644,0.023755353
4.500108,0.053563554
4.4875793,0.10592644
4.6949606,0.0720114
4.7547975,-0.005306255
4.777337,0.10640086
5.1252937,0.027044076
5.3569574,0.059430663
5.7630634,0.01635916
6.1013813,0.018737845
6.1121464,-0.0143518485
5.9522357,0.024460252
6.079546,0.027488375
6.3565474,0.02152137
6.3457327,-0.02007138
6.8720636,-0.021742426
6.766349,-0.04157367
6.915784,-0.019903284
6.9960327,0.026988957
7.1972656,0.011432594
7.4597807,-0.079971
7.741523,-0.12750508
7.4621544,-0.0801608
8.235959,-0.13054892
8.558919,-0.16896355
8.579561,-0.1823248
8.457056,-0.09871191
8.534159,-0.030256625
8.916635,-0.018524192
9.042895,-0.027502168
9.0938,-0.018136818
8.984572,-0.019679304
9.187027,-0.012075279
9.376738,-0.044307683
9.618262,0.019231588
9.643466,0.033010677
9.54007,0.017384779
9.602962,0.013076276
9.9639635,0.017567728
9.801093,0.017460912
9.823018,0.007407613
9.798056,0.00016218983
9.795828,0.0019262545
9.991854,-0.005136449
9.975582,-0.009377498
9.901936,-0.020036254
9.796685,-0.0066471696
9.557849,-0.008726135
9.627815,-0.0092498325
9.59813,-0.016417038
9.709009,-0.022682078
9.745392,-0.009233851
9.834351,-0.0026108418
9.221631,0.017788267
8.795322,0.042755537
8.648331,0.06863407
8.666523,0.05523461
8.552855,0.047444154
8.42662,0.028139986
8.201023,0.0076413974
7.7205486,0.015124162
7.352545,0.02824235
6.7246923,0.03206107
6.42949,0.03814081
6.3619957,0.023183463
6.13002,0.020686453
6.1391134,0.011805335
5.8941126,0.022094147
5.173363,0.028463092
5.0895224,0.020572752
4.5278683,0.016675532
4.6271563,0.009406624
4.52201,0.010046046
4.4178343,0.013898771
4.1797676,0.009606104
4.3843155,-0.021242496
4.0272512,0.021297745
4.459756,0.029661663
4.3363504,0.031903423
3.8175983,0.05372505
3.8061008,0.05160043
3.8582053,0.03241122
3.8140006,0.031527277
3.815865,0.036983933
3.85433,0.04449615
3.8407865,0.025041286
3.8082328,0.028105378
3.8136044,-0.026441686
3.9379206,-0.05252425
4.0067205,-0.1002557
4.11958,-0.115373164
4.2740755,-0.15793096
4.232324,-0.14575887
4.459927,-0.11244495
5.017812,-0.041129734
5.232768,-0.026540626
5.1016045,0.00572115
4.8313746,-0.010833856
5.064701,-0.07095787
5.1230717,-0.07772657
5.143428,-0.09663923
5.3279543,-0.16704357
5.432512,-0.19649176
5.956937,-0.2353421
6.0133657,-0.18919006
5.9877367,-0.1356048
6.2818737,-0.15941054
6.1295233,-0.15141138
6.23798,-0.16163525
6.402323,-0.19858609
6.529462,-0.18426463
6.7444754,-0.23953263
6.983242,-0.24347834
7.06489,-0.24918745
7.2001925,-0.2591367
7.4368505,-0.27110702
7.649358,-0.25405195
7.5977173,-0.2167909
7.6398134,-0.17573456
7.566037,-0.15012616
7.91418,-0.110556185
7.987981,-0.089327425
7.904418,-0.08195011
7.920121,-0.06398009
8.026065,-0.02539355
8.127633,-0.015748993
8.189785,0.054661512
8.159095,-0.015566196
8.336376,0.024778308
8.500535,0.058587596
8.587116,0.073994845
8.909732,0.04080952
8.975269,0.052735977
9.061892,0.041755423
9.109205,0.046478413
9.071493,0.051616076
9.111661,0.04348366
9.337275,0.024312906
9.269875,0.022521928
9.449582,0.011311656
9.500504,-0.0070287846
9.277756,-0.018842053
9.140465,-0.01006069
9.02586,-0.019786749
9.132637,-0.000644587
8.930573,0.0013258532
8.788273,-0.00044660643
8.489038,-0.0053831413
8.554405,-0.005490415
8.520446,-0.008651692
8.69939,-0.016169827
8.651966,-0.006261442
8.55674,-0.010175224
8.364917,-0.0043067113
8.573888,0.000147501
8.506173,-0.0060784332
8.267088,-0.012927674
7.934407,-0.008696798
7.8867207,-0.012630455
8.028559,0.005987782
7.9568586,-0.0063454844
7.6253576,-0.0047607534
6.987523,-0.006263282
7.056034,0.024896715
6.872389,0.038591836
6.2755213,0.041893337
6.140868,0.028666753
5.942461,0.019626176
5.336219,0.03469658
5.0958166,0.058349807
5.1892986,0.019136973
4.624481,0.054194458
4.724885,0.055969473
4.573163,0.068277076
3.8390975,0.06783204
3.7915921,0.11442608
3.7418008,0.06093468
3.5070994,0.034156624
3.3605757,0.066238835
3.1434243,0.08122896
3.0747135,0.16348849
2.8496284,0.16196235
2.9494984,0.10027118
2.8680925,0.014998674
2.5915844,-0.005820006
2.4410279,0.039264664
2.1399143,0.093335256
2.5420628,0.052219424
2.7427623,-0.012158137
2.6336825,0.08629872
2.4788663,0.18323778
2.409517,0.24439901
1.9131385,0.28878185
2.031773,0.2583313
1.7988281,0.2675262
2.0308523,0.28843743
2.3467383,0.24209629
2.5031512,0.20785801
2.4444308,0.19192514
2.5549304,0.23612921
2.8807576,0.22548127
2.8416276,0.22120309
2.9459996,0.23586206
2.957597,0.23689972
2.9895983,0.22576316
3.0758271,0.18755725
3.33914,0.17732157
3.3403401,0.18787251
3.7173378,0.15384042
3.8766885,0.17092262
4.034286,0.23843215
4.0090785,0.13934337
4.219963,0.14944786
4.749575,0.11592853
4.925646,0.11159873
5.040331,0.16306122
5.3721504,0.15647215
5.757926,0.1312868
5.7100754,0.1571879
5.703744,0.17073102
5.9793158,0.1840518
6.1113997,0.1760894
6.1563053,0.15891652
6.14087,0.1293259
5.934229,0.071204245
6.134391,0.12509096
5.801627,0.14466321
5.899026,0.16458923
5.608183,0.18399309
5.5416307,0.1798107
5.786295,0.13727528
5.7472997,0.1296521
5.5428677,0.12979278
5.6479216,0.1271057
5.721982,0.13387595
5.7720246,0.15321988
5.7929077,0.17236775
5.7222457,0.18147902
5.6953325,0.20567106
5.7043858,0.18011758
5.7258444,0.15679063
5.8271027,0.14852595
5.8060026,0.12405786
5.8744364,0.09009558
6.2881308,0.09044099
6.3794374,0.07248413
6.4808455,0.0692063
6.6718464,0.04412929
6.7946253,0.07262859
6.754819,0.094295695
6.788003,0.07534531
6.9648104,0.08222537
7.4138994,0.04867927
7.6058416,0.04855539
7.534917,0.0150022395
7.406684,0.005120851
7.567828,-0.0103144795
8.026148,0.019948032
8.285556,-0.019768331
8.163418,-0.012574293
8.337474,-0.015245747
8.701279,-0.0047394633
9.040979,0.0054776594
9.1685295,0.007728545
9.185068,0.005954681
9.235641,0.00984684
9.454032,0.0082873795
9.569301,0.010340193
9.575517,0.018808456
9.866631,-0.005942926
10.241568,0.01148032
10.01347,-0.006734114
10.198105,0.01681454
10.199437,0.008090368
10.230667,0.011214022
10.267574,-0.0022127964
10.333277,0.01072878
10.442404,0.0074187294
10.395871,0.006128136
10.544295,0.006029861
10.600682,0.010389568
10.607112,0.011516495
10.658488,0.010999177
10.61748,0.009938765
10.864404,0.008601099
10.980112,0.027671184
10.549247,0.025515646
10.465213,0.009032456
10.690953,0.0011462048
10.753944,0.0011046305
10.510526,0.0023589153
10.798076,0.0030509103
10.774738,-0.007616438
10.993646,-0.009624962
10.937668,0.027919462
10.866891,0.038093198
11.421184,0.0016869754
11.334006,0.00043935142
11.354279,-0.0034397803
11.312274,0.002259601
11.452212,0.011578597
11.085519,0.01484238
11.498069,0.0075766854
11.585002,0.0030334555
11.658449,0.028297056
11.584022,0.03152287
11.444516,0.0064133704
11.792539,0.0106670335
11.685203,0.011475224
12.097569,0.015221455
12.236519,-0.005116321
12.379395,0.026206313
12.19487,-0.008831676
12.137068,-0.01377691
12.482572,-0.0025005378
12.38249,-0.0074338056
12.602789,0.00043925643
12.439493,0.00701214
12.661752,0.0036852397
12.654196,0.0019803923
12.747377,0.0136831645
12.729868,0.013243114
12.680507,0.033558942
12.8533945,0.038362194
12.674545,0.043031313
12.486715,0.05071257
12.498349,0.06934001
12.711276,0.058684334
12.547099,0.04445187
12.676718,0.043894127
12.536427,0.048554797
12.638716,0.041972004
12.674911,0.047286205
12.492689,0.08002683
12.47887,0.05849272
12.277255,0.07559197
12.229741,0.10977572
12.045163,0.10449728
12.286655,0.092681766
12.56907,0.074207395
12.03907,0.03342984
11.940855,0.0672269
12.19232,0.041650727
12.093333,0.04790362
12.014711,0.054479025
11.894319,0.055218033
11.976263,0.04155971
12.083038,0.023875281
12.051395,0.03994511
11.995075,0.03270832
11.947434,0.027210558
11.786287,0.035774022
11.865924,0.035701096
11.742461,0.016070649
11.642123,0.040318295
11.505261,0.036112316
11.646969,0.021940378
11.548251,0.029587412
11.442442,0.010241166
11.529362,0.021387013
11.598305,0.0007159151
11.490043,0.0202363
11.310426,0.036406875
11.285802,0.019917859
11.17974,0.019313697
11.491488,0.006627457
11.613234,-0.0040746965
11.377695,-0.01029741
11.289338,-0.0154705085
11.1862335,0.009127643
10.77158,0.024469718
10.588248,0.023292601
10.567002,-0.0048994385
10.0872135,-0.057708222
10.045768,-0.06541401
9.962488,-0.047859173
9.8163185,-0.036184642
9.718341,-0.01107702
9.446909,-0.05266453
9.043851,-0.086972
8.85374,-0.0064047016
9.122318,0.04439211
9.0316725,0.030647429
8.891692,-0.031610377
8.672576,-0.050730724
8.348911,-0.09307723
8.203782,-0.12586893
7.7562513,-0.12869756
7.8380356,-0.13404606
7.174464,-0.08406465
7.0299597,-0.043500867
6.8088837,-0.0041044503
6.824869,-0.05918848
6.6997156,-0.09624629
6.728609,-0.08143675
6.4582224,-0.03662723
5.5001483,-0.041335832
5.180602,0.028079038
5.2558227,0.05875738
5.032607,0.062075015
4.9235525,0.030048085
4.853711,0.077750415
4.4890876,0.07356304
4.189742,0.053389315
3.783226,0.05416546
3.5231285,0.057094667
3.1605198,0.05578386
3.210999,0.089084655
3.2926135,0.09741874
3.0576792,0.11121994
2.8548882,0.11821923
3.0341935,0.12593699
2.8490295,0.124357715
2.7452955,0.15315266
2.7316504,0.16191176
2.7344048,0.16125596
2.7260742,0.046228465
2.1937168,0.06453189
2.2371309,0.13317084
2.2386417,0.26821598
2.1210268,0.34461784
2.020034,0.37358457
2.4384046,0.37000605
3.0186381,0.35116762
2.9332418,0.2778445
3.047679,0.27893776
3.1809669,0.4043285
2.8866818,0.4211628
2.85409,0.48395035
3.2783647,0.386034
3.4283006,0.34864464
3.801731,0.26795533
3.9577851,0.31798282
4.423023,0.267971
4.6579275,0.33159822
5.056032,0.32573736
5.415229,0.273243
5.452306,0.24518777
5.6077614,0.22190635
5.625236,0.22935978
5.9786453,0.17732696
6.222415,0.20870832
6.32185,0.167645
6.6177034,0.1802119
7.021553,0.11619826
7.5546885,-0.00061381236
7.659623,-0.009464402
7.8361235,0.013494111
8.274919,0.0023787972
8.530023,-0.011389233
8.903498,-0.016191352
8.999955,-0.009306248
9.07643,-0.005405359
9.268358,-0.005563494
9.372052,0.0032308623
9.850885,0.006365452
9.917821,0.0075567868
10.143232,0.005677413
10.134072,0.0060683712
10.182534,0.010892386
10.260659,0.006210735
10.144398,0.006023351
10.0525055,0.003012551
10.327707,0.002977388
10.278121,-0.008184236
10.134616,-0.009125896
10.168361,-0.00707059
10.084562,-0.005923655
10.1159,-0.010362834
10.091206,-0.013837244
9.995561,0.0009351559
9.975746,-0.0003226474
10.157348,-0.028395325
10.179485,-0.0008261632
10.402989,-0.009665448
10.141517,-0.048845883
10.001665,0.009691544
10.066642,-0.037228595
9.987399,-0.025635425
10.003801,-0.03375254
9.991003,-0.053686034
9.84896,-0.046495844
9.602929,-0.035943713
9.6205845,-0.054598298
9.326213,0.0056788065
9.2384615,0.00488049
8.957372,0.00419618
8.999464,0.012973252
8.82372,0.008716434
8.391239,0.011852238
7.807146,0.02133043
7.7137327,0.018033002
7.4675493,0.020504553
6.977111,0.026871027
6.8478327,0.035704166
6.628396,0.031802878
6.2542067,0.029080044
6.2306204,0.019388748
6.1976147,-0.024261732
5.759386,-0.092293024
5.32477,-0.13915142
4.8628635,-0.19406188
4.570346,-0.23507504
4.4051,-0.2441596
4.391716,-0.24639423
4.376625,-0.26222786
4.05736,-0.31418008
3.7981277,-0.3032835
3.7086787,-0.2995597
3.7314243,-0.38689584
3.4079766,-0.4582086
3.2961638,-0.44203505
3.3681312,-0.48169723
3.3618484,-0.49950054
2.836795,-0.41382116
2.5899436,-0.31723952
2.5587313,-0.24861489
2.398909,-0.2738148
2.3404305,-0.25455973
1.9057703,-0.19333039
1.85446,-0.22822921
2.0089839,-0.09764665
1.8433737,-0.16357353
1.9042795,-0.20728941
1.7675956,-0.1925561
1.694966,-0.1817217
1.6718745,-0.06257309
1.6371377,-0.006126892
1.6795132,-0.012681112
1.965343,-0.00965796
2.0297139,0.008829126
1.8530278,-0.028535623
1.9836423,-0.089027435
2.0728588,-0.12027249
2.0065877,-0.1640458
1.828199,-0.15655297
1.5908074,-0.15453976
1.6479155,-0.13428678
1.6064215,-0.09709732
1.8027734,-0.06101622
1.9238334,-0.1200991
1.9401126,-0.083744034
1.8414905,-0.017131414
1.7747242,0.012977937
1.6735201,0.035452697
1.7645565,0.06051044
1.7712156,0.07767904
1.7400717,0.029647926
1.9219568,-0.04349688
1.895894,-0.06691733
1.9843838,-0.03399338
1.8678284,0.0073392633
1.7809178,0.010358926
1.9870996,0.07154192
2.313355,0.07248613
2.6893325,0.085204944
3.056978,0.06191301
2.9078093,0.065632865
2.9000542,0.07859801
3.0572798,0.055935
2.9990077,0.076780364
2.7065132,0.13677402
3.1513178,0.11082329
2.86164,0.15580529
3.2637286,0.12142825
3.4509797,0.11028601
3.6634412,0.06717813
3.8655972,0.034838453
4.104259,0.0451585
3.9516249,0.018428186
3.8937254,0.017969556
3.8749654,0.020533927
3.6979766,0.04275215
3.6937358,0.076464444
3.893091,0.0906802
4.239542,0.06469178
3.970617,0.024040084
3.9326947,0.025657149
4.069832,0.019457124
4.4625144,0.004850026
4.560275,0.00279136
4.7150927,0.03377884
4.771599,0.056330428
4.76161,0.09264605
4.9442263,0.07287817
5.080465,0.058347143
5.1921024,0.08077274
5.216667,0.0856197
5.300789,0.0061545763
5.429252,0.0009931922
5.4693494,0.008913204
5.7017426,-0.0031816252
5.646394,-0.0033539496
5.9919605,-0.01071712
6.0482454,0.007988112
6.1331215,0.009564618
6.2468805,0.011796555
6.366954,0.013794676
6.463908,0.015062075
6.5272293,0.013166982
6.4171896,0.016014459
6.678114,0.016799128
6.7359695,0.020541001
6.7128534,0.009960152
6.748748,6.02901e-05
6.891185,-0.004246682
6.9136763,-0.0011457894
7.012871,2.6579946e-05
7.0696945,-0.0043709986
7.0944147,0.00597772
7.069399,-0.0088789165
7.1360226,-0.0058416985
6.9533844,0.008584619
6.7992105,0.01823634
6.738879,0.00031507388
6.6733513,-0.008991752
6.7037582,0.0074183997
6.7758265,0.023967247
6.8410597,0.024144366
6.7481766,0.016251259
6.789421,0.01804248
6.7958107,0.027199993
6.6914015,0.039779942
6.6757107,0.03581056
6.744478,0.03690505
6.753212,0.039085902
6.9556475,0.025175888
6.7865906,0.0279982
6.8434916,0.031674746
6.9029408,0.03045204
6.839279,0.01613
6.635354,0.008925151
6.7018957,0.014076535
6.696664,0.01851972
6.662962,0.024848562
6.6294374,0.017768165
6.548876,0.030120075
6.60225,0.027462797
6.6684217,0.018406866
6.6080217,0.017609172
6.594054,0.018715661
6.667901,0.0133786015
6.656291,0.011660963
6.608653,-0.0062547587
6.6649685,-0.0053974316
6.748372,0.001277592
6.5745792,-0.009836938
6.470644,-0.010053787
6.5530777,0.017151494
6.5701056,0.028392576
6.534687,0.035683796
6.547477,0.021514636
6.564227,0.026002144
6.6539164,0.02812376
6.599721,0.021305624
6.4549456,0.019487727
6.4126406,0.01723393
6.2418423,0.016959948
6.3116026,0.008133382
6.419712,-0.00044886023
6.5390615,0.0020782538
6.4347134,-0.008986551
6.334276,0.0031608045
6.475218,0.011373209
6.454709,0.009246774
6.4912376,0.00957213
6.5696173,0.006967133
6.6171865,0.0119521525
6.7460623,0.002054654
6.743764,-0.005405195
6.8250713,-0.00416651
6.7788115,0.0102755055
6.764223,0.01044412
6.7449846,0.008385368
6.631259,0.01574042
6.6386166,0.016699621
6.6376686,0.02435932
6.6230507,0.013539032
6.475375,0.0016119853
6.511365,0.009502001
6.4131746,0.014857027
6.4446154,0.017822992
6.3859663,0.022256464
6.4093065,0.015058193
6.447093,0.024392545
6.277313,0.026560983
6.3536816,0.019908387
6.458297,0.015328129
6.360532,0.029300544
6.2349625,0.020112207
6.2543926,0.022405168
6.1817036,0.016985003
6.108816,-0.020620245
6.224122,0.031057738
6.1670275,0.01529428
6.314082,0.03616851
6.327776,0.038791716
6.3794003,0.039646808
6.0956826,0.023010867
6.011183,-0.005686071
6.2162304,0.010663107
6.2483053,-0.0033119358
6.373474,-0.016297959
5.9980326,-0.004302148
6.244693,-0.007379953
6.273141,-0.011300404
6.2609873,-0.008308347
5.9791822,-0.03737593
6.0296183,-0.034612384
6.0644407,0.017431065
5.9122734,0.024677888
5.6839504,0.09578948
5.5540056,0.07245433
5.154598,0.06846786
5.0371203,0.09939164
4.764883,0.083453104
4.5729055,0.040596165
4.1231117,0.001558138
4.133916,0.04031042
4.1402693,0.022453388
3.8873332,0.029806998
3.3341112,0.051988933
3.2352266,0.029158235
3.0180967,0.048852377
3.020983,0.05734635
2.7769294,0.07577329
2.7077794,0.086024076
2.4336047,0.09638363
2.2507048,0.102254614
2.157008,0.13311118
1.8987079,0.15036765
1.5781231,0.1624464
1.504491,0.16232412
1.5229979,0.1675965
1.4500897,0.14822315
1.2494617,0.1691008
1.2962449,0.19181208
1.2344767,0.22481321
1.0437815,0.24820453
1.1067834,0.24892949
0.8778516,0.23106994
1.233731,0.20094684
1.602163,0.23786369
1.4733433,0.24890885
1.3543744,0.31235024
1.1895648,0.34438756
1.3264608,0.36804694
1.391086,0.34952676
1.3010108,0.34615895
1.4910734,0.378927
1.3704015,0.34579423
1.3888824,0.32439327
1.8404202,0.27506033
1.7829144,0.2852495
2.1714263,0.2786708
1.7928858,0.29751664
1.7624953,0.3185957
2.1514697,0.2899095
2.1503673,0.2749736
2.3129864,0.28647432
2.3458056,0.29209572
2.3757668,0.2563926
2.3901017,0.26993513
2.5593138,0.27689302
3.1089687,0.21532187
3.011788,0.20608963
3.0525565,0.19234027
3.2962742,0.19243905
3.9247112,0.13460891
3.619264,0.062018193
3.894006,0.032621063
4.1069927,0.036347423
4.185977,0.02741176
4.6719604,0.03095314
4.7082624,0.028209701
4.8260145,0.021213137
4.9315186,0.03332649
5.0359344,0.036181793
5.0701094,0.03233888
5.2812595,0.029518733
5.531311,0.017356178
6.1560707,0.023019964
6.2977076,0.030158356
6.395012,0.028311225
6.8487453,0.03348636
6.8148403,0.03487029
6.903117,0.025114527
6.9926205,0.019065987
7.379818,0.009248462
7.5427246,-0.006975863
7.920377,-0.01767271
7.848406,-0.008950975
8.119276,0.0017604381
8.362703,-0.009915996
8.469575,0.0012592413
8.595159,-0.0099059865
8.726913,-0.00926863
8.847291,-0.01451179
8.773815,-0.0018287152
8.753266,0.020232387
8.929367,0.009442754
8.6568,0.008523706
8.805163,-9.924546e-05
8.425841,0.0150880385
8.735507,0.0064619742
8.91157,0.029653464
9.2071495,0.031515382
8.848769,0.024125215
9.05121,0.012194194
8.610284,0.0010540113
8.595556,-0.012313973
8.733877,-0.025688756
8.180919,-0.02514135
8.065827,-0.02108831
8.266649,-0.030010916
8.375169,-0.027306404
8.56183,-0.013964165
8.425981,-0.011517268
8.647455,-0.0035593137
8.496598,-0.015207209
8.312506,-0.027423766
8.165929,-0.02039865
7.9188967,-0.01647925
7.6936913,-0.017878238
7.6261873,-0.038250614
7.656066,-0.029753063
7.570554,-0.02900799
7.211241,-0.033923224
6.7631683,-0.072893724
6.094326,-0.102254346
5.6714325,-0.039900724
5.709727,-0.0054631196
5.63737,0.09999311
5.2580433,0.096697554
5.11193,0.070469365
4.991334,0.035457358
4.781624,0.042836465
4.1784186,0.045219414
3.8880668,0.04245303
3.5384178,0.027468193
3.5968766,0.007599568
3.3186145,0.015550409
3.1804671,0.010961045
3.179119,0.023059577
3.1302242,0.06154699
3.1013703,0.08362244
3.0309136,0.064001516
2.7571602,0.07514894
2.4855325,0.09732874
2.4011846,0.08339834
2.2811024,0.08979996
2.1433523,0.014743615
2.035318,-0.032658953
2.1464038,-0.004891757
2.217355,0.07090034
2.3268778,0.081573635
2.4288242,0.065417066
2.468048,-0.01383527
2.521145,-0.018610213
2.6389291,0.006766472
2.602477,0.054832637
2.6502635,0.021819297
2.7595472,-0.026648413
2.9763188,-0.07187998
3.0267205,-0.075038716
3.2429368,-0.039268445
3.4277124,-0.018458605
3.5684187,-0.00015871413
3.6174324,0.0003870055
3.4973388,-0.0063230693
3.6193447,-0.016172271
3.9426403,-0.01942275
4.1136827,-0.009143442
4.5114784,-0.018417608
4.467259,-0.0105837025
4.662835,-0.008236192
4.722927,-0.023117267
4.7726545,-0.105504766
4.832855,-0.14617383
4.945937,-0.17297362
5.1247635,-0.17984162
5.553012,-0.16733411
6.001974,-0.14970954
6.050004,-0.008394856
6.1116323,0.0036764257
6.408989,-0.04785813
6.866105,-0.012730561
7.224304,-0.03248557
7.194832,-0.008922279
7.4346123,-0.0019961186
7.465246,0.037526194
7.533293,-0.010592442
7.487378,-0.0028001703
7.908474,-0.0187538
8.225491,-0.07959621
8.447143,-0.15715568
8.2440605,-0.1604398
8.285691,-0.12533833
8.268468,-0.1238174
8.213583,-0.18166773
8.596562,-0.17732441
8.5129595,-0.15831243
8.6498165,-0.11001627
9.011564,-0.07818426
8.870206,-0.075997666
8.792786,-0.081599146
8.87671,-0.071782276
8.658941,-0.06616357
8.89276,-0.044811454
8.92602,-0.015575256
8.846727,-0.0019118153
8.636619,-0.0020140633
8.809247,-0.0058529973
8.86506,-0.0021716338
8.971718,0.002989145
8.592971,0.017816806
8.611635,0.045999967
8.488007,0.032244377
8.677897,0.011556167
8.325872,-0.014731746
8.136857,-0.03038885
8.111261,-0.041112836
7.728465,-0.019285228
7.4602556,-0.014750574
7.037264,-0.047450814
7.086879,-0.10143173
6.3972483,-0.026901387
6.710376,-0.09498808
6.5998116,0.0017937534
6.4736376,0.017211828
6.131177,0.048676644
6.0983443,0.046267252
6.0276594,0.040324304
5.6759977,0.021733247
5.4629936,0.009377779
5.3883333,0.009225156
5.576415,0.009955797
5.543269,0.018500479
5.2562304,-0.047388744
5.105253,-0.0045983754
5.3365536,0.016873525
5.335142,0.027759522
5.460598,0.028951768
5.300395,0.017304938
5.4572873,0.029876519
5.028015,0.02793803
4.877717,-0.021612212
4.8042774,-0.07180351
4.6218367,-0.063361704
4.6280923,0.0034135506
4.5049963,0.0073811226
4.363702,0.0063428655
4.4120283,-0.01021656
4.395486,-0.0041846447
4.4340887,0.012432516
4.430896,0.0035004131
4.357724,0.003853783
4.352378,-0.00620744
4.3057775,-0.0012740679
4.2783585,-0.003967583
4.348549,-0.0053836405
4.429944,-0.019259684
4.094283,-0.017175682
3.9146347,-0.012981936
3.804313,0.044890955
3.9483361,0.04368018
4.134674,-0.006318897
4.1654577,-0.034308676
4.17707,-0.040688846
4.2077475,-0.045028362
4.1947694,-0.010686759
4.0347977,-0.0009994656
3.9481163,0.015964042
4.1906996,-0.036210846
4.1361504,-0.030849192
4.2456913,-0.04548696
4.4429083,-0.047313314
4.7591515,-0.024125427
5.1905184,-0.005563531
5.2884483,-0.012847405
5.4729223,-0.011495672
5.763097,0.01228413
5.6937017,0.017747018
5.7098894,0.02621692
5.911124,0.020929473
5.9676533,0.00812573
6.39392,0.00685475
6.5175943,-0.004173193
6.117256,0.015307267
6.056736,0.009287089
6.3231344,0.0072011147
7.0088234,0.0062204283
6.8747587,-0.010838199
6.7783384,-0.026287746
6.2044516,-0.017527971
6.412814,-0.07048164
6.7875423,0.00068587996
7.04214,0.005349487
7.3946266,-0.02049556
7.2401857,0.020826353
7.5746517,0.0052855853
7.9692907,0.0040384196
7.6996727,0.021141566
7.5103645,0.018687043
7.7789946,-0.00010289997
7.219034,-0.020229135
7.345914,-0.02784874
8.488443,-0.020159934
8.384954,0.0044628475
8.474193,0.0061816014
8.50101,0.0029905383
8.551804,0.003113227
8.626985,0.005557779
8.625304,0.01541586
8.623653,0.01637865
8.522553,0.009066805
8.301143,-0.00075438805
7.972972,0.013832323
8.072975,0.005451219
8.064882,0.00998709
8.127339,0.010493334
8.207336,0.0031797998
8.340698,0.006839581
8.15026,0.019230215
8.200258,0.017329305
7.860033,0.014239152
8.074225,0.014876279
7.931218,0.009593494
7.615634,-0.0032788254
7.573571,-0.0022326447
7.80867,0.011802953
7.396121,0.005098872
7.4138374,-0.01562798
7.25074,-0.009355515
7.1672297,-0.010222346
7.314947,0.0056624115
7.010872,-0.004247412
6.821666,0.009563798
6.6845407,0.027798858
6.3782406,0.024914665
6.350815,0.012673568
5.929181,0.032304976
5.8668914,0.02012765
5.6779976,0.016238723
5.6351023,0.017953008
5.381132,0.017261274
5.4492836,0.026535803
5.53813,0.041485257
5.1733046,0.038368188
5.022312,0.034654476
5.1060066,0.026951613
4.9681273,0.031007554
4.3404655,-0.067881316
4.2607183,-0.042721707
4.1977396,0.037728354
3.9445796,0.040581703
3.8229678,0.049182154
3.6924484,0.0347379
3.859477,0.03290605
3.2244835,0.0067401603
2.9328382,-0.00480064
2.8243346,-0.032046296
2.5821366,-0.10613395
2.6389318,-0.051907863
2.4631555,0.05811153
2.5145817,0.08789745
2.3968043,0.08568158
2.591164,0.0071084127
2.3496032,0.008610269
2.3049028,0.05300169
2.1716135,0.074795306
2.1603642,0.036685728
2.0282722,0.009581216
2.006227,-0.019404206
2.0257127,-0.015304338
2.0964012,-0.033934448
2.0254807,-0.10258423
2.4393106,-0.09814039
2.3402972,-0.103306994
2.5204787,-0.10632667
2.7231078,-0.102596864
2.8143883,-0.09702985
2.5677094,0.010214582
2.464784,0.027225742
2.114984,0.14675401
2.0334158,0.18219657
1.8746023,0.2567849
1.787263,0.24077792
1.8026377,0.32322046
1.6371341,0.3100464
1.6828632,0.31157288
1.6252918,0.31993
1.6358817,0.3280242
1.5782454,0.37793064
1.5942287,0.38313225
1.5523171,0.42431226
1.6534362,0.3949674
1.6956758,0.34598613
1.7107992,0.30832276
1.5729983,0.29283717
1.466907,0.28110233
1.5305767,0.30468386
1.636201,0.32158947
1.4679338,0.32358044
1.3668947,0.27712575
1.4531407,0.23979363
1.7139847,0.23907724
1.874403,0.3249594
2.0357726,0.31074044
2.2660608,0.33891687
2.454455,0.28716806
2.342238,0.20306149
2.5662575,0.15838641
2.5982573,0.14403613
2.6256762,0.10874364
2.5978458,0.12650661
2.7239962,0.062802255
2.9156587,-0.0043562315
3.1644068,-0.029448438
3.195644,-0.023274768
3.4613109,0.028753486
3.3425615,0.03139008
3.5494688,-0.016942304
3.3664947,0.00096607953
3.3463438,0.025094636
3.555594,0.027570326
3.9125218,-0.040455516
4.024868,-0.096603125
4.068289,-0.03636862
4.255499,-0.091511354
4.1158137,-0.06413856
4.6173754,-0.0830276
4.4379883,-0.074243575
4.5453777,-0.06853123
4.8474455,-0.069942296
4.8449726,-0.070618734
5.5258284,-0.04870371
6.334772,-0.034828763
6.1056647,-0.030469518
6.686701,-0.0066346116
6.9067106,-0.0068127327
6.756976,-0.001006294
6.6855173,-0.005437769
7.037977,-0.022609826
7.331024,-0.025047194
7.2009315,-0.016518068
7.742635,-0.014200177
7.9926987,-0.010082278
8.247296,-0.014499094
8.309697,-0.020760458
8.478417,-0.0029674694
8.55277,0.00036715344
8.575016,-0.0005327482
8.634602,0.0016238354
8.65358,-0.0065935217
8.53948,-0.03643089
8.7554655,-0.02246698
8.83432,-0.0069579296
9.12241,-0.018665269
9.050466,-0.019913707
9.121132,-0.0102516785
9.362107,-0.045720447
9.366869,-0.074926496
9.543831,-0.06228287
9.5080805,-0.055067014
9.36477,-0.052397493
9.411993,-0.030473236
9.5683155,-0.02529341
9.681918,-0.03143489
9.583921,-0.021151263
9.779184,-0.03188766
9.618506,-0.025337156
9.608802,-0.03452922
9.354639,-0.039427426
9.437897,-0.027052712
9.61353,-0.023185123
9.495157,0.0012873337
9.458657,0.008261748
9.324098,0.0045314077
9.445226,-0.0030684434
9.429995,0.011198457
9.0975685,0.015930466
9.118531,0.0112896785
8.89873,-0.017041713
8.806037,-0.013219684
8.644443,-0.012195259
8.584302,-0.013880115
8.392582,0.019921081
8.104868,0.059656948
8.009728,0.044517428
7.928089,-0.011450522
7.524967,-0.024900518
7.2301903,-0.012590453
6.911915,0.0022743046
6.8039885,0.009313084
6.1830645,0.0010019429
5.8429317,-0.01621319
5.7495823,-0.02145426
5.3005676,-0.043529343
5.125725,-0.037644435
4.81193,-0.07877442
4.5880113,-0.11263631
4.350431,-0.11550532
4.032643,-0.18396659
3.9054608,-0.21318595
3.7590275,-0.24751918
3.5189989,-0.29339683
3.456967,-0.3058455
3.2888112,-0.29824933
3.2041068,-0.2944247
3.2887492,-0.3064062
3.1330442,-0.35257736
3.2073505,-0.38724542
3.173039,-0.36420155
2.869587,-0.34775853
3.0234396,-0.3516025
3.1834605,-0.3232174
3.1962295,-0.33010003
3.4454892,-0.34591922
3.2804372,-0.3182701
3.5242481,-0.3084212
3.8279939,-0.2892787
3.3272872,-0.29577622
3.4483786,-0.28844607
3.1502738,-0.29141876
3.42034,-0.29752362
3.5898192,-0.29236048
3.6695504,-0.27634382
3.8663616,-0.25825146
4.0989017,-0.22073056
4.480275,-0.22334196
4.7009263,-0.1918485
5.0274906,-0.2274911
5.3897448,-0.2987091
5.2630496,-0.347985
5.4226484,-0.32354143
5.6627307,-0.31130737
6.228799,-0.2852188
6.22278,-0.2963814
6.1308556,-0.27450737
6.241064,-0.24059491
6.6127834,-0.17077523
6.659749,-0.10096826
6.8526154,-0.07622905
7.0678444,-0.04435304
7.1624384,-0.031649273
7.4209213,0.0069858655
7.550619,0.03783276
7.6484165,0.026813664
7.73658,0.00043122843
7.7671213,-0.017724734
8.117653,-0.020627942
8.233369,-0.0072578266
8.566704,0.0039230958
8.885371,0.01482567
8.83618,0.06534956
9.085607,0.09104864
9.06784,0.1682316
9.124463,0.15279089
9.377812,0.1258009
9.387616,0.11865625
9.847138,0.05280742
9.513777,0.036630098
9.967135,-0.002889203
10.47257,-0.012613501
10.411799,-0.004894275
10.470498,-0.005393546
10.4495325,-0.001519056
10.403831,0.0059221126
10.36917,-0.00020893663
10.505593,-0.0012852959
10.5349865,-0.0030396134
10.564993,-0.0034800805
10.650975,-0.010715146
10.685744,-0.013598464
10.635774,-0.017565463
10.692783,-0.017485596
10.924781,-0.024358813
10.940607,-0.02587789
11.029168,-0.028004177
11.1733265,-0.030517265
11.067273,-0.02532719
11.103565,-0.028953973
11.101506,-0.031921018
10.990071,-0.03152966
11.05149,-0.030853849
11.109552,-0.021423329
11.106084,-0.015420463
11.033198,-0.022663124
11.284986,-0.029029924
11.206233,-0.028202165
11.234392,-0.029438239
11.307829,-0.024474729
11.423429,-0.023050375
11.436143,-0.027035777
11.478023,-0.030463655
11.458097,-0.028938051
11.427745,-0.02785017
11.368911,-0.026700009
11.338155,-0.025913693
11.470807,-0.022855368
11.506329,-0.019695733
11.598234,-0.023566674
11.472931,-0.019032195
11.573293,-0.020666879
11.671226,-0.02392954
11.557832,-0.020917233
11.7676735,-0.026304897
11.817176,-0.018218268
11.639775,-0.011275236
11.873388,-0.019548122
11.844499,-0.023962446
11.835718,-0.009880178
11.838755,-0.007784009
11.674384,0.0012797154
11.770195,0.00459818
11.614086,0.012051286
11.542768,0.009513365
11.6855755,-0.0043984875
11.659445,-0.011814959
11.537394,-0.0126191825
11.367452,-0.015520673
11.428094,-0.0124026835
11.471394,-0.012000188
11.3871,-0.0113080405
11.227479,-0.010336261
11.099415,-0.009674996
11.292633,-0.012981579
11.084519,-0.016867261
11.175683,-0.023380183
11.212029,-0.024812851
11.025377,-0.018522348
11.052904,-0.017541472
10.948697,-0.019524299
10.84213,-0.01574311
10.545378,-0.0028456487
10.776226,0.003821835
10.743313,0.004340045
10.654422,0.008718878
10.684053,0.009961562
10.735173,0.011833273
10.788463,0.013826253
11.039773,0.017537698
11.009391,0.014608379
10.942341,-0.013040222
11.065059,-0.046520334
11.113302,-0.076433495
11.081244,-0.07809067
11.028731,-0.0975716
11.038051,-0.057951797
10.855688,-0.0010759085
11.153089,-0.0060435683
11.329877,-0.0036886781
11.215786,-0.008261237
11.247572,-0.007634394
11.24144,-0.012631889
11.271605,-0.023673814
11.252041,-0.04124214
11.199479,-0.046292167
11.074569,-0.04930902
11.2056875,-0.052198794
11.276786,-0.053513955
11.115811,-0.046236325
11.036447,-0.03462356
10.968787,-0.02375381
11.170038,-0.010641348
11.036405,-0.0033299997
10.805828,-0.005843278
10.736522,-0.012334209
10.78163,-0.01497921
10.893751,-0.021123122
11.040668,-0.015317213
11.207357,-0.017411783
11.195313,-0.017781753
11.248411,-0.021065157
11.147277,-0.016378079
11.146185,-0.015578013
11.159444,-0.0149404295
10.97966,-0.013674628
10.9716835,-0.018320933
10.904105,-0.013677862
10.768825,-0.013809603
10.919343,-0.022148132
10.72532,-0.020984624
10.627179,-0.016244795
10.754967,-0.020346023
10.912325,-0.016835596
10.8203,-0.021829005
10.873674,-0.019062746
10.963017,-0.028529435
10.853014,-0.023010615
10.851759,-0.016750358
10.729018,-0.018244844
10.769578,-0.019844431
10.619056,-0.026597928
10.56601,-0.029668927
10.630929,-0.030350003
10.731723,-0.027019978
10.724591,-0.0162406
10.67577,-0.018334467
10.715312,-0.014524046
10.876659,-0.013571385
10.914954,-0.0048532225
10.585541,-0.013030726
10.550922,-0.017630007
10.762827,-0.019805714
10.686394,-0.0110523105
10.564705,-0.0033871233
10.711735,-0.006955374
10.682925,-0.008314326
10.602502,-0.013008706
10.45481,-0.009825859
10.421344,-0.014929328
10.577553,-0.01558755
10.611964,-0.0118293315
10.329408,-0.0035460554
10.404341,-0.0036297515
10.441432,0.0029679332
10.226288,0.0034414455
10.137034,0.0047807805
10.026579,0.008360783
10.06266,0.0053241774
10.360989,-0.0007495824
10.445096,0.0012632683
10.28937,0.0042963605
10.308996,-0.0012115613
10.369206,-0.0029776022
10.36592,0.0010589845
10.279203,0.00830864
9.781731,-0.005271513
9.983829,0.007410437
10.0058565,0.0048660226
9.884084,0.003529312
9.806416,-0.0050103776
9.8968,-0.0033369102
9.799822,-0.0025876816
9.717859,-0.0005426407
9.689613,-0.005893547
9.559771,-0.00823288
9.577221,-0.0049998946
9.480545,-0.0008473061
9.426045,0.0004802756
9.331877,-0.010336138
9.348341,-0.014859434
9.419353,-0.021326844
9.369059,-0.0223854
9.286973,-0.020876132
9.042212,-0.017835844
8.912897,-0.019360866
8.918245,-0.015643392
9.052602,-0.0075846054
8.872687,-0.009840045
8.975425,-0.007740069
9.108508,-0.013023581
9.288545,-0.018823195
9.336781,-0.017708868
9.17247,-0.016733777
9.187833,-0.012459803
9.42991,0.010315303
9.731617,0.006136369
9.654521,-0.02400205
9.499545,-0.022215769
9.279459,-0.053208504
9.3860445,-0.04367445
9.4268875,-0.050225135
9.42678,-0.042910825
9.527381,-0.068380594
9.4757185,-0.07284568
9.194454,-0.07417324
9.421842,-0.10631758
9.341803,-0.14200924
9.328764,-0.14617635
9.392335,-0.17371108
9.314799,-0.15521331
9.261883,-0.15396394
9.178103,-0.16136076
9.073063,-0.15454783
8.903684,-0.17508873
9.032694,-0.16654806
8.978817,-0.13949232
9.058541,-0.19347794
9.162524,-0.16334598
9.064675,-0.1447707
9.16498,-0.18409215
9.3494215,-0.24658586
9.325417,-0.30789003
9.182682,-0.36904585
9.216874,-0.3055924
9.233526,-0.26955113
9.305924,-0.22028722
9.430474,-0.11233841
9.4531975,-0.028559461
9.499873,-0.031445395
9.792071,-0.0076058693
10.031167,-0.008904006
9.8009,0.005331997
9.720895,-0.006542973
9.954312,-0.0054179765
10.192395,-0.0063004866
10.046792,-0.0037661456
10.1149645,-0.003835369
10.146,-0.008725882
10.131934,-0.008410063
10.237301,-0.012511313
10.185246,-0.0133063495
10.148831,-0.009123024
10.242412,-0.011241868
10.207675,-0.016378377
10.286049,-0.011755668
10.181217,-0.10199894
10.444856,-0.031187166
10.072404,-0.12374823
9.915717,-0.088677555
9.9281225,-0.007586714
9.862826,-0.0011536255
9.76347,-0.0037496574
9.719623,-0.005794823
9.44449,-0.007269036
9.154916,-0.058761653
8.978278,-0.13083346
8.560603,-0.26216188
8.137359,-0.30025122
7.828226,-0.35653755
7.5302925,-0.42859024
7.2526093,-0.5123504
7.035986,-0.52941275
6.837055,-0.5178856
6.9339857,-0.48653862
6.6705065,-0.5096156
6.661188,-0.473124
6.6187267,-0.4513487
6.4733715,-0.48452595
6.5422907,-0.53705657
6.1901274,-0.6379764
6.1712046,-0.62956
6.1207,-0.47856447
6.0537295,-0.51558596
5.902298,-0.39042482
6.069518,-0.3982893
6.270361,-0.3820391
6.215539,-0.3781688
6.271407,-0.41754934
6.336379,-0.36966434
6.397025,-0.2867022
6.650359,-0.25291058
6.676482,-0.22473012
6.657342,-0.18592119
6.607957,-0.11374338
6.5601664,-0.09642129
6.4160633,-0.08010222
6.31971,-0.08154176
6.274873,-0.06102814
6.482153,-0.0009348504
6.4487123,0.023796195
6.395788,0.03228798
6.3880568,0.03677662
6.4504223,0.04314028
6.5181036,0.051237773
6.652977,0.05662465
6.7203255,0.058804467
