predicted forward vel,predicted angular vel
10.205621,-0.3038556
10.25109,-0.30723113
10.386548,-0.36925274
10.001751,-0.41151515
9.937893,-0.41283828
10.035747,-0.40781435
9.827852,-0.35808972
9.942808,-0.32214645
9.965178,-0.35901478
9.698694,-0.4085296
9.375989,-0.4097399
9.111222,-0.35639215
9.29528,-0.38732776
9.472573,-0.33771843
9.4861355,-0.4255537
9.290079,-0.53164315
9.625819,-0.5558754
9.447778,-0.5562862
9.215509,-0.56492746
9.320038,-0.5366604
9.503486,-0.51690316
9.408257,-0.41453102
9.233813,-0.3957862
9.198458,-0.27938205
9.587976,-0.26477262
9.606792,-0.3448583
9.852456,-0.34624693
9.760773,-0.36409745
9.61551,-0.3773852
9.68047,-0.3394432
9.586124,-0.29178217
9.69634,-0.29533044
9.915254,-0.25684932
10.024929,-0.22321399
10.322677,-0.21382949
10.288122,-0.17831625
10.393884,-0.120109156
10.513699,-0.089036435
10.633604,-0.053450894
10.8488035,-0.03241488
11.001145,-0.03366368
11.103375,-0.030431133
11.082175,-0.025565837
11.18744,-0.024960559
11.237217,-0.025357053
11.366441,-0.023481805
11.798657,-0.02367339
11.918554,-0.021049075
12.324046,-0.017569866
12.513544,-0.015956964
12.58642,-0.014360115
12.805313,-0.015040267
12.928084,-0.011804763
13.171501,-0.01063025
13.387491,-0.0039255954
13.664028,-0.009919416
13.880987,-0.004986584
14.103264,-0.009256795
14.057109,-0.007260017
14.299568,-0.0053309426
14.513084,-0.0037495308
14.774471,-0.0038533546
14.954273,2.8181821e-05
15.139774,-0.0017408617
15.313094,-0.0027704835
15.431238,0.008011945
15.358401,0.0119062085
15.616069,0.014777165
15.765014,0.022970634
16.189337,0.031591684
16.680079,0.03782875
16.763252,0.04024663
16.859035,0.037227493
17.006248,0.035953704
17.052721,0.018935073
17.32332,0.010702342
17.22375,-0.007313706
17.533163,0.0037556924
17.865194,0.011347346
18.058754,0.0072259326
18.287457,0.005169794
17.891088,-0.021528121
17.81911,-0.035358075
17.815023,-0.056577954
17.831503,-0.052719977
18.15755,-0.06337336
18.343859,-0.0647445
18.428905,-0.035156008
18.581074,-0.032919597
18.550398,-0.029491495
18.691734,-0.031992923
18.89425,-0.036678877
19.289043,-0.065010175
19.145716,-0.062252928
18.990427,-0.04563823
19.211391,-0.027385034
19.460423,-0.045201752
19.687881,-0.0588055
19.196266,-0.05466414
19.055424,-0.06206182
19.793283,-0.071333736
19.587564,-0.15202256
19.934322,-0.17751239
19.854446,-0.09799956
19.857533,-0.069837645
20.213554,-0.10106924
20.167414,-0.08287911
20.413427,-0.10653886
20.102983,-0.09025717
20.433748,-0.08485626
20.990372,-0.07144612
21.20933,-0.053899627
21.301943,-0.041816834
21.126749,-0.035080764
21.222609,-0.026856828
21.334177,-0.01884447
21.162106,-0.03258633
21.394321,-0.044225734
21.540756,-0.022897098
21.454185,-0.03947228
21.656744,-0.042180303
21.790901,-0.056322526
21.829784,-0.050854083
21.73978,-0.054076564
21.890795,-0.0512095
22.032495,-0.05790821
22.001896,-0.03918555
22.156574,-0.053509187
22.126022,-0.066386014
22.364964,-0.0701818
22.554642,-0.07013929
22.36264,-0.03981628
22.39468,-0.04081555
22.54033,-0.028062638
22.364075,-0.021345269
22.62688,-0.013723183
22.77714,0.007903535
22.895588,-0.0021576677
23.022942,-0.005397573
22.757938,-0.014452841
22.983578,-0.017027743
23.006899,-0.005707357
23.030159,-0.010125335
23.051186,-0.0072561577
23.061447,-0.019379362
23.14525,-0.019116566
23.222876,-0.029876541
23.201206,-0.030251194
23.211407,-0.024144128
23.081238,-0.030712537
23.10264,-0.018049188
23.205572,-0.019449603
23.083904,-0.027695678
22.904942,-0.010888342
22.949936,-0.018266797
23.121958,-0.022959694
23.139257,-0.008773368
23.211046,-0.012078676
23.077726,0.008651625
23.083485,-0.0008944459
22.991451,-0.0024450067
23.218418,-0.02120006
23.215849,-0.025988333
23.375284,-0.039353933
23.25008,-0.03833774
23.177776,-0.036355216
23.328354,-0.019220911
23.561668,-0.024696205
23.576025,-0.013762567
23.708967,-0.022038087
23.888197,-0.026342534
23.995552,-0.035189327
23.871141,-0.03213763
23.938074,-0.026804809
24.149754,-0.035874065
24.196995,-0.03009978
24.334167,-0.022385571
24.419622,-0.022791509
24.251963,-0.011008985
24.378183,-0.02352338
24.699163,-0.027613007
24.943077,-0.037868362
24.670042,-0.039893497
25.027008,-0.045444053
25.180727,-0.036875736
25.307472,-0.036355358
25.429588,-0.048019465
25.45626,-0.04405201
25.517063,-0.035617802
25.596073,-0.032531805
25.736092,-0.029433444
25.769278,-0.025653787
25.73398,-0.013173185
25.995798,-0.016577788
25.864855,-0.0065875985
26.23672,-0.0030870903
25.945887,-0.005802281
25.957954,-0.011163566
26.191048,-0.021382142
25.919298,-0.043352727
25.934149,-0.03824989
26.038563,-0.03183894
25.893995,-0.04142865
26.00366,-0.027936548
26.164362,-0.04352462
26.339502,-0.02199315
26.340527,0.0021626
26.247179,0.0046956167
26.181643,0.008373108
26.314116,0.005105786
26.18711,-0.00026904605
26.046371,0.00081794895
26.022268,0.0029580034
26.07986,0.0066156164
25.857182,-0.009467147
25.885042,-0.028233968
26.070047,-0.021095496
26.10254,-0.016795743
26.194828,-0.01262911
25.95262,-0.008640021
25.853645,-0.0022184588
26.187038,0.0048434865
25.840834,0.0041588843
25.779655,0.0042824373
25.84793,-0.0055864044
26.047504,-0.008976031
25.900087,-0.008372601
25.874462,-0.005822357
25.994606,-0.010476183
26.01022,-0.01691432
25.917294,-0.009776618
25.801859,-0.01182561
25.928371,-0.012728773
26.012798,-0.009959448
25.989395,-0.007988002
25.817629,-0.008556332
25.98252,-0.016009558
25.963917,-0.018302023
25.846577,-0.021298222
25.78767,-0.023959514
25.722687,-0.020381525
25.679768,-0.02434573
25.678286,-0.014503155
25.6766,-0.008038923
25.4882,-0.00022815354
25.556622,-0.01106723
25.529726,-0.018816669
25.822678,-0.016325999
25.756632,-0.008700367
25.681955,-0.0024517067
25.728256,0.00033418648
25.499107,-0.006595824
25.769276,-0.010190032
25.650808,-0.0176276
25.415495,-0.015876804
25.219824,-0.019777205
25.71996,-0.009647485
25.785841,-0.007346239
25.543072,-0.002745146
25.538555,-0.009634707
25.523003,-0.008143123
25.538101,-0.0055697635
25.431686,-0.004401859
25.45478,-0.009979751
25.650272,-0.007966563
25.66145,-0.0060384534
25.566616,-0.0054909326
25.626657,-0.0015249215
25.568354,-0.006715428
25.51786,-0.0024116002
25.592402,0.0013379008
25.648506,0.001675861
25.573761,0.00020916946
25.60335,0.00075029954
25.538269,-0.0013752487
25.555223,-0.0030523892
25.479286,-0.0035857968
25.433886,0.008364975
25.707216,-0.012073945
25.6949,-0.010687679
25.59739,-0.0081190765
25.524416,-0.010214016
25.691154,-0.009317655
25.632305,-0.007673882
25.63488,-0.0102559365
25.749672,-0.011710439
25.81558,-0.011417095
25.860027,-0.008951895
25.732574,-0.0095396675
25.644825,-0.0066000335
25.852629,-0.008704476
25.840569,-0.009041879
25.76129,-0.009796996
25.711094,-0.0090635605
25.715752,-0.0033691786
25.723732,-0.0058951117
25.748457,-0.004037354
25.552889,-0.0057947077
25.359182,-0.006209936
25.621382,-0.0075944625
25.81168,-0.004157502
25.86321,-0.0041156188
25.785183,-0.0057384744
25.74518,-0.006606426
25.876884,-0.002141919
25.93,-0.006290864
25.964619,-0.0013832189
25.824718,-0.0011670217
25.771482,-0.0033266656
25.808062,0.003593199
25.722633,-0.00030842796
25.690022,-0.0016059913
25.612503,0.0006067883
25.570955,0.00053452887
25.61412,0.0034510624
25.57778,0.0076845996
25.577501,0.005643327
25.603058,0.0041251667
25.735937,0.0027972832
25.71003,0.0035199113
25.683664,0.0046396255
25.676287,0.00408441
25.763826,0.0042417273
25.817673,0.003045816
25.718117,0.001451116
25.650312,-0.00023071095
25.779726,0.0004051067
25.81647,0.0011812747
25.722723,0.0044077616
25.651047,0.00084754266
25.644066,0.0023851786
25.674828,0.0016902965
25.816902,0.0036362894
25.789377,0.0015188307
25.788126,0.002798494
25.81377,0.0027900562
25.807076,0.0040180497
25.778755,0.0040660948
25.943527,0.0011988916
25.90637,0.004311381
25.86102,0.004646657
25.73486,0.0053001437
25.672173,0.0026573353
25.813828,0.0086850505
25.753416,0.010868363
25.84704,0.009700775
25.801556,0.0102228075
25.658993,0.01369287
25.840693,0.010150349
25.816263,0.005805794
25.938816,0.0075438134
25.801323,0.0107101
25.726044,0.012734481
25.814281,0.008545589
25.755098,0.011050139
25.62238,0.00866124
25.738548,0.008181281
25.768116,0.007829947
25.698898,0.0034625344
25.661041,0.0057878904
25.675377,0.0048205834
25.564892,0.005700562
25.67671,0.00706245
25.542185,0.0081806
25.40738,0.009335406
25.27451,0.011019086
25.22352,0.0057742298
25.231441,0.010716444
25.230497,0.01645443
24.779259,0.022000894
25.677195,0.0068951584
25.742933,0.0028891973
25.677841,0.0008785315
25.729101,-0.0049151964
25.59532,-0.004892759
25.656054,-0.004191082
25.759098,-0.0024363156
25.742487,-0.0014828909
25.639448,-0.0016709883
25.558516,-0.003626231
25.634861,-0.0047968924
25.461636,-0.0058790185
25.711983,-0.0031692125
25.700838,-0.0016015172
25.71112,-0.0007579606
25.865154,-0.0046511926
25.67667,-0.0031402
25.544743,-0.00095037185
25.65472,-0.0022002142
25.568054,-0.0013382677
25.603834,0.0004511252
25.670437,-0.004352566
25.532478,-0.0050796084
25.369923,-0.006460663
25.386984,-0.0086011365
25.530191,-0.003071148
25.577099,-0.0017105788
25.68462,0.00082902424
25.5227,-0.00017540157
25.562084,-0.0016881414
25.53376,-0.0017665308
25.674875,0.0028281044
25.651888,-0.0037812777
25.74069,-0.007221047
25.714235,-0.0024497733
25.690512,-0.0012218691
25.638779,0.0018994901
25.599054,0.0012473036
25.6424,-0.0045734458
25.573105,-0.0025617275
25.706038,-0.0040005334
25.67147,-0.004623536
25.64227,-0.0073568188
25.665506,-0.0050944425
25.485397,-0.0032221265
25.547222,-0.005491525
25.55344,-0.0043841787
25.462881,-0.0067552403
25.574657,-0.008148771
25.533413,-0.005686816
25.511732,-0.00019871816
25.34779,-0.011162274
25.290693,-0.010124188
25.340597,-0.009683382
25.390018,-0.013383027
25.507015,-0.012593757
25.442383,-0.007862102
25.45992,-0.008420434
25.460863,-0.0064458475
25.451546,-0.0074699484
25.470886,-0.0055491775
25.445808,-0.0006947536
25.30093,-0.0024012327
25.374937,-0.00852656
25.448366,-0.008600254
25.516037,-0.0064739473
25.513947,-0.0029389001
25.478872,-0.0021236613
25.533155,-0.0056335144
25.70149,-0.00018708967
25.5767,-0.0063286982
25.49413,-0.0023795944
25.238312,0.0049332045
25.756287,-0.0048274435
25.764723,-0.006020464
25.692472,-0.004969854
25.605486,-0.004593659
25.637304,-0.0037658103
25.62443,-0.00295672
25.525732,-0.0073576868
25.537018,-0.008348983
25.410645,0.0011411328
25.452888,0.0012004673
25.558693,0.00012709573
25.5605,0.0011914317
25.58976,0.0058425255
25.538742,0.0070587248
25.55263,0.0067481734
25.430717,0.010551972
25.392685,0.017268673
25.269203,0.01413567
25.290346,0.013448939
25.291582,0.018583994
25.406937,0.018766496
25.46689,0.021319494
25.447163,0.0168994
25.224651,0.013038097
25.35994,0.015921803
25.215425,0.007907659
25.085539,0.006096611
24.954971,0.007871037
25.100304,0.0072654057
25.195515,0.0037138872
25.122543,0.0070200674
24.9986,0.0100335125
24.978186,0.0093067195
25.11996,-0.00010549091
25.252134,0.014300438
24.865448,-0.017282803
24.969942,0.003931936
25.31261,0.004571434
25.404808,0.0048952773
25.265673,0.005468469
25.055872,0.012477638
25.171793,0.015601354
25.233677,0.00754356
25.213263,0.00587992
25.169956,0.006758431
24.980875,0.0087359585
25.21953,0.010829927
25.117617,0.009881297
25.081387,0.012215802
25.147106,0.0057851598
25.179266,0.010515852
25.225168,0.010926979
25.317999,0.0073872544
25.104021,0.006625179
25.203436,0.002073178
25.168457,0.0018408615
24.921663,0.003929779
25.157017,0.004042888
25.200506,0.006553391
25.245821,0.007512331
25.288055,0.007657096
25.32531,0.00251141
25.180056,0.0017484669
25.142902,0.0032137353
25.117325,0.011049585
25.249802,0.007942947
25.196133,0.006253084
25.30902,0.012694329
25.361551,0.012350839
25.19809,0.015438478
25.174706,0.016518386
25.201473,0.02445587
25.135511,0.018900508
25.052027,0.02137669
24.959528,0.022920663
24.941904,0.023981407
24.91965,0.011244442
24.882303,0.01824309
24.980783,0.027037514
24.848637,0.02292702
24.987787,0.023057489
25.12449,0.024895536
25.09787,0.031067772
25.072193,0.031177314
25.041277,0.028764725
24.998394,0.03060501
24.910213,0.026276574
24.808098,0.022772776
24.836176,0.015450193
24.73042,0.016100788
24.697884,0.021140676
24.812187,0.023724347
24.757109,0.02408747
24.62179,0.023620568
24.69316,0.016817857
24.605425,0.020952836
24.353546,0.028319174
24.682636,0.021772668
24.6363,0.018471435
24.595045,0.018668782
24.39499,0.021428429
24.44843,0.0173751
24.422012,0.022038875
24.39743,0.021296563
24.39945,0.022551969
24.556217,0.026408572
24.611044,0.017460946
24.500263,0.019888397
24.687792,0.016177401
24.603474,0.020208135
24.577135,0.010827381
24.49792,0.02194378
24.704948,0.020771082
24.807903,0.021155553
24.779575,0.023499737
24.805544,0.015082597
24.531641,0.014105266
24.65383,0.015480745
24.468132,0.024546353
24.64238,0.020039178
24.70685,0.020543728
24.764225,0.015822021
24.634415,0.017096551
24.580582,0.020779207
24.58291,0.01576334
24.471563,0.017274912
24.58188,0.018946573
24.607698,0.026672287
24.585081,0.018166628
24.586477,0.01533427
24.510637,0.018083744
24.635155,0.015288182
24.597672,0.016886327
24.59672,0.014965162
24.63534,0.015554694
24.6561,0.014143726
24.82977,0.011750609
24.737803,0.011155674
24.612764,0.006815955
24.50462,0.007051192
24.634628,0.0017666705
24.62063,0.0057471953
24.362974,0.004842691
24.727108,-0.00010835007
24.658361,-0.0014077388
24.644312,-0.002440095
24.718,0.00014859065
24.800728,0.0020319745
24.750912,-0.000888966
25.053392,-0.006290458
25.211748,-0.011722591
24.784021,-0.02334249
25.13004,-0.016299412
25.10476,-0.0106466375
24.936972,-0.01294617
25.0552,-0.009379499
25.064404,-0.009235248
25.056576,-0.012645714
25.04849,-0.015193459
25.184202,-0.024744503
25.300028,-0.022473253
25.131083,-0.012852002
25.047115,-0.0036567934
25.346294,-0.010524541
25.31684,-0.0038812645
25.599693,-0.001731189
25.557674,0.0014459975
25.715117,0.0017563794
25.752108,0.00040143542
25.508154,0.0020282734
25.797832,0.00048097968
25.837887,0.0022761915
25.904753,0.00453181
25.762144,0.009212922
25.681423,0.006625645
25.66652,-0.0034898818
25.640055,-0.002043832
25.603416,-0.0055297725
25.825825,-0.0060660318
25.960068,-0.0024509765
25.857368,0.0015939884
25.906364,-0.001087958
25.835552,0.0024952218
26.031452,0.0017701313
25.938446,-0.0028105304
25.937408,0.00075437874
25.92486,0.0022460818
25.93745,0.0041446574
26.007511,0.0008683074
26.157116,0.0045286603
26.180857,0.0030396841
26.197048,0.010451574
26.309381,0.010785263
26.218138,0.0040049627
26.30758,0.00046221353
26.384727,-0.001391625
26.223854,0.004635457
26.214191,0.005551016
26.245163,-0.0043948404
26.090467,0.0064370614
26.150724,0.01012666
26.250362,0.011380602
26.409489,0.012384804
26.321005,0.009382017
26.3369,0.007969722
26.327059,0.0034367647
26.15097,0.008614834
26.309587,0.0052708145
26.133934,0.0091692675
26.41746,0.013998363
26.320545,0.011567414
26.348309,0.011449091
26.34692,0.005714616
26.428757,0.011161741
26.460133,0.005665779
26.28491,0.0048971437
26.177338,0.0043666586
26.302832,0.0036147386
26.264275,0.0081190225
26.344007,0.0068027824
26.204163,0.010217236
26.287159,0.008885466
26.100634,0.01332503
26.140636,0.010258352
26.092178,0.013037675
26.187965,0.013500732
26.150158,0.012585837
26.077145,0.0075868573
25.772366,0.00048048235
25.954023,0.0006849393
26.081257,0.0043576285
26.259176,0.00812334
26.189878,0.01255634
26.220842,0.007670108
26.196308,0.005330287
26.117615,0.0066285096
26.066414,0.009645138
26.064255,0.005601356
25.916948,0.0050392225
26.040201,0.0046347138
25.985458,0.006459074
25.99026,0.006368097
26.106974,0.0014512353
26.056988,-0.0045406483
25.967356,-0.0023341104
25.865831,0.00084684417
26.005598,-0.0021751467
25.876457,0.00057834014
25.743021,0.0026355162
25.74086,0.003825806
25.791582,-1.5160069e-05
25.790518,0.0041432884
25.659906,-0.00024158508
25.661114,0.0056138784
25.628914,0.008932695
25.613228,0.015649363
25.6941,0.01644063
25.512606,0.018406587
25.438282,0.0150564
25.440645,0.010065781
25.454845,0.007125182
25.505642,0.0053379647
25.411594,0.0063231234
25.584219,0.009837763
25.353409,0.0092817545
25.559528,0.008802883
25.554579,0.0065224916
25.462074,0.009191377
25.342596,0.0012434982
25.387144,0.0033481605
25.390085,0.005712617
25.620888,0.0140848905
25.36009,0.009862481
25.453154,0.008876424
25.072926,0.0010024775
25.288692,0.007139437
25.329453,0.010429606
25.383665,0.014253571
25.484901,0.014581153
25.28688,0.012161177
25.238628,0.009497529
25.187195,0.010139115
24.956257,0.005707158
24.990807,0.0050854534
24.75403,0.0076381266
24.963915,0.010477984
24.76171,0.013516154
24.60139,0.007009292
24.56546,0.0013318285
24.496464,0.009107923
24.576591,0.010087194
24.214357,0.016030911
24.208088,0.019989096
24.30877,0.0033507291
24.376448,0.0027900636
24.43754,0.009253275
24.479265,0.014011169
24.778547,0.017519148
24.51231,0.02210835
24.588577,0.02554996
24.290993,0.03015982
24.268938,0.031330705
24.411173,0.02482743
24.371937,0.026030632
24.07336,0.025982302
23.857904,0.026782302
23.74312,0.024317285
23.78965,0.023953471
24.10811,0.02432457
24.035496,0.02791037
24.011257,0.03240996
24.03816,0.03714629
23.64648,0.038674325
23.469288,0.03718453
23.471813,0.03749638
23.394335,0.03900504
23.376232,0.035470407
23.410091,0.036016196
23.449911,0.03700603
23.356394,0.034089256
23.531702,0.036754783
23.48299,0.03392941
23.409199,0.03627479
23.43323,0.03580068
23.45079,0.035965823
23.46648,0.036514934
23.46668,0.035543025
23.242329,0.029206289
23.148733,0.034309376
23.008127,0.036677036
22.9786,0.032402538
22.965395,0.030888373
22.93504,0.027448043
22.872873,0.021799065
22.964437,0.02375887
22.859758,0.019652773
22.986097,0.01729558
22.863194,0.010189641
22.796951,0.0075265076
22.788113,0.013695842
22.40105,0.015063975
22.525797,0.016556606
22.442406,0.018998701
22.419638,0.018121716
22.560907,0.022147948
22.366444,0.020235635
22.501293,0.02272808
22.523825,0.023657821
22.255758,0.021766711
22.276878,0.023151038
22.077543,0.024793293
21.96147,0.027399207
21.732214,0.020511594
21.756546,0.031071493
21.552635,0.039081424
21.506826,0.041459143
21.27212,0.04279761
21.125233,0.03202634
21.173729,0.03373491
21.17045,0.03274398
21.185448,0.037710685
21.28011,0.0397002
21.535858,0.047008734
21.636663,0.04097189
21.361124,0.041399434
21.258537,0.036126815
21.17303,0.038095
21.059803,0.047138363
21.165634,0.046558816
21.123878,0.04287897
21.037176,0.04177042
21.072765,0.03789159
20.902027,0.03756802
20.992277,0.04144688
21.0113,0.04033879
21.010525,0.037182152
20.981556,0.037835725
20.912216,0.04202559
20.81794,0.04161866
20.714407,0.040374756
20.808168,0.0448345
20.677837,0.036321495
20.740917,0.03720024
20.618114,0.038655527
20.664585,0.037470385
20.730942,0.030737717
20.701912,0.027818438
20.689034,0.027695965
20.596663,0.028312597
20.588078,0.026308678
20.668657,0.032803226
20.69825,0.023862809
20.580486,0.021916227
20.523685,0.013688762
20.404299,0.005745448
20.187021,0.0060188044
20.151665,-0.0031796508
20.15084,-0.004535623
19.928146,-0.022512827
19.802181,-0.019020606
19.592411,-0.027756076
19.457653,-0.031586487
19.399918,-0.030640692
19.292423,-0.02832456
19.376005,-0.030509189
19.193853,-0.03440034
19.004223,-0.035174076
19.027323,-0.03484207
19.001274,-0.036755268
18.905758,-0.03546684
18.833057,-0.036005076
18.799074,-0.036201123
18.750002,-0.034826186
18.812254,-0.038523655
18.848772,-0.03435346
18.875381,-0.03129661
18.611076,-0.037123013
18.417782,-0.039967205
18.377598,-0.04057434
18.190317,-0.054933716
17.956007,-0.052628707
17.83542,-0.052169856
17.79279,-0.056058217
17.61396,-0.06389481
17.526415,-0.06289688
17.355076,-0.06989226
17.232677,-0.07499261
17.15313,-0.07754563
16.937801,-0.082246125
16.719131,-0.088195056
16.51788,-0.09340328
16.35501,-0.0935083
16.197104,-0.10221207
15.915045,-0.10437082
15.712483,-0.10533783
15.570462,-0.10649113
15.459214,-0.107275054
15.318395,-0.117341295
15.351399,-0.12840009
15.268228,-0.124831274
15.165597,-0.15301944
15.137159,-0.1562319
14.9846115,-0.16737491
14.948961,-0.18680944
14.975073,-0.22198345
14.862917,-0.1916254
14.925395,-0.14347671
14.689024,-0.13539816
14.693036,-0.12473716
14.724927,-0.12182829
14.812235,-0.12925787
14.739353,-0.14726132
14.76637,-0.16958226
14.687344,-0.15519167
14.606192,-0.14842764
14.601518,-0.12530252
14.607841,-0.13360128
14.595064,-0.14094038
14.563556,-0.1516815
14.532643,-0.14969349
14.418347,-0.14835505
14.302711,-0.16505334
14.29683,-0.17148682
14.393037,-0.18493512
14.393172,-0.1936013
14.426475,-0.19573976
14.447338,-0.18967381
14.516688,-0.20080702
14.589003,-0.19400789
14.489146,-0.19683732
14.467626,-0.19663961
14.527824,-0.1925685
14.455019,-0.19501096
14.441783,-0.19088586
14.445188,-0.19118853
14.459917,-0.19109693
14.455496,-0.1893243
14.540443,-0.17282848
14.544452,-0.17330498
14.445511,-0.15979917
14.420009,-0.16725747
14.495769,-0.15704848
14.626519,-0.14584605
14.706828,-0.144905
14.709049,-0.14757891
14.652711,-0.15485847
14.62833,-0.15098752
14.715439,-0.14472939
14.628932,-0.14359118
14.626921,-0.13765374
14.629949,-0.13215068
14.685871,-0.13912456
14.829877,-0.13517337
14.766803,-0.12914762
14.831079,-0.13033463
14.865275,-0.16245632
14.883753,-0.14014119
14.931743,-0.18085499
14.872317,-0.19102192
14.847488,-0.18220931
14.891496,-0.19923429
14.95188,-0.16773365
14.921278,-0.14894672
14.904065,-0.1501086
14.813642,-0.14805697
14.815731,-0.17783827
14.786784,-0.19915293
14.892287,-0.15503837
14.922066,-0.1504861
14.9067135,-0.13127613
14.910632,-0.11900139
14.9349,-0.11915465
14.865152,-0.12880777
14.944772,-0.114567086
15.031484,-0.13853139
15.013215,-0.14060746
15.019872,-0.15993704
15.201153,-0.1681789
15.210267,-0.15389691
15.224493,-0.1888792
15.259265,-0.1843897
15.473308,-0.1431976
15.461847,-0.15072308
15.467886,-0.12070359
15.533467,-0.1284597
15.634088,-0.14664456
15.679692,-0.15587153
15.715302,-0.1530477
15.757976,-0.14162026
15.857752,-0.123772725
15.979167,-0.12970676
16.01016,-0.12979051
15.915894,-0.11168487
15.980188,-0.10926899
15.990826,-0.10735224
16.075823,-0.10864173
16.193169,-0.10763237
16.199345,-0.10599281
16.303503,-0.10635114
16.292896,-0.104982704
16.357527,-0.110623
16.32783,-0.106047824
16.369791,-0.10363197
16.414944,-0.10476373
16.486425,-0.09931286
16.523039,-0.10007107
16.45305,-0.09902276
16.487537,-0.10560121
16.479244,-0.110756636
16.344946,-0.11194193
16.355045,-0.11248678
16.404028,-0.11654326
16.418194,-0.1150721
16.443268,-0.12168153
16.459637,-0.12135799
16.335331,-0.11355239
16.412903,-0.118368044
16.413645,-0.12558526
16.455133,-0.121700615
16.537346,-0.114173576
16.31758,-0.1163315
16.281237,-0.11901669
16.205801,-0.113393575
16.172522,-0.10941221
16.15384,-0.10930695
16.152771,-0.114042625
16.059877,-0.117267504
15.897229,-0.119262874
15.774528,-0.12309821
15.634105,-0.12476201
15.561367,-0.11859441
15.457061,-0.1205702
15.300648,-0.11645444
15.238402,-0.117758796
15.018959,-0.1383469
14.875181,-0.16181646
14.652762,-0.21912864
14.442709,-0.24692903
14.360965,-0.275848
14.250785,-0.28610632
14.28316,-0.2733465
14.292946,-0.20978707
14.282203,-0.26095957
14.23571,-0.2622305
14.160107,-0.29218405
14.091511,-0.27059248
13.99313,-0.32330972
14.084746,-0.31862637
14.142049,-0.34355673
14.180039,-0.34964472
14.153483,-0.35828835
14.107249,-0.34118828
13.996126,-0.30555394
13.9753065,-0.34154323
13.893997,-0.35985002
13.802249,-0.39987913
13.776428,-0.4019442
13.6954,-0.4245251
13.773924,-0.39243808
13.688737,-0.37869278
13.76678,-0.30647627
13.769129,-0.27765578
13.74089,-0.35576597
13.796509,-0.3800592
13.817447,-0.37285367
13.691817,-0.4173207
13.810892,-0.31913283
13.7138815,-0.40313825
13.8485775,-0.33552483
13.841422,-0.34742203
13.901895,-0.36966926
13.911244,-0.39508173
13.73274,-0.44004214
13.858255,-0.3408271
13.956682,-0.36208427
14.0802765,-0.29245833
13.96209,-0.3438643
13.964346,-0.30387452
13.764196,-0.4196199
13.92599,-0.3583716
14.027585,-0.26782477
14.075026,-0.26508513
14.100351,-0.31193474
14.123016,-0.271606
14.146575,-0.3365626
13.975425,-0.34688267
14.310501,-0.31105205
14.0530615,-0.3155227
14.395682,-0.29707563
14.447008,-0.36165324
14.446519,-0.3876545
14.383421,-0.386443
14.387997,-0.3606749
14.446955,-0.32896796
14.5918045,-0.28593388
14.644162,-0.27690136
14.702583,-0.28676778
14.735037,-0.29001
14.784939,-0.27774522
14.969337,-0.2477725
15.115228,-0.19474845
15.107595,-0.19879954
15.161875,-0.1714411
15.270892,-0.1657529
15.385306,-0.12851842
15.706392,-0.09234394
15.794528,-0.096165
15.803256,-0.08856085
15.944389,-0.08738878
15.984673,-0.0856982
16.202703,-0.07660815
16.199732,-0.07289642
16.296968,-0.06475149
16.306465,-0.064689636
16.300913,-0.06089012
16.2733,-0.06184322
16.30482,-0.05695763
