predicted_x,predicted_y,predicted_theta
0.010600586,0.2237887,1.5546594
0.011663432,0.27617383,1.5020276
0.013994921,0.3086832,1.4450773
0.017312847,0.33523688,1.388445
0.022946235,0.36617818,1.3338759
0.033608835,0.41104642,1.2784216
0.055861264,0.48584118,1.2186466
0.09827463,0.6024666,1.1554937
0.16399851,0.75164324,1.0900242
0.24751392,0.9123025,1.0234574
0.34787804,1.0772156,0.9586037
0.45769203,1.2338558,0.89735574
0.57138145,1.3763415,0.83963543
0.7053364,1.526837,0.7844949
0.8732331,1.695211,0.7342497
1.0728036,1.8759322,0.686373
1.3098913,2.070428,0.6376219
1.5783617,2.2704916,0.5923448
1.8651469,2.46395,0.552672
2.17574,2.6560287,0.51479614
2.5214624,2.852853,0.4805754
2.9016378,3.0524037,0.45260876
3.3102374,3.2517114,0.42858127
3.7423673,3.449491,0.40587917
4.191654,3.642336,0.3823622
4.661999,3.8315005,0.35742766
5.1540456,4.015168,0.33120152
5.6676354,4.1918373,0.3039478
6.1994305,4.359,0.27701616
6.746855,4.515266,0.25193572
7.3075504,4.659737,0.22792199
7.882299,4.793259,0.20416446
8.468679,4.9148555,0.18078217
9.066513,5.0240355,0.15700626
9.67536,5.120556,0.13290077
10.296777,5.203984,0.10936842
10.931921,5.273546,0.0852887
11.576,5.3286386,0.06040975
12.229577,5.3686376,0.0363304
12.89725,5.3933754,0.013538367
13.5768795,5.402872,-0.008391843
14.265173,5.396799,-0.03108064
14.948277,5.374846,-0.05598902
15.6212845,5.336459,-0.08317752
16.290224,5.2804785,-0.1117577
16.9713,5.2040224,-0.14167702
17.667818,5.1052856,-0.17184965
18.380281,4.9819317,-0.20197958
19.109377,4.833404,-0.2317438
19.848522,4.6597376,-0.2600197
20.594896,4.461944,-0.2864071
21.344368,4.2421875,-0.3102921
22.087143,4.0048876,-0.3308381
22.815928,3.756132,-0.3458621
23.526756,3.501052,-0.35475513
24.21685,3.2461724,-0.35892993
24.897863,2.9906237,-0.36112723
25.579685,2.732159,-0.3655606
26.26606,2.468278,-0.37408963
26.957989,2.1967075,-0.38446158
27.658144,1.9133222,-0.39523286
28.366322,1.6176972,-0.4068477
29.062109,1.3180405,-0.41827267
29.739798,1.017366,-0.42794168
30.403845,0.715534,-0.43434098
31.058758,0.4122305,-0.4381005
31.707747,0.10853287,-0.44041392
32.3524,-0.19503851,-0.44172543
32.989418,-0.49609235,-0.44228253
33.622917,-0.7960123,-0.44240153
34.259903,-1.0979886,-0.4428814
34.911644,-1.4069629,-0.44330722
35.577656,-1.7232803,-0.44358206
36.253944,-2.0445883,-0.44379166
36.93314,-2.3674793,-0.4438861
37.612488,-2.690528,-0.44394505
38.294792,-3.015097,-0.4441046
38.982307,-3.3422844,-0.4444441
39.673985,-3.671805,-0.44508213
40.3689,-4.0034122,-0.44610423
41.071102,-4.339247,-0.44725126
41.786255,-4.6822057,-0.44817242
42.51225,-5.0313487,-0.44906694
43.249817,-5.386732,-0.44990134
43.9879,-5.743015,-0.45035508
44.73393,-6.103797,-0.45077118
45.490673,-6.470212,-0.45153612
46.25439,-6.840645,-0.452593
47.01803,-7.211954,-0.45370802
47.782097,-7.5846334,-0.4549675
48.5443,-7.957781,-0.45680723
49.309822,-8.334332,-0.45950493
50.073307,-8.712299,-0.4628456
50.83647,-9.093051,-0.46625656
51.589817,-9.472419,-0.46994573
52.329353,-9.848216,-0.4740932
53.06376,-10.22519,-0.4786107
53.804058,-10.609263,-0.48327732
54.550938,-11.000699,-0.4871115
55.300243,-11.397203,-0.48975855
56.046455,-11.794686,-0.49145654
56.78702,-12.190411,-0.49164104
57.5253,-12.585743,-0.4910555
58.262806,-12.980128,-0.49046394
58.99448,-13.370806,-0.4898421
59.723236,-13.759197,-0.48890808
60.456577,-14.149785,-0.48858392
61.197437,-14.544326,-0.4899705
61.93181,-14.936128,-0.49233627
62.65421,-15.323484,-0.49461296
63.36691,-15.707648,-0.49634477
64.077225,-16.092367,-0.49788502
64.77765,-16.472733,-0.49880207
65.473114,-16.851254,-0.49868423
66.170876,-17.23121,-0.49811003
66.86721,-17.610035,-0.49771258
67.56437,-17.988901,-0.49759322
68.26102,-18.367245,-0.49744433
68.96146,-18.747574,-0.49722123
69.66627,-19.12999,-0.49685928
70.36018,-19.50568,-0.4953635
71.05136,-19.878994,-0.4929457
71.74313,-20.25058,-0.49034816
72.43995,-20.622746,-0.48803753
73.137474,-20.992853,-0.4855757
73.83548,-21.360914,-0.48238498
74.53268,-21.72606,-0.47898933
75.23121,-22.088745,-0.47552025
75.907524,-22.437593,-0.4731999
76.58142,-22.783443,-0.47319284
77.237305,-23.11971,-0.47508416
77.87863,-23.450043,-0.47842732
78.50281,-23.773846,-0.48246345
79.13294,-24.103996,-0.4869246
79.76342,-24.437632,-0.49120167
80.37544,-24.764156,-0.49338013
80.98546,-25.091604,-0.4931607
81.598335,-25.420704,-0.49151102
82.22125,-25.75444,-0.48999608
82.85376,-26.092293,-0.48980927
83.495415,-26.434565,-0.49059868
84.14695,-26.78277,-0.49194923
84.791824,-27.12809,-0.49298874
85.453255,-27.484081,-0.4949973
86.133446,-27.851429,-0.49823925
86.80393,-28.215548,-0.50045556
87.46602,-28.578735,-0.5038459
88.13096,-28.945562,-0.5091008
88.79297,-29.31548,-0.51542544
89.44544,-29.685556,-0.5230212
90.08436,-30.0543,-0.531704
90.714645,-30.425255,-0.5411281
91.34321,-30.80288,-0.5506247
91.971855,-31.188606,-0.5595941
92.60344,-31.584177,-0.56833375
93.249466,-31.996864,-0.57778627
93.88827,-32.413235,-0.58736056
94.52296,-32.835693,-0.5963499
95.15364,-33.26446,-0.6065875
95.772385,-33.693157,-0.6162412
96.37913,-34.12321,-0.62515765
96.97326,-34.552467,-0.6349282
97.545334,-34.97313,-0.6429608
98.10918,-35.39645,-0.6511216
98.67336,-35.826153,-0.66023505
99.2299,-36.25804,-0.6685459
99.797165,-36.7059,-0.67639977
100.373604,-37.16853,-0.68445015
100.943436,-37.633587,-0.69247526
101.493324,-38.090023,-0.70056343
101.99316,-38.512302,-0.7087384
102.493675,-38.940994,-0.71612966
103.0259,-39.403915,-0.72460717
103.569435,-39.885033,-0.7339414
104.11816,-40.379864,-0.7435228
104.66208,-40.87966,-0.75252765
105.19699,-41.380577,-0.76090074
105.72225,-41.879925,-0.76767236
106.21856,-42.359848,-0.77387506
106.70785,-42.838436,-0.7809732
107.195206,-43.321636,-0.7892
107.67377,-43.803738,-0.79719365
108.14542,-44.286724,-0.8050388
108.62649,-44.786667,-0.81257564
109.10972,-45.296505,-0.81921554
109.58382,-45.803677,-0.825076
110.04937,-46.30716,-0.8297107
110.48151,-46.779633,-0.8335878
110.91443,-47.255783,-0.83634615
111.35494,-47.742577,-0.8368203
111.799,-48.234634,-0.8358199
112.246254,-48.72883,-0.83363473
112.69094,-49.21862,-0.8307703
113.139435,-49.709908,-0.8280888
113.59987,-50.212246,-0.8268605
114.06461,-50.716682,-0.82558525
114.52439,-51.214756,-0.82337034
114.976746,-51.70275,-0.8208256
115.42458,-52.18355,-0.81833094
115.87616,-52.665802,-0.8157233
116.33274,-53.151096,-0.8132007
116.79073,-53.635124,-0.8105452
117.25083,-54.118793,-0.80741364
117.7159,-54.60457,-0.80365956
118.18292,-55.089085,-0.7998251
118.65218,-55.572746,-0.79725397
119.12258,-56.05472,-0.7959215
119.59559,-56.537777,-0.79488546
120.06759,-57.018562,-0.79339623
120.53976,-57.4982,-0.7913977
121.00418,-57.967903,-0.78875613
121.45973,-58.426598,-0.78603816
121.90492,-58.87246,-0.7837577
122.34259,-59.308624,-0.7816028
122.76949,-59.732357,-0.77961946
123.18242,-60.140938,-0.7786871
123.581245,-60.534176,-0.7779267
123.977936,-60.925167,-0.7773207
124.38135,-61.322292,-0.7772587
124.79546,-61.729763,-0.7774201
125.21984,-62.147263,-0.77720916
125.64754,-62.567898,-0.7765189
126.07309,-62.985798,-0.7753965
126.49221,-63.397118,-0.77513033
126.90441,-63.80084,-0.7753777
127.31354,-64.20186,-0.7755893
127.727295,-64.60764,-0.7759565
128.14568,-65.0184,-0.7767619
128.56573,-65.43094,-0.77712774
128.98618,-65.84396,-0.77603704
129.40508,-66.254616,-0.773371
129.82147,-66.66055,-0.76908
130.22772,-67.053665,-0.7641131
130.63202,-67.44046,-0.7578628
131.02246,-67.80887,-0.74880636
131.39528,-68.15514,-0.7384793
131.76456,-68.491455,-0.7284846
132.11743,-68.80628,-0.71929836
132.46202,-69.108025,-0.71039
132.80177,-69.39998,-0.7008071
133.13307,-69.67864,-0.68868154
133.48412,-69.967575,-0.67442757
133.86911,-70.275734,-0.6603209
134.27725,-70.593445,-0.64829504
134.69695,-70.91208,-0.6391416
135.12129,-71.228065,-0.63266116
135.55159,-71.54407,-0.62841463
135.98814,-71.86169,-0.6259573
136.43428,-72.18455,-0.6250232
136.89223,-72.515205,-0.6254254
137.35735,-72.850975,-0.6261745
137.8209,-73.18617,-0.62659377
138.28171,-73.51985,-0.62703705
138.74147,-73.85283,-0.6271983
139.19754,-74.18289,-0.62582636
139.65292,-74.5116,-0.62259257
140.11592,-74.843796,-0.6183868
140.58392,-75.1768,-0.61408424
141.05441,-75.508316,-0.609403
141.52637,-75.83762,-0.60413337
142.00005,-76.16468,-0.598904
142.47737,-76.49067,-0.5943073
142.9596,-76.81675,-0.5904899
143.44841,-77.144745,-0.58783174
143.9434,-77.475174,-0.58708453
144.44601,-77.81018,-0.58861744
144.95529,-78.15033,-0.5915616
145.46838,-78.495094,-0.5949929
145.98456,-78.84448,-0.5986545
146.50237,-79.19764,-0.6022368
147.01933,-79.55314,-0.6059886
147.5363,-79.91147,-0.6101212
148.05234,-80.27215,-0.6142031
148.56195,-80.63148,-0.6180312
149.06804,-80.99129,-0.6218106
149.57094,-81.35171,-0.6256403
150.07059,-81.71255,-0.62918305
150.57437,-82.08014,-0.6345273
151.07602,-82.44904,-0.64040625
151.57362,-82.81927,-0.6444845
152.06746,-83.190445,-0.6477519
152.55295,-83.55773,-0.65082645
153.04462,-83.93226,-0.65410626
153.54521,-84.31635,-0.65836287
154.04323,-84.70154,-0.6630114
154.51196,-85.067535,-0.6671429
154.97313,-85.43059,-0.6705998
155.43549,-85.79732,-0.6738143
155.90065,-86.168564,-0.6766518
156.3825,-86.55537,-0.67896813
156.86607,-86.94546,-0.6807543
157.35449,-87.34106,-0.6824677
157.8515,-87.74495,-0.6840493
158.3517,-88.15258,-0.68510056
158.85405,-88.56301,-0.68577087
159.35439,-88.9725,-0.6865377
159.85628,-89.38379,-0.68735397
160.35802,-89.795616,-0.687995
160.86292,-90.21066,-0.6886002
161.36964,-90.62793,-0.6896275
161.87592,-91.04566,-0.6912887
162.37796,-91.46109,-0.69317746
162.87791,-91.87639,-0.6950816
163.38037,-92.295364,-0.69690865
163.89037,-92.72213,-0.69842446
164.40283,-93.15241,-0.6997724
164.91168,-93.58077,-0.7010523
165.41295,-94.00334,-0.70131665
165.90942,-94.422714,-0.70116335
166.40988,-94.84562,-0.70180184
166.9129,-95.271,-0.70309716
167.4182,-95.69939,-0.7047293
167.92563,-96.13106,-0.7067069
168.43077,-96.56244,-0.70896477
168.93282,-96.99304,-0.7113122
169.4371,-97.427666,-0.7136783
169.94101,-97.86399,-0.71600956
170.44196,-98.29982,-0.718318
170.94171,-98.73662,-0.72055006
171.44412,-99.17783,-0.7228824
171.9438,-99.61856,-0.7251422
172.43073,-100.05,-0.7271684
172.90915,-100.47574,-0.72919804
173.39143,-100.906586,-0.7311618
173.8733,-101.33865,-0.7327145
174.35197,-101.76944,-0.7342076
174.82607,-102.19732,-0.7357956
175.30255,-102.6287,-0.73734826
175.78664,-103.06848,-0.73895895
176.27472,-103.513115,-0.7403947
176.76216,-103.95845,-0.74156654
177.24622,-104.40173,-0.7425154
177.7279,-104.84391,-0.74365824
178.20683,-105.2845,-0.74509144
178.6775,-105.71847,-0.7462919
179.1457,-106.15131,-0.7472348
179.61642,-106.58747,-0.7481251
180.0905,-107.02743,-0.74892294
180.56903,-107.47235,-0.74969995
181.05325,-107.923416,-0.7508849
181.54048,-108.378296,-0.7524828
182.03261,-108.8393,-0.75460947
182.52548,-109.30283,-0.7570984
183.01472,-109.76511,-0.75966734
183.49586,-110.22199,-0.7620843
183.96698,-110.671585,-0.76439923
184.43785,-111.122894,-0.766379
184.91194,-111.57925,-0.7680222
185.39197,-112.042915,-0.7696224
185.8776,-112.51354,-0.77130944
186.36687,-112.98914,-0.7728839
186.85802,-113.46832,-0.77462643
187.35065,-113.95061,-0.7767712
187.84541,-114.43709,-0.7793373
188.34145,-114.92731,-0.78233117
188.83817,-115.42117,-0.7857856
189.33502,-115.918465,-0.7894818
189.826,-116.41306,-0.7925225
190.30618,-116.89988,-0.7946788
190.78,-117.38247,-0.7963748
191.24728,-117.860016,-0.7977424
191.71205,-118.33656,-0.79925746
192.16852,-118.80585,-0.80092365
192.62311,-119.27477,-0.80257183
193.07614,-119.74341,-0.8038186
193.52766,-120.21165,-0.8044151
193.98158,-120.683235,-0.804873
194.43475,-121.15447,-0.8055077
194.88445,-121.62267,-0.80631083
195.33086,-122.088425,-0.8076545
195.76875,-122.54658,-0.8098335
196.19872,-122.99796,-0.8120739
196.62607,-123.44897,-0.8145221
197.06133,-123.91058,-0.81775224
197.50632,-124.38532,-0.8214019
197.95859,-124.87159,-0.8255091
198.41684,-125.36816,-0.829955
198.87378,-125.86754,-0.83404845
199.32741,-126.36748,-0.83769727
199.78508,-126.87537,-0.84067166
200.24374,-127.38766,-0.8430848
200.70592,-127.90669,-0.84573585
201.17136,-128.432,-0.8485204
201.63548,-128.95892,-0.85153395
202.08916,-129.47705,-0.8549368
202.53577,-129.9911,-0.859486
202.98007,-130.50691,-0.86499786
203.41998,-131.02219,-0.86934984
203.8544,-131.53568,-0.87168986
204.28864,-132.05139,-0.87218034
204.72792,-132.57443,-0.87196034
205.17453,-133.1058,-0.8714883
205.6287,-133.646,-0.87109005
206.08607,-134.1896,-0.8711879
206.5448,-134.73479,-0.8716929
207.00316,-135.27994,-0.87227696
207.46211,-135.82657,-0.87298185
207.91736,-136.36958,-0.87399274
208.36569,-136.90544,-0.8753531
208.81226,-137.44052,-0.8768609
209.25731,-137.97543,-0.87834454
209.70111,-138.51045,-0.8798036
210.14105,-139.04268,-0.8816369
210.5798,-139.57532,-0.88390434
211.01645,-140.10777,-0.8863544
211.4472,-140.63574,-0.88900787
211.87164,-141.15884,-0.89197385
212.29625,-141.68526,-0.89518416
212.73329,-142.23048,-0.89837635
213.17938,-142.79068,-0.90131015
213.63106,-143.3612,-0.90389204
214.08563,-143.9389,-0.90664756
214.54723,-144.52896,-0.9101388
215.01094,-145.12492,-0.91295844
215.4733,-145.72209,-0.9135332
215.93423,-146.31895,-0.9125126
216.40448,-146.9268,-0.91082096
216.88281,-147.54323,-0.90894014
217.35675,-148.15213,-0.9078692
217.82777,-148.75545,-0.9073454
218.27907,-149.33289,-0.90698546
218.71895,-149.89554,-0.9071013
219.15889,-150.45764,-0.9068672
219.60399,-151.02661,-0.9063232
220.04196,-151.58563,-0.9057092
220.47441,-152.1376,-0.9059973
220.90776,-152.691,-0.9076363
221.35608,-153.26465,-0.9093444
221.81917,-153.85936,-0.91050607
222.28906,-154.46432,-0.9114081
222.75984,-155.07262,-0.9134893
223.2269,-155.67776,-0.9163275
223.6979,-156.29073,-0.9180368
224.17867,-156.9192,-0.9188914
224.67238,-157.56651,-0.9204325
225.17555,-158.2279,-0.92266035
225.6779,-158.891,-0.9246668
226.18108,-159.55849,-0.9267823
226.67982,-160.2223,-0.92854625
227.17357,-160.88283,-0.930394
227.6619,-161.53871,-0.93320966
228.13983,-162.1842,-0.9367027
228.61665,-162.83298,-0.9408935
229.09334,-163.48694,-0.9455699
229.57156,-164.1497,-0.9506957
230.04866,-164.81815,-0.9564832
230.5089,-165.47144,-0.9631749
230.96075,-166.12138,-0.97036546
231.41536,-166.7854,-0.9780841
231.87923,-167.47385,-0.98626095
232.34578,-168.17868,-0.99454486
232.80771,-168.88953,-1.0028448
233.26239,-169.60214,-1.0111436
233.71164,-170.32022,-1.0204618
234.15166,-171.0389,-1.0320346
234.58301,-171.76123,-1.0453044
235.00635,-172.49104,-1.0589548
235.4219,-173.22966,-1.0715336
235.83046,-173.97818,-1.0830638
236.23418,-174.7393,-1.0946639
236.62877,-175.50299,-1.1052644
237.01848,-176.27711,-1.1135585
237.40062,-177.0543,-1.121565
237.77843,-177.83818,-1.130045
238.15224,-178.62994,-1.1384552
238.51604,-179.41756,-1.1457407
238.87283,-180.20436,-1.150958
239.22517,-180.99202,-1.1540093
239.57516,-181.78203,-1.1557523
239.92609,-182.57755,-1.1566967
240.2754,-183.37332,-1.1581353
240.62431,-184.17062,-1.1603074
240.97057,-184.96646,-1.1628572
241.31087,-185.75519,-1.1662654
241.64108,-186.5274,-1.1704832
241.96666,-187.29703,-1.1748657
242.29004,-188.06992,-1.1788523
242.61469,-188.8553,-1.182654
242.94084,-189.65245,-1.1863729
243.26999,-190.4658,-1.1900303
243.60045,-191.28973,-1.1928104
243.92953,-192.11798,-1.1946867
244.25241,-192.93562,-1.1962146
244.5704,-193.74478,-1.1976278
244.88696,-194.55449,-1.1997825
245.20656,-195.37695,-1.203265
245.52046,-196.19318,-1.207902
245.82927,-197.00787,-1.2136799
246.1299,-197.81493,-1.220739
246.41695,-198.60205,-1.2283334
246.69568,-199.384,-1.2358587
246.97404,-200.18227,-1.2426925
247.25055,-200.99321,-1.2485662
247.5236,-201.81027,-1.253612
247.78503,-202.60728,-1.2582955
248.03917,-203.39357,-1.262435
248.29056,-204.1811,-1.2653582
248.54181,-204.9763,-1.266764
248.79466,-205.78186,-1.2675434
249.04407,-206.58273,-1.2704737
249.29114,-207.3834,-1.2764324
249.52649,-208.16188,-1.2844603
249.75478,-208.93823,-1.2935966
249.97995,-209.72977,-1.3034713
250.19885,-210.5293,-1.3137832
250.40822,-211.32521,-1.3237362
250.60728,-212.11266,-1.3322119
250.80098,-212.90817,-1.33969
250.9838,-213.68115,-1.344772
251.15997,-214.44556,-1.3474083
251.33461,-215.21358,-1.3492297
251.50563,-215.97282,-1.3508385
251.6763,-216.73636,-1.3525465
251.84734,-217.50806,-1.3545027
252.01709,-218.28043,-1.3564776
252.18245,-219.03897,-1.3579121
252.34433,-219.78839,-1.3593131
252.50414,-220.53194,-1.3605262
252.65894,-221.25832,-1.3620669
252.81024,-221.97348,-1.3644112
252.95709,-222.67471,-1.3670205
253.09987,-223.36584,-1.3698401
253.2389,-224.04852,-1.3728764
253.37553,-224.7294,-1.3758624
253.5081,-225.40128,-1.378986
253.63666,-226.06395,-1.3826675
253.75952,-226.70918,-1.3865651
253.87677,-227.3378,-1.3902636
253.98927,-227.95392,-1.3937017
254.09845,-228.5639,-1.39705
254.204,-229.16588,-1.4006729
254.30614,-229.76114,-1.4048024
254.40314,-230.3407,-1.4093225
254.49669,-230.91666,-1.4147581
254.5882,-231.49832,-1.4207209
254.67656,-232.08144,-1.4261509
254.76065,-232.65764,-1.430689
254.84326,-233.24313,-1.4348757
254.92569,-233.84589,-1.4391569
255.00781,-234.46626,-1.4435997
255.08885,-235.09984,-1.4480915
255.16795,-235.741,-1.4525394
255.2448,-236.38814,-1.4571286
255.3189,-237.03844,-1.4621974
255.39029,-237.69032,-1.4666959
255.4566,-238.32875,-1.471541
255.52081,-238.9795,-1.4786265
255.58298,-239.6478,-1.4858341
255.64107,-240.32535,-1.4915375
255.69539,-241.0057,-1.4959269
255.74709,-241.69426,-1.4998195
255.79677,-242.38382,-1.5021445
255.84377,-243.0604,-1.5020046
255.8896,-243.723,-1.5003554
255.93512,-244.37349,-1.4992577
255.97829,-245.00154,-1.5034848
256.01797,-245.60675,-1.5137715
256.0514,-246.20042,-1.5272146
256.0775,-246.7972,-1.5412942
256.0956,-247.4034,-1.5548512
256.10498,-248.00815,-1.5687919
256.1064,-248.62804,-1.5831306
256.0991,-249.26163,-1.5963049
256.08347,-249.89432,-1.6072339
256.06027,-250.52843,-1.6174291
256.02997,-251.16849,-1.62896
255.99203,-251.81992,-1.6415317
255.94527,-252.47787,-1.6548158
255.88983,-253.12608,-1.6702987
255.82637,-253.76807,-1.6853573
255.75221,-254.41316,-1.6992116
255.66751,-255.06837,-1.713561
255.57373,-255.72356,-1.7272006
255.47171,-256.37103,-1.7397302
255.36261,-257.01678,-1.7494681
255.24963,-257.6472,-1.7550203
255.13745,-258.25403,-1.7565416
255.02301,-258.86282,-1.7566824
254.90689,-259.47864,-1.7577677
254.78838,-260.10324,-1.7603374
254.6667,-260.73676,-1.7638967
254.54233,-261.37244,-1.7678522
254.41597,-262.00665,-1.7712648
254.28517,-262.65106,-1.7739396
254.15367,-263.28976,-1.7761289
254.02066,-263.92786,-1.7786058
253.8882,-264.55792,-1.7803171
253.75235,-265.1973,-1.7812287
253.61327,-265.84708,-1.7826326
253.46901,-266.51688,-1.7849414
253.32607,-267.17322,-1.7879094
253.18471,-267.81155,-1.7926309
253.04294,-268.4416,-1.7974447
252.8981,-269.07062,-1.8011909
252.75278,-269.68976,-1.804747
252.60815,-270.29517,-1.8093114
252.46649,-270.8763,-1.8153309
252.3224,-271.45456,-1.8215792
252.1723,-272.0413,-1.8269539
252.02109,-272.61865,-1.8318883
251.87358,-273.16888,-1.8379718
251.72957,-273.6922,-1.846977
251.58455,-274.20297,-1.8581429
251.43721,-274.7011,-1.8700516
251.29114,-275.1735,-1.8827707
251.14696,-275.61887,-1.8973523
251.00067,-276.04996,-1.9136683
250.84857,-276.4757,-1.9309366
250.68954,-276.8968,-1.9500632
250.52747,-277.30316,-1.9701974
250.36473,-277.68918,-1.9889878
250.20041,-278.05948,-2.0055845
250.0304,-278.4267,-2.0194638
249.86009,-278.78128,-2.0300148
249.70915,-279.08548,-2.0394402
249.5809,-279.33682,-2.0527432
249.46716,-279.5537,-2.0698855
249.36502,-279.7406,-2.0893166
249.27165,-279.90356,-2.1125073
249.18773,-280.04285,-2.1378
249.11386,-280.1591,-2.1631196
249.04276,-280.26468,-2.1880298
248.97723,-280.35678,-2.2147982
248.91702,-280.4368,-2.2448854
248.86449,-280.5024,-2.2766175
248.82645,-280.547,-2.3098037
248.8006,-280.5753,-2.342663
248.79054,-280.58557,-2.3739576
248.79369,-280.5825,-2.4006307
248.80646,-280.57077,-2.424909
248.82016,-280.55887,-2.4478133
248.82582,-280.55417,-2.4682453
248.83238,-280.54892,-2.4890559
248.84209,-280.54147,-2.50957
248.85025,-280.53552,-2.5291429
248.8544,-280.53262,-2.547708
248.85507,-280.53217,-2.5665047
248.85207,-280.53412,-2.5862107
248.84094,-280.54108,-2.6063244
248.80652,-280.56155,-2.6249616
248.7453,-280.5963,-2.641536
248.67508,-280.63464,-2.657844
248.60211,-280.673,-2.6736526
248.52333,-280.71283,-2.687587
248.4384,-280.7543,-2.7011478
248.33441,-280.8033,-2.7130728
248.22311,-280.85416,-2.7241926
248.10683,-280.9058,-2.7342026
247.97845,-280.96124,-2.7419267
247.83664,-281.02115,-2.7480483
247.67836,-281.08694,-2.7525141
247.5038,-281.15866,-2.7541187
247.31563,-281.23572,-2.7518363
247.1213,-281.31592,-2.7446957
246.91779,-281.40143,-2.7335734
246.68877,-281.50052,-2.7190063
246.42606,-281.6186,-2.7019236
246.13455,-281.75534,-2.6847508
245.8249,-281.90723,-2.6689274
245.50925,-282.06842,-2.6544724
245.2021,-282.2312,-2.6405787
244.89389,-282.39975,-2.6273944
244.56866,-282.5834,-2.6142106
244.22884,-282.78113,-2.6011388
243.866,-282.99838,-2.5891304
243.48558,-283.23273,-2.5778477
243.09323,-283.48096,-2.5657861
242.69139,-283.74185,-2.5528286
242.26016,-284.0283,-2.5430262
241.81044,-284.33438,-2.5366566
241.36623,-284.64215,-2.5296507
240.90982,-284.96103,-2.5249603
240.44066,-285.2933,-2.5227745
239.95857,-285.6363,-2.521491
239.46317,-285.98984,-2.520789
238.9597,-286.34982,-2.5202749
238.44742,-286.71652,-2.5198529
237.92914,-287.08777,-2.5196953
237.40584,-287.46274,-2.519874
236.87773,-287.84116,-2.5201025
236.34695,-288.2214,-2.5200338
235.80751,-288.60764,-2.5200596
235.25987,-288.99982,-2.5201492
234.70703,-289.3955,-2.5205545
234.1396,-289.80115,-2.521708
233.55867,-290.2155,-2.5234013
232.97327,-290.6317,-2.5254607
232.37872,-291.05243,-2.5280707
231.78261,-291.47202,-2.5311856
231.19037,-291.8862,-2.5348327
230.59789,-292.29733,-2.5389209
229.99771,-292.71,-2.5436497
229.3873,-293.12564,-2.5487816
228.76082,-293.54752,-2.5541666
228.1131,-293.97855,-2.559897
227.45241,-294.413,-2.565656
226.78601,-294.84576,-2.571328
226.11307,-295.27722,-2.5771773
225.42958,-295.70947,-2.5839932
224.73729,-296.14127,-2.5912125
224.05916,-296.55762,-2.5977936
223.37779,-296.96936,-2.604527
222.71396,-297.3642,-2.6120782
222.03958,-297.7588,-2.6203616
221.36215,-298.14728,-2.6297193
220.66655,-298.53784,-2.6403327
219.96654,-298.9206,-2.6528368
219.25687,-299.29767,-2.6670384
218.51233,-299.67987,-2.6828508
217.74112,-300.0599,-2.701312
216.93379,-300.4409,-2.720686
216.09724,-300.8162,-2.738869
215.24258,-301.1815,-2.7545311
214.37497,-301.53568,-2.7680955
213.49438,-301.88123,-2.7805521
212.60284,-302.21796,-2.7925656
211.70793,-302.54352,-2.8047051
210.8122,-302.85736,-2.8167174
209.90561,-303.16293,-2.8283536
208.99614,-303.45758,-2.8397386
208.08113,-303.74243,-2.8511937
207.16312,-304.01636,-2.8635013
206.24954,-304.2771,-2.8761704
205.34552,-304.52267,-2.888717
204.43782,-304.75693,-2.9018462
203.52177,-304.98053,-2.9161627
202.60722,-305.18936,-2.9325502
201.70578,-305.3793,-2.9518867
200.81883,-305.5486,-2.9738886
199.95152,-305.69476,-2.9975035
199.10382,-305.8171,-3.0222616
198.25377,-305.91794,-3.049889
197.38832,-305.99774,-3.079245
196.49199,-306.0549,-3.1072881
195.57155,-306.0875,-3.1333396
194.6257,-306.09668,-3.1570606
193.66576,-306.0831,-3.177945
192.7013,-306.04865,-3.196511
191.72592,-305.9959,-3.2132804
190.74059,-305.92474,-3.2305467
189.73996,-305.836,-3.2485464
188.73965,-305.72885,-3.2662456
187.73898,-305.6033,-3.2839468
186.7599,-305.4624,-3.3020728
185.78223,-305.30444,-3.319311
184.79414,-305.12827,-3.3348482
183.79924,-304.93436,-3.3484771
182.77162,-304.71945,-3.3618925
181.73367,-304.48807,-3.375147
180.69345,-304.24118,-3.3866994
179.62811,-303.9753,-3.3983364
178.56555,-303.69513,-3.4128923
177.52266,-303.4046,-3.428281
176.49931,-303.10202,-3.4437428
175.467,-302.78067,-3.459545
174.42558,-302.4386,-3.4759226
173.38347,-302.07654,-3.4929378
172.36017,-301.70123,-3.5097222
171.33807,-301.30768,-3.5248756
170.31065,-300.89395,-3.539864
169.28836,-300.46417,-3.554482
168.25443,-300.01245,-3.567981
167.22667,-299.5456,-3.5812953
166.21558,-299.06976,-3.5942488
165.24377,-298.5956,-3.607426
164.26865,-298.1053,-3.6207845
163.2712,-297.5878,-3.6353545
162.26971,-297.0497,-3.6500113
161.27138,-296.49402,-3.6635716
160.28944,-295.92935,-3.676057
159.32437,-295.35812,-3.687025
158.35617,-294.77042,-3.698073
157.38826,-294.1679,-3.7109518
156.42421,-293.55026,-3.7255754
155.46687,-292.91684,-3.7420545
154.51736,-292.2667,-3.7594793
153.585,-291.60306,-3.7777698
152.65305,-290.9161,-3.7956386
151.71242,-290.19745,-3.8121414
150.76842,-289.44998,-3.8280702
149.84062,-288.6894,-3.8439913
148.92664,-287.9153,-3.8600588
148.01282,-287.11798,-3.8754716
147.105,-286.29956,-3.890746
146.19087,-285.4512,-3.9056334
145.30357,-284.6009,-3.919957
144.4439,-283.75275,-3.9313915
143.58102,-282.8832,-3.9418082
142.71329,-281.99045,-3.9535494
141.83817,-281.06943,-3.9660125
140.96936,-280.13007,-3.9799857
140.12996,-279.19348,-3.9959927
139.30765,-278.24896,-4.0116878
138.48679,-277.27673,-4.027949
137.67696,-276.2854,-4.045221
136.8941,-275.29163,-4.061123
136.14981,-274.31247,-4.0748706
135.43083,-273.34058,-4.0865088
134.72028,-272.35736,-4.098198
134.02255,-271.36707,-4.1112623
133.3484,-270.3821,-4.125193
132.69142,-269.39423,-4.1391225
132.02234,-268.36044,-4.1536155
131.3616,-267.30508,-4.169527
130.71875,-266.24,-4.18487
130.09279,-265.16574,-4.199597
129.47185,-264.0651,-4.2137947
128.85933,-262.94202,-4.2282743
128.25978,-261.8033,-4.2425632
127.67384,-260.64975,-4.2570486
127.10835,-259.4939,-4.271988
126.56695,-258.34164,-4.287826
126.04984,-257.1952,-4.304204
125.55644,-256.0528,-4.3202205
125.070595,-254.88223,-4.334967
124.5997,-253.69421,-4.3510857
124.15623,-252.518,-4.367998
123.74201,-251.35767,-4.3848963
123.344734,-250.1891,-4.4011035
122.96177,-249.00189,-4.416873
122.59606,-247.80319,-4.43237
122.252625,-246.60802,-4.4472075
121.93342,-245.42924,-4.461219
121.63548,-244.26506,-4.4738994
121.35353,-243.10414,-4.485877
121.083565,-241.93332,-4.4978166
120.830536,-240.77019,-4.510135
120.594406,-239.61565,-4.522438
120.37369,-238.46632,-4.5346193
120.16731,-237.31586,-4.547019
119.97852,-236.18056,-4.559823
119.810425,-235.07912,-4.572569
119.66169,-234.01701,-4.583978
119.529816,-232.98776,-4.5944858
119.40996,-231.97327,-4.60461
119.30322,-230.98195,-4.6147
119.208694,-230.0114,-4.6248536
119.12581,-229.0627,-4.634884
119.056564,-228.16452,-4.6439643
118.99859,-227.31407,-4.6512327
118.94968,-226.51466,-4.6565948
118.90756,-225.75958,-4.6605043
118.87044,-225.04176,-4.6640525
118.837326,-224.35933,-4.6672873
118.80775,-223.70563,-4.6701236
118.780624,-223.06584,-4.6726923
118.75576,-222.43799,-4.6753364
118.73413,-221.83395,-4.6800995
118.71585,-221.25063,-4.6876945
118.7024,-220.68074,-4.6979613
118.69425,-220.13026,-4.7084904
118.6925,-219.60254,-4.718976
118.696266,-219.08786,-4.7308545
118.705376,-218.5811,-4.742476
118.72043,-218.0849,-4.7535663
118.741394,-217.59084,-4.7668333
118.76906,-217.09123,-4.7832956
118.804794,-216.58832,-4.8011384
118.84686,-216.11235,-4.8167787
118.892555,-215.68433,-4.8313975
118.94026,-215.29106,-4.8487024
118.993774,-214.9112,-4.8733745
119.058914,-214.51225,-4.905677
119.14323,-214.08105,-4.941202
119.24988,-213.62196,-4.9776754
119.37814,-213.14906,-5.0138755
119.52253,-212.68214,-5.046541
119.6795,-212.23164,-5.078153
119.84709,-211.79498,-5.111808
120.03131,-211.35654,-5.144007
120.23256,-210.91461,-5.16705
120.44377,-210.48093,-5.181771
120.65674,-210.06061,-5.1933713
120.8728,-209.647,-5.2048697
121.098724,-209.22838,-5.2212377
121.341866,-208.79213,-5.240636
121.616005,-208.31961,-5.2570243
121.93277,-207.79543,-5.271089
122.28273,-207.23415,-5.283714
122.63679,-206.68384,-5.295714
122.988,-206.15178,-5.307584
123.34169,-205.62814,-5.3174543
123.69973,-205.10963,-5.324756
124.05857,-204.59836,-5.3304305
124.422035,-204.08652,-5.334715
124.79013,-203.57318,-5.3380647
125.161316,-203.05914,-5.340695
125.53075,-202.551,-5.343531
125.900475,-202.04555,-5.347349
126.27687,-201.5354,-5.3528147
126.66279,-201.01746,-5.3590574
127.057045,-200.49577,-5.366195
127.44567,-199.98967,-5.3753996
127.82707,-199.50171,-5.385941
128.2046,-199.02966,-5.398236
128.60109,-198.54538,-5.4124427
129.02808,-198.03876,-5.4285665
129.48906,-197.50949,-5.4471908
129.9821,-196.96323,-5.4671426
130.4893,-196.42372,-5.4868083
131.00226,-195.89964,-5.5062027
131.52072,-195.38907,-5.5242696
132.0504,-194.88583,-5.5399218
132.59326,-194.38684,-5.554746
133.1431,-193.89629,-5.569472
133.6986,-193.4153,-5.584157
134.2631,-192.94049,-5.5985065
134.83972,-192.46901,-5.6115355
135.42802,-192.00032,-5.6221943
136.03354,-191.52937,-5.631941
136.66106,-191.05142,-5.642777
137.30933,-190.56836,-5.654551
137.9667,-190.09071,-5.6670327
138.63112,-189.61935,-5.6783876
139.30714,-189.15123,-5.687442
139.98735,-188.68925,-5.694116
140.67628,-188.22806,-5.6984506
141.3747,-187.76546,-5.7015715
142.07286,-187.30695,-5.70525
142.7789,-186.84654,-5.709717
143.49155,-186.38574,-5.713712
144.20236,-185.93015,-5.71622
144.89192,-185.49117,-5.71747
145.5651,-185.06401,-5.718061
146.24628,-184.6319,-5.7184815
146.9232,-184.20366,-5.7201543
147.6163,-183.76646,-5.723031
148.31523,-183.3283,-5.727146
148.99677,-182.9048,-5.7311573
149.67487,-182.48718,-5.7349296
150.36972,-182.0626,-5.7385654
151.06146,-181.64345,-5.7417955
151.73006,-181.24153,-5.744688
152.38315,-180.85164,-5.7477517
153.04941,-180.45644,-5.751223
153.73337,-180.0532,-5.7539287
154.42453,-179.64888,-5.755972
155.09117,-179.26096,-5.7579594
155.70755,-178.90369,-5.7588
156.30342,-178.5589,-5.758268
156.9108,-178.2072,-5.7576113
157.51118,-177.85852,-5.756197
158.10614,-177.51237,-5.7540298
158.68053,-177.17676,-5.75236
159.2516,-176.84138,-5.75042
159.80669,-176.51347,-5.7469645
160.32635,-176.2043,-5.741287
160.81372,-175.91075,-5.7342057
161.26436,-175.63412,-5.724326
161.6794,-175.37416,-5.7115445
162.0552,-175.13219,-5.697255
162.38838,-174.91086,-5.681714
162.67963,-174.7109,-5.6650867
162.92603,-174.53589,-5.648588
163.1321,-174.38426,-5.631877
163.31363,-174.24591,-5.614774
163.47476,-174.11887,-5.5985193
163.6146,-174.00488,-5.583695
163.73962,-173.89973,-5.569659
163.84908,-173.8049,-5.5552216
163.93611,-173.72734,-5.5397844
164.00298,-173.66594,-5.524501
164.0536,-173.61795,-5.509531
164.08963,-173.58276,-5.4944324
164.11526,-173.55698,-5.4799757
164.13725,-173.53418,-5.4665737
164.15515,-173.51514,-5.4534764
164.16762,-173.5015,-5.4403787
164.1691,-173.49983,-5.427183
164.16006,-173.51021,-5.415149
164.1402,-173.53363,-5.4035306
164.11664,-173.56212,-5.3917665
164.08995,-173.59514,-5.379454
164.06157,-173.63116,-5.3670597
164.02812,-173.67473,-5.353808
163.99388,-173.72058,-5.3401613
163.96117,-173.76567,-5.326577
163.93506,-173.8027,-5.3142715
163.91202,-173.83621,-5.3027663
163.88667,-173.87401,-5.2910004
163.86015,-173.91458,-5.2795253
163.82939,-173.96283,-5.2680235
163.79459,-174.01886,-5.2562203
163.75676,-174.08134,-5.2450275
163.7112,-174.15858,-5.233734
163.66382,-174.24109,-5.222425
163.61726,-174.32426,-5.211333
163.56589,-174.41841,-5.2003083
163.50655,-174.53009,-5.189121
163.44124,-174.65648,-5.1774497
163.37549,-174.78741,-5.166178
163.31175,-174.91794,-5.1562815
163.25049,-175.04678,-5.1473355
163.19383,-175.16887,-5.138307
163.14226,-175.2826,-5.1293783
163.09024,-175.40015,-5.119063
163.04597,-175.50311,-5.1088576
163.01387,-175.57993,-5.1003428
162.98643,-175.6471,-5.0921793
162.96121,-175.71033,-5.0839562
162.93935,-175.76653,-5.0757422
162.92105,-175.8147,-5.067506
162.90645,-175.85414,-5.0591173
162.89835,-175.87674,-5.049989
162.89865,-175.87599,-5.0407124
162.90833,-175.84764,-5.031977
162.92714,-175.79083,-5.0237207
162.9549,-175.70471,-5.018081
162.98862,-175.59782,-5.014825
163.02585,-175.47803,-5.0097246
163.06927,-175.33565,-5.0014853
163.11783,-175.17184,-4.9902854
163.17194,-174.98161,-4.977126
163.23035,-174.76599,-4.9640417
163.29156,-174.52766,-4.9508276
163.35992,-174.24654,-4.9393163
163.43657,-173.91463,-4.929874
163.51982,-173.53746,-4.922102
163.60818,-173.1215,-4.91432
163.70126,-172.6687,-4.9091263
163.79738,-172.18806,-4.907276
163.8955,-171.69426,-4.9092374
163.99557,-171.19257,-4.913218
164.09932,-170.68304,-4.9176793
164.20422,-170.17932,-4.9222407
164.30843,-169.6899,-4.92609
164.417,-169.18886,-4.92931
164.53601,-168.64755,-4.932687
164.66331,-168.0785,-4.9364386
164.8051,-167.45464,-4.9402227
164.96039,-166.78406,-4.944651
165.12514,-166.08688,-4.949315
165.29765,-165.37166,-4.953994
165.47495,-164.65144,-4.958337
165.65587,-163.92937,-4.961718
165.82498,-163.26573,-4.963954
165.97473,-162.68393,-4.9646096
166.12202,-162.11272,-4.9647303
166.2832,-161.48863,-4.966497
166.45853,-160.81403,-4.969766
166.64526,-160.10378,-4.9731393
166.84004,-159.37308,-4.976104
167.04132,-158.62823,-4.9793835
167.24391,-157.8889,-4.983711
167.45055,-157.14465,-4.9876623
167.65817,-156.41144,-4.992123
167.86708,-155.68419,-4.9970646
168.08704,-154.93231,-5.002199
168.31348,-154.17165,-5.006852
168.54807,-153.39862,-5.011525
168.78731,-152.62354,-5.0170197
169.0281,-151.85692,-5.022205
169.27182,-151.09538,-5.0267825
169.5191,-150.33478,-5.031131
169.76872,-149.57814,-5.035255
170.02069,-148.82503,-5.0392056
170.2715,-148.08624,-5.043709
170.51773,-147.37106,-5.048712
170.76653,-146.66055,-5.054528
171.02208,-145.94421,-5.061989
171.28282,-145.22885,-5.070097
171.55476,-144.50237,-5.0792117
171.82831,-143.78993,-5.0885396
172.1098,-143.0762,-5.0965104
172.40376,-142.3471,-5.1030483
172.69142,-141.64874,-5.1083264
172.9717,-140.97833,-5.1128035
173.26573,-140.28325,-5.117199
173.56468,-139.58588,-5.122093
173.86713,-138.88992,-5.1274858
174.17288,-138.1968,-5.1337895
174.49095,-137.48734,-5.140904
174.81876,-136.76971,-5.1487255
175.15677,-136.04584,-5.1578054
175.48285,-135.36314,-5.166859
175.80296,-134.70839,-5.1740727
176.13788,-134.03403,-5.180625
176.4822,-133.35286,-5.187393
176.8286,-132.67923,-5.1935687
177.16632,-132.03319,-5.199557
177.48683,-131.42877,-5.2046843
177.79475,-130.85526,-5.208969
178.10687,-130.27873,-5.212583
178.42996,-129.68736,-5.2163987
178.77003,-129.07024,-5.2203403
179.12686,-128.42897,-5.224654
179.48222,-127.79751,-5.2294936
179.82513,-127.19493,-5.234406
180.16464,-126.60485,-5.239192
180.50117,-126.02623,-5.2437606
180.814,-125.493805,-5.246894
181.10046,-125.01101,-5.249313
181.35786,-124.57957,-5.252256
181.60788,-124.16214,-5.254448
181.86061,-123.7421,-5.255997
182.11113,-123.32782,-5.2573686
182.35332,-122.92894,-5.2596073
182.5831,-122.552155,-5.262038
182.80128,-122.19624,-5.264144
183.00882,-121.85916,-5.2655954
183.20604,-121.539825,-5.266196
183.39534,-121.233635,-5.2657623
183.58008,-120.934326,-5.2641287
183.75822,-120.644775,-5.261078
183.92842,-120.36649,-5.2572308
184.09145,-120.09756,-5.253136
184.24513,-119.841705,-5.248797
184.38564,-119.605545,-5.2439675
184.51227,-119.39032,-5.2386427
184.62381,-119.1984,-5.232627
184.72258,-119.02604,-5.225767
184.81212,-118.86734,-5.2188215
184.89305,-118.72149,-5.2119613
184.9675,-118.5851,-5.205011
185.0354,-118.45856,-5.1974816
185.0961,-118.3434,-5.1893005
185.15503,-118.2294,-5.1810093
185.21501,-118.11091,-5.1732965
185.26965,-118.00088,-5.1654696
185.31541,-117.90696,-5.1575856
185.35095,-117.83248,-5.1495013
185.37599,-117.77887,-5.140616
185.39235,-117.74306,-5.1314774
185.40121,-117.72315,-5.1225214
185.40504,-117.71434,-5.113814
185.40291,-117.71934,-5.1052747
185.39099,-117.74797,-5.0968404
185.36818,-117.804214,-5.0881596
185.33931,-117.877335,-5.079415
185.30891,-117.956345,-5.071046
185.278,-118.03873,-5.06333
185.24382,-118.13198,-5.0557
185.2067,-118.235756,-5.047977
185.16803,-118.34653,-5.040399
185.12796,-118.4642,-5.03277
185.08765,-118.58561,-5.0253263
185.04625,-118.7135,-5.0178676
185.00389,-118.847786,-5.010191
184.9615,-118.98576,-5.002861
184.9171,-119.13418,-4.995527
184.87115,-119.29194,-4.988137
184.82343,-119.460434,-4.980728
184.77324,-119.64273,-4.9730315
184.72246,-119.83308,-4.965186
184.67209,-120.02797,-4.95734
184.62169,-120.22938,-4.949563
184.57193,-120.43518,-4.941834
184.52338,-120.64303,-4.93404
184.47607,-120.85294,-4.9261684
184.42973,-121.06627,-4.9182625
184.38414,-121.28446,-4.9103994
184.33905,-121.509,-4.902524
184.29497,-121.73792,-4.894719
184.25209,-121.97031,-4.8870206
184.21,-122.20877,-4.8790555
184.16933,-122.4504,-4.871089
184.12978,-122.69732,-4.8631496
184.0916,-122.94867,-4.8549657
184.05545,-123.20037,-4.8469253
184.02065,-123.45733,-4.8387876
183.98717,-123.720535,-4.83061
183.95541,-123.98785,-4.8222923
183.9258,-124.25606,-4.814081
183.89842,-124.52446,-4.8058934
183.87321,-124.79327,-4.797602
183.85043,-125.0604,-4.7891994
183.83014,-125.32409,-4.780897
183.81221,-125.585915,-4.772554
183.79683,-125.841995,-4.7642894
183.78375,-126.094536,-4.7559075
183.77287,-126.34479,-4.7475433
183.76418,-126.5929,-4.7390633
183.75772,-126.83624,-4.7306285
183.75334,-127.07743,-4.722169
183.75104,-127.31698,-4.713551
183.75081,-127.5521,-4.7048593
183.75258,-127.781006,-4.6960516
183.75624,-128.00165,-4.687166
183.76158,-128.21063,-4.678375
183.7684,-128.40933,-4.6695895
183.7766,-128.5995,-4.6607566
183.78615,-128.78369,-4.651748
183.79692,-128.96071,-4.642794
183.80887,-129.13138,-4.63372
183.82172,-129.29416,-4.6247306
183.83578,-129.45422,-4.615751
183.85123,-129.61324,-4.606501
183.8679,-129.7703,-4.597284
183.88672,-129.93304,-4.587693
183.90704,-130.09494,-4.5777874
183.9279,-130.24875,-4.5680175
183.95001,-130.4009,-4.5582366
183.97449,-130.5584,-4.54797
184.00095,-130.71786,-4.5374994
184.02924,-130.87807,-4.5271277
184.0598,-131.04109,-4.5164413
184.09253,-131.20609,-4.505539
184.12743,-131.37244,-4.494627
184.16444,-131.53973,-4.4836936
