predicted_x,predicted_y,predicted_theta
0.0022600614,1.0553768,1.5770265
-0.00015966801,1.447223,1.5825267
-0.0044204006,1.8201941,1.5877953
-0.010733414,2.1955822,1.592312
-0.01886286,2.575447,1.5961547
-0.028630162,2.9597437,1.5997766
-0.039945442,3.3484712,1.6034224
-0.052687146,3.739081,1.6070756
-0.06696975,4.1312037,1.6108867
-0.08278488,4.5258284,1.6146502
-0.10026477,4.924266,1.6182419
-0.1200237,5.337991,1.6219028
-0.1430278,5.7833133,1.6257235
-0.16890123,6.2523055,1.6292503
-0.19541822,6.710089,1.6318216
-0.22259244,7.1565795,1.6340859
-0.25048077,7.597835,1.6359482
-0.2798421,8.049252,1.6372517
-0.3131014,8.548357,1.6376345
-0.34932816,9.089424,1.6369855
-0.38716888,9.660294,1.6358734
-0.4258065,10.25531,1.6340657
-0.46427113,10.864017,1.6316109
-0.5024608,11.491559,1.6288481
-0.53983086,12.133904,1.6261232
-0.5769539,12.803102,1.6235842
-0.6140641,13.506098,1.6211404
-0.6507045,14.238314,1.6181841
-0.68653035,15.006221,1.6136106
-0.7216806,15.8169,1.609068
-0.75397646,16.6447,1.6062083
-0.78360254,17.4829,1.603888
-0.81194293,18.328907,1.6020693
-0.8388981,19.193073,1.6004193
-0.8647276,20.067516,1.5984385
-0.88898355,20.945646,1.596275
-0.9113814,21.82608,1.5939944
-0.9317804,22.704296,1.5917084
-0.9502912,23.58454,1.5896345
-0.9667188,24.458088,1.5876552
-0.9814907,25.333265,1.5856962
-0.9944679,26.205273,1.5837283
-1.0057206,27.087059,1.5814289
-1.0150628,27.985691,1.5784261
-1.0218982,28.899805,1.574759
-1.025401,29.817848,1.5705822
-1.0250239,30.737017,1.5659074
-1.0204631,31.661118,1.5609013
-1.0113342,32.592747,1.5558813
-0.9976372,33.531006,1.5513521
-0.9793311,34.478363,1.5471816
-0.9568424,35.425392,1.5428349
-0.9302679,36.364307,1.5379212
-0.8995289,37.290962,1.5325294
-0.86354786,38.22365,1.526454
-0.82171273,39.163307,1.5195482
-0.7734695,40.108486,1.5126565
-0.71830076,41.05986,1.5061971
-0.6564821,42.013233,1.4995416
-0.58831656,42.970394,1.4928612
-0.5136406,43.93119,1.4868387
-0.43294334,44.885105,1.4805238
-0.34771848,45.826443,1.4740345
-0.25725275,46.76433,1.4687587
-0.16041599,47.712845,1.4644625
-0.058450885,48.6693,1.4604489
0.0478522,49.626724,1.4560727
0.15744911,50.57521,1.4510435
0.26998922,51.5088,1.4456383
0.3876759,52.445423,1.4403876
0.509787,53.376305,1.4352896
0.6349887,54.29406,1.4302601
0.76531565,55.211384,1.4243125
0.90098095,56.13198,1.417971
1.043015,57.055424,1.4120575
1.1912838,57.983067,1.4066697
1.3447247,58.9099,1.4015745
1.5046582,59.84724,1.3967302
1.6700109,60.788338,1.3920952
1.8395754,61.726406,1.3873708
2.0134375,62.663647,1.382581
2.19066,63.594555,1.3780448
2.3708818,64.51756,1.3736706
2.5542789,65.43737,1.3698806
2.7403698,66.35232,1.3669349
2.9255362,67.24764,1.3644001
3.111224,68.132935,1.3615183
3.2978518,69.01083,1.3581016
3.487204,69.88701,1.3543024
3.6801286,70.76384,1.3502165
3.874433,71.629364,1.3457278
4.0694656,72.480804,1.3410678
4.2632985,73.309395,1.3366209
4.4553323,74.11408,1.3325751
4.6450696,74.89514,1.3289249
4.8298745,75.643486,1.3254926
5.011863,76.37012,1.322191
5.189478,77.069695,1.3191282
5.360269,77.73384,1.3164581
5.5242743,78.36473,1.3141755
5.6842823,78.974335,1.3119864
5.8414106,79.5678,1.3097867
5.9947534,80.14235,1.3079343
6.146339,80.70582,1.3063836
6.29152,81.24236,1.3051829
6.427572,81.74274,1.304362
6.557477,82.2187,1.3036313
6.6851735,82.68532,1.3029376
6.812969,83.15059,1.3019639
6.939065,83.60627,1.2989975
7.062046,84.04619,1.2936863
7.18112,84.463905,1.2869059
7.295565,84.855545,1.2793994
7.4039016,85.21715,1.2727174
7.5048146,85.54707,1.2692294
7.5984926,85.84906,1.2690506
7.686018,86.130714,1.270945
7.7681384,86.3963,1.2736315
7.843737,86.64322,1.2768167
7.9117475,86.86789,1.280673
7.973136,87.07345,1.2852443
8.032387,87.275024,1.2895025
8.090507,87.47426,1.2889562
8.149958,87.67874,1.2831362
8.217996,87.906906,1.2699356
8.293969,88.15081,1.2499233
8.374653,88.39082,1.2220778
8.464788,88.63966,1.1901557
8.581926,88.934555,1.1600487
8.71753,89.243484,1.1267471
8.855244,89.53064,1.0852236
8.99538,89.79696,1.0429322
9.1467285,90.05771,1.0058775
9.317573,90.328865,0.9748412
9.500281,90.59801,0.94650507
9.678265,90.843445,0.91440386
9.856547,91.073906,0.8758417
10.041028,91.29509,0.8345481
10.2347975,91.50867,0.7917716
10.4323,91.70882,0.74964666
10.641466,91.90434,0.7108046
10.881865,92.111755,0.67423254
11.149911,92.32537,0.6347279
11.45211,92.54802,0.5906642
11.796976,92.78037,0.5481686
12.176761,93.01345,0.511323
12.588597,93.24612,0.4814965
13.022523,93.473175,0.45600337
13.464086,93.68921,0.42944196
13.917692,93.896736,0.4005235
14.375039,94.09047,0.3715447
14.841528,94.2735,0.34668088
15.317338,94.445854,0.326143
15.796795,94.60816,0.30714837
16.282234,94.76194,0.28773057
16.786514,94.91328,0.27389982
17.310976,95.06174,0.26743084
17.861473,95.212425,0.2622482
18.431702,95.36599,0.25787672
19.020502,95.52164,0.25516522
19.619965,95.67825,0.25362036
20.211597,95.83138,0.25193942
20.81859,95.98721,0.24880137
21.43508,96.143776,0.24487151
22.067156,96.30169,0.24067783
22.712719,96.46007,0.23618497
23.363314,96.61656,0.23131886
24.02721,96.77281,0.22589599
24.705267,96.92864,0.22013713
25.39382,97.08264,0.21411027
26.08414,97.23276,0.20797592
26.773409,97.37834,0.20216012
27.459703,97.518974,0.19650039
28.141619,97.65485,0.19115402
28.821543,97.78646,0.1861359
29.496328,97.91368,0.18158588
30.172888,98.037994,0.17749085
30.852758,98.16011,0.17389843
31.541237,98.28111,0.17063662
32.240246,98.401566,0.16743693
32.942665,98.520294,0.16424966
33.648647,98.6372,0.16082138
34.355385,98.751755,0.1570251
35.05947,98.863266,0.15319425
35.759514,98.97146,0.14972527
36.449276,99.07535,0.14620136
37.12807,99.175285,0.14270253
37.79037,99.270325,0.13930944
38.444195,99.362076,0.1362502
39.092564,99.45102,0.13361841
39.74105,99.53826,0.1313079
40.39003,99.62399,0.1291497
41.035564,99.707924,0.12732239
41.67884,99.79036,0.12592481
42.326736,99.8723,0.12445481
42.982357,99.95424,0.12256955
43.64335,100.03575,0.120722845
44.303905,100.11581,0.11881878
44.956974,100.193756,0.116803445
45.59956,100.2687,0.11368154
46.23256,100.34066,0.10917396
46.85437,100.408325,0.1030716
47.471336,100.47214,0.09626059
48.0862,100.53162,0.08973713
48.700172,100.58677,0.08314771
49.300377,100.6363,0.07528814
49.896687,100.680756,0.06533961
50.491726,100.71985,0.05500332
51.086308,100.75228,0.04414327
51.67399,100.777794,0.031721033
52.250565,100.795685,0.017647313
52.82136,100.8056,0.0025305282
53.390522,100.80749,-0.011597447
53.968853,100.801926,-0.021777557
54.55913,100.78959,-0.028472116
55.147976,100.77307,-0.033483792
55.737064,100.753456,-0.03772625
56.32055,100.7314,-0.041835837
56.909203,100.70678,-0.045977686
57.50203,100.67941,-0.05032292
58.100147,100.64904,-0.055490118
58.696877,100.61606,-0.060565684
59.293575,100.58027,-0.064299375
59.89599,100.54156,-0.06719515
60.507175,100.500435,-0.0699629
61.1234,100.45745,-0.07220346
61.740803,100.41287,-0.07390213
62.356876,100.367096,-0.07589658
62.973896,100.32007,-0.07845659
63.587143,100.27189,-0.081091985
64.19348,100.22249,-0.08393433
64.80358,100.17154,-0.085988574
65.422455,100.11853,-0.086592995
66.04696,100.06451,-0.08619281
66.67122,100.01086,-0.08475087
67.29146,99.95833,-0.08241817
67.907524,99.90768,-0.07921621
68.51903,99.85933,-0.07516807
69.132904,99.813034,-0.07096483
69.75443,99.768456,-0.06784348
70.39641,99.724594,-0.06577358
71.04375,99.682,-0.063853316
71.69722,99.640175,-0.061929416
72.358315,99.59999,-0.05797649
73.02397,99.56038,-0.055115916
73.68967,99.52318,-0.05477147
74.35966,99.48647,-0.055006206
75.03113,99.44963,-0.054814067
75.70288,99.41244,-0.055216953
76.38343,99.3747,-0.056277104
77.075806,99.33546,-0.05782751
77.782486,99.29442,-0.059781354
78.501045,99.25131,-0.06193814
79.22384,99.2066,-0.06388291
79.94742,99.16037,-0.06552638
80.67121,99.11279,-0.06725408
81.39426,99.064,-0.06928558
82.11113,99.01431,-0.0713105
82.828735,98.96303,-0.07332253
83.55109,98.91003,-0.07523694
84.273125,98.855705,-0.07680755
84.98453,98.80096,-0.07826206
85.689224,98.74565,-0.07990556
86.394455,98.68932,-0.08133085
87.107574,98.631226,-0.08247973
87.81726,98.5726,-0.08344817
88.53142,98.512886,-0.08432713
89.248474,98.45222,-0.08528129
89.9636,98.3911,-0.08627312
90.678696,98.329315,-0.08712151
91.388725,98.267365,-0.08777803
92.0919,98.2055,-0.08840243
92.797325,98.143,-0.08898903
93.49682,98.08063,-0.08944697
94.19194,98.018486,-0.08947694
94.87116,97.95762,-0.08917893
95.55003,97.89683,-0.08913291
96.235916,97.83545,-0.089314826
96.9208,97.774086,-0.089629374
97.61014,97.71194,-0.09045538
98.30068,97.64912,-0.09192154
98.99533,97.585144,-0.09348518
99.68698,97.52029,-0.09495697
100.37637,97.45459,-0.096552566
101.06452,97.387955,-0.09816175
101.75108,97.32047,-0.099452555
102.436516,97.25201,-0.10076009
103.11962,97.1828,-0.10248721
103.79787,97.11304,-0.10447045
104.47139,97.042336,-0.106721215
105.140396,96.970764,-0.108903386
105.800026,96.89872,-0.11083626
106.45472,96.82579,-0.112924956
107.1145,96.750916,-0.115236446
107.77496,96.67451,-0.117464475
108.438034,96.59604,-0.120165445
109.1007,96.51595,-0.12331654
109.766335,96.43331,-0.12691855
110.428444,96.34875,-0.130893
111.08681,96.26196,-0.13530295
111.7465,96.17222,-0.13976416
112.40853,96.07898,-0.14437279
113.064064,95.9835,-0.14953421
113.71316,95.88558,-0.15529595
114.3519,95.78534,-0.1618038
114.99501,95.6804,-0.1686599
115.626915,95.572784,-0.17538035
116.25041,95.46207,-0.18263564
116.868805,95.34787,-0.19016749
117.48327,95.22959,-0.19761477
118.089226,95.10833,-0.20476876
118.68698,94.984406,-0.21113075
119.273056,94.858925,-0.21662334
119.85537,94.7306,-0.22228433
120.43068,94.60053,-0.22827128
120.99842,94.469055,-0.23309256
121.56027,94.33587,-0.23656163
122.1186,94.20145,-0.23914386
122.674576,94.06603,-0.24097851
123.24229,93.92626,-0.24335265
123.81998,93.78267,-0.24678162
124.402016,93.63637,-0.24966484
124.98242,93.48869,-0.25111273
125.56063,93.340645,-0.25125045
126.13764,93.193,-0.24967586
126.71697,93.04567,-0.2462468
127.31375,92.895615,-0.24220866
127.922844,92.74532,-0.237723
128.5262,92.59874,-0.23395242
129.11774,92.45705,-0.23278056
129.70262,92.31837,-0.23289467
130.26479,92.18515,-0.23272206
130.81737,92.0553,-0.22918905
131.37195,91.92676,-0.22128212
131.9294,91.80153,-0.21133001
132.47601,91.68488,-0.19948348
133.01259,91.576385,-0.18672419
133.54408,91.47615,-0.17353626
134.07503,91.383095,-0.15996023
134.5991,91.29856,-0.1464622
135.11766,91.22165,-0.13430986
135.62453,91.15248,-0.12528273
136.12654,91.08865,-0.11955554
136.62311,91.02845,-0.11683764
137.11066,90.971,-0.11601566
137.59033,90.91522,-0.11529516
138.06808,90.85992,-0.11427224
138.54514,90.805115,-0.113381065
139.02037,90.75107,-0.11237185
139.49449,90.6978,-0.11043561
139.97337,90.64488,-0.10736679
140.4606,90.59235,-0.10392021
140.95723,90.54061,-0.10024333
141.46196,90.48982,-0.09643666
141.97418,90.43976,-0.09425435
142.4833,90.39076,-0.0958927
142.98961,90.3419,-0.09983935
143.49113,90.29113,-0.10585209
143.98337,90.23853,-0.1139063
144.46472,90.183266,-0.12314303
144.94403,90.12395,-0.13277483
145.42336,90.05968,-0.14325379
145.89722,89.991516,-0.15353832
146.3701,89.91812,-0.1640959
146.83801,89.84051,-0.17553674
147.30505,89.75799,-0.186219
147.78183,89.668236,-0.19624145
148.2573,89.573944,-0.2053216
148.72684,89.47688,-0.21127881
149.19139,89.37768,-0.21398295
149.64963,89.27851,-0.21421872
150.10017,89.18104,-0.2115757
150.54759,89.08535,-0.20624708
150.99648,88.99155,-0.19959307
151.44377,88.90097,-0.19302134
151.8901,88.81354,-0.1873338
152.3374,88.72872,-0.18217716
152.7853,88.64609,-0.17753774
153.2355,88.56557,-0.17225392
153.68819,88.48674,-0.16662295
154.14401,88.40982,-0.16202526
154.60889,88.333595,-0.15877998
155.0875,88.25665,-0.15698896
155.5816,88.17784,-0.15771426
156.08827,88.09687,-0.16093524
156.60301,88.012955,-0.16613059
157.1187,87.92641,-0.1723214
157.62466,87.83816,-0.1791622
158.11717,87.74864,-0.18720527
158.59932,87.657135,-0.19629438
159.07214,87.563225,-0.20518209
159.53773,87.46648,-0.21310622
159.9986,87.36706,-0.21948217
160.46242,87.26413,-0.22332174
160.93227,87.157646,-0.22531794
161.39871,87.050835,-0.22644408
161.85294,86.94634,-0.22659238
162.29967,86.84338,-0.22602507
162.74397,86.74123,-0.22526097
163.18948,86.63903,-0.22485612
163.63553,86.53697,-0.22485381
164.07475,86.43664,-0.22442368
164.50107,86.339455,-0.22307569
164.91316,86.245964,-0.22135726
165.31467,86.15564,-0.21947989
165.70995,86.067474,-0.21743949
166.10162,85.98087,-0.21560958
166.4924,85.894966,-0.21520796
166.87726,85.811035,-0.21482173
167.24603,85.73101,-0.21215576
167.58887,85.657875,-0.20536806
167.88347,85.59693,-0.19508131
168.12706,85.54928,-0.18167432
168.35811,85.50712,-0.16493098
168.61592,85.464264,-0.14546286
168.89977,85.42229,-0.12712812
169.19733,85.38441,-0.10901679
169.48907,85.352806,-0.08883314
169.78024,85.32733,-0.06503594
170.08316,85.30755,-0.039309844
170.39891,85.29559,-0.010746409
170.71826,85.29228,0.020076748
171.03589,85.29888,0.052251898
171.35474,85.315636,0.0857055
171.67328,85.342995,0.119301654
171.98373,85.38025,0.15253197
172.283,85.42591,0.18345723
172.58028,85.48014,0.2085725
172.87805,85.543144,0.2306237
173.17505,85.61301,0.25331983
173.47484,85.69103,0.2788375
173.7853,85.779816,0.30603617
174.09639,85.87843,0.33455443
174.40611,85.98575,0.36250883
174.72954,86.10825,0.38997754
175.07643,86.250465,0.41709325
175.45381,86.417366,0.4439878
175.87146,86.615814,0.47169998
176.31873,86.84316,0.49785954
176.79799,87.10352,0.52361405
177.3093,87.39785,0.5479482
177.83426,87.7183,0.5713639
178.352,88.04997,0.5920009
178.86862,88.3964,0.6088278
179.34602,88.72897,0.6228017
179.77834,89.039276,0.6354243
180.1826,89.3362,0.6446585
180.56184,89.620605,0.6499153
180.9297,89.89967,0.65260446
181.28896,90.17406,0.653779
181.66472,90.461914,0.65446544
182.06111,90.76589,0.6541899
182.47728,91.08514,0.6535962
182.93065,91.43257,0.653139
183.40024,91.79178,0.6521759
183.87634,92.15557,0.6513879
184.36649,92.52982,0.6519928
184.88246,92.923706,0.6529925
185.3904,93.31168,0.6524976
185.90015,93.70115,0.65137345
186.43434,94.10788,0.6485632
186.9927,94.53075,0.64335936
187.5556,94.95311,0.63782275
188.12227,95.37263,0.6318231
188.69948,95.79536,0.62545425
189.2691,96.20656,0.6191705
189.82603,96.60342,0.613143
190.36961,96.98584,0.6074671
190.91075,97.36202,0.6019738
191.44601,97.73003,0.5971438
191.97995,98.093475,0.59358394
192.50888,98.4506,0.59113264
193.0648,98.823784,0.5890742
193.55902,99.15405,0.5873753
194.07765,99.49928,0.58551806
194.60632,99.849724,0.58330876
195.15736,100.213264,0.58058935
195.72488,100.58554,0.57756674
196.31708,100.97142,0.5742518
196.92723,101.3661,0.5705626
197.54637,101.76333,0.5664944
198.15587,102.150925,0.56224394
198.76247,102.533165,0.5580402
199.3699,102.9123,0.55379826
199.97198,103.28465,0.54967284
200.55457,103.64168,0.5460105
201.12305,103.98716,0.5427843
201.69681,104.33326,0.53963757
202.30185,104.69562,0.5361531
202.92375,105.06519,0.5324683
203.54176,105.4295,0.52911675
204.13208,105.77465,0.5261219
204.61806,106.05691,0.52388775
205.05809,106.3115,0.52298737
205.4714,106.55002,0.5235236
205.8668,106.7784,0.52506286
206.23685,106.99281,0.52728814
206.58386,107.194885,0.53020716
206.89963,107.37999,0.53366375
207.17577,107.54316,0.5381753
207.42397,107.691315,0.5436428
207.6656,107.83737,0.54962486
207.9096,107.98693,0.5559775
208.15451,108.13915,0.56282794
208.40288,108.2959,0.57007706
208.657,108.45886,0.57752
208.91403,108.626366,0.5849623
209.16766,108.794304,0.59232086
209.41705,108.962036,0.59945625
209.65074,109.12159,0.6057652
209.86787,109.27181,0.6113912
210.0668,109.411156,0.61682487
210.24988,109.540855,0.6215955
210.42421,109.66564,0.62594104
210.60771,109.79838,0.63018966
210.81967,109.95317,0.63543975
211.0605,110.13102,0.6417736
211.3305,110.33313,0.6501817
211.63168,110.562004,0.65866685
211.94298,110.80428,0.67134935
212.24467,111.04565,0.69286764
212.53076,111.28355,0.71950895
212.7965,111.516014,0.7450634
213.04393,111.743706,0.7671943
213.28157,111.97277,0.7874637
213.50743,112.20014,0.80910045
213.71997,112.42379,0.8347124
213.9266,112.65246,0.8645795
214.12305,112.88352,0.8982755
214.30843,113.115685,0.93156815
214.49217,113.361626,0.9599211
214.6828,113.63262,0.9831269
214.86893,113.91067,1.0001061
215.0405,114.17702,1.011262
215.19951,114.430374,1.0183271
215.3467,114.67111,1.0291054
215.49133,114.91269,1.0468205
215.63225,115.157555,1.0699203
215.76707,115.40326,1.0930651
215.90196,115.66336,1.1149517
216.0364,115.93832,1.1389561
216.1658,116.217674,1.1610738
216.27608,116.47037,1.1759411
216.36969,116.695724,1.1890182
216.45761,116.91505,1.2037961
216.54231,117.13576,1.2203692
216.62674,117.366615,1.2370794
216.70404,117.58973,1.2538581
216.77315,117.80031,1.271005
216.8344,117.99832,1.2877305
216.88948,118.18707,1.3030472
216.94281,118.38085,1.3161032
216.99995,118.59875,1.3249654
217.06107,118.8408,1.3280895
217.12483,119.09725,1.327195
217.19211,119.36696,1.3233106
217.26553,119.65673,1.3167998
217.35025,119.98242,1.3079199
217.44905,120.34879,1.297023
217.56075,120.74479,1.2833741
217.68573,121.16488,1.2652133
217.82552,121.60622,1.2430921
217.9789,122.05732,1.2197477
218.15027,122.52548,1.1961948
218.34645,123.0261,1.1742642
218.56505,123.54922,1.1547899
218.80336,124.08936,1.1366383
219.05528,124.63378,1.1203026
219.31996,125.18139,1.1050631
219.59445,125.72703,1.0894836
219.87805,126.26955,1.0728571
220.17082,126.80677,1.0540626
220.47108,127.334496,1.0333153
220.78192,127.856346,1.0124009
221.10854,128.38058,0.9934581
221.45764,128.9196,0.97934264
221.8158,129.45355,0.9689807
222.18019,129.98476,0.9604961
222.55435,130.52031,0.95315975
222.93704,131.05936,0.9465177
223.32893,131.60394,0.94073033
223.73235,132.15823,0.9366924
224.14333,132.71738,0.9337949
224.56374,133.28624,0.9317726
224.98752,133.85693,0.93058074
225.41342,134.42876,0.9297559
225.84438,135.0065,0.92913973
226.27681,135.5853,0.92860824
226.71698,136.17387,0.92812407
227.16693,136.77512,0.92801267
227.62437,137.38591,0.9280435
228.08516,138.00137,0.92818695
228.54807,138.61967,0.9283313
229.0206,139.25055,0.9276919
229.50562,139.89746,0.9261397
229.99475,140.54768,0.9238273
230.48167,141.19206,0.92102164
230.96738,141.83116,0.91797626
231.45372,142.46687,0.9144635
231.91951,143.07094,0.9101106
232.37726,143.65915,0.9045108
232.84377,144.2506,0.89569336
233.28972,144.80727,0.88526833
233.75302,145.37425,0.8749434
234.21306,145.92516,0.8654809
234.6689,146.4614,0.8577529
235.11876,146.98172,0.8514002
235.57184,147.49911,0.8455659
236.0268,148.01228,0.83971536
236.48706,148.52582,0.8342953
236.95473,149.04213,0.8299749
237.42917,149.56131,0.8268189
237.9098,150.08386,0.8245483
238.38818,150.60109,0.8223166
238.87677,151.12732,0.8201848
239.36714,151.653,0.8177724
239.85919,152.17816,0.81576145
240.35736,152.70752,0.8137113
240.85483,153.23347,0.8107308
241.354,153.75865,0.8072763
241.86371,154.29128,0.8034921
242.3787,154.82515,0.7991768
242.90187,155.36288,0.79423296
243.42653,155.8968,0.78873515
243.95212,156.42665,0.7847174
244.48882,156.96342,0.7825221
245.03114,157.50285,0.7808164
245.57068,158.03748,0.7793205
246.09879,158.55875,0.7776999
246.61682,159.06844,0.7755117
247.12827,159.56934,0.7724707
247.63159,160.05989,0.76926374
248.1452,160.55743,0.76641357
248.66808,161.06111,0.7641221
249.19786,161.56886,0.762018
249.72647,162.07286,0.7591579
250.25398,162.57295,0.75523627
250.79385,163.08118,0.7506628
251.35062,163.60098,0.74628854
251.92126,164.12926,0.7428435
252.4994,164.66042,0.74008214
253.08507,165.19528,0.73755944
253.63718,165.69604,0.7343494
254.18596,166.19121,0.7308702
254.74025,166.68835,0.72782207
255.30093,167.18779,0.72438234
255.86804,167.69005,0.72127336
256.44086,168.19257,0.7164545
257.02087,168.69742,0.70960516
257.6059,169.19965,0.701833
258.19797,169.70041,0.6940253
258.79755,170.19919,0.6859717
259.40485,170.69672,0.67809135
260.0203,171.19173,0.6690226
260.64496,171.68596,0.65914744
261.27405,172.17383,0.6503146
261.91302,172.6612,0.6440536
262.5614,173.14824,0.6391544
263.21924,173.63768,0.6349904
263.88834,174.13078,0.63112825
264.56122,174.62273,0.6273948
265.235,175.11143,0.62401766
265.9109,175.5982,0.6210443
266.58945,176.0838,0.6183381
267.27216,176.5695,0.6157036
267.95868,177.05524,0.61309004
268.63675,177.53217,0.6104419
269.30585,178.0,0.6076737
269.9767,178.46649,0.6046591
270.65494,178.93512,0.60136926
271.33194,179.39938,0.5976021
272.0176,179.86601,0.5934211
272.712,180.33429,0.58886355
273.41876,180.80614,0.5837295
274.125,181.2725,0.5781521
274.82904,181.73215,0.57296664
275.52283,182.17964,0.5681988
276.21234,182.61935,0.56287414
276.90106,183.0534,0.55631185
277.59668,183.48584,0.54893607
278.31442,183.9249,0.54093325
279.00656,184.34036,0.5326087
279.71585,184.75812,0.5233813
280.4365,185.1741,0.5136681
281.15814,185.58199,0.50523156
281.88718,185.98517,0.4977438
282.5982,186.37184,0.49129695
283.30737,186.75075,0.4851627
284.01248,187.1221,0.4780206
284.69672,187.4762,0.47079518
285.37042,187.81892,0.4642901
286.03827,188.15294,0.4573137
286.7041,188.48062,0.4503203
287.34778,188.7912,0.44340575
287.99393,189.09837,0.437579
288.65598,189.40823,0.43139207
289.27872,189.69373,0.4240743
289.9089,189.97878,0.41808847
290.5889,190.28181,0.41245094
291.308,190.59674,0.4058733
292.05988,190.92032,0.39895937
292.8332,191.24695,0.39251667
293.60358,191.5659,0.38652125
294.37204,191.87881,0.3812601
295.15076,192.19112,0.3762546
295.9273,192.49782,0.37099925
296.70358,192.79968,0.36567143
297.4816,193.09749,0.36005333
298.24973,193.38551,0.35245556
299.0019,193.66171,0.34347165
299.77017,193.93745,0.33580402
300.54822,194.20938,0.32912526
301.3244,194.47406,0.3221913
302.0926,194.73024,0.31475934
302.86874,194.98347,0.30821458
303.64398,195.23015,0.30188152
304.41095,195.46863,0.29523212
305.17596,195.70055,0.2871295
305.93994,195.92586,0.27753586
306.71097,196.14532,0.26701632
307.4955,196.36014,0.25591356
308.29355,196.56929,0.24471515
309.11334,196.77472,0.23413761
309.92813,196.9693,0.22436264
310.75287,197.15857,0.21730223
311.5906,197.34439,0.21229681
312.43985,197.528,0.20862362
313.29828,197.71025,0.20594731
314.16016,197.8897,0.20240507
315.02203,198.06644,0.1978179
315.87286,198.23752,0.19455098
316.71378,198.4032,0.1927911
317.53586,198.56326,0.19108269
318.34485,198.71977,0.18971898
319.15274,198.87497,0.18880612
319.97156,199.03142,0.18765752
320.79053,199.18617,0.1847656
321.57874,199.33307,0.18067493
322.3526,199.47415,0.1764373
323.11115,199.6092,0.17214169
323.8759,199.74219,0.16791432
324.65906,199.8751,0.16336069
325.4235,200.00114,0.1590316
326.17676,200.12144,0.15440235
326.91467,200.23553,0.14850111
327.64047,200.34398,0.1418488
328.35162,200.44537,0.13531293
329.05353,200.5412,0.12993935
329.74512,200.63176,0.12599848
330.42133,200.7169,0.12190642
331.0842,200.79749,0.11618565
331.73807,200.87349,0.109134726
332.3895,200.9449,0.10192377
333.03793,201.01205,0.09695743
333.67484,201.07416,0.09422509
334.30106,201.13335,0.092240326
334.92578,201.19116,0.09049178
335.55066,201.24792,0.08895333
336.17236,201.30339,0.08759186
336.78455,201.35709,0.08618346
337.39352,201.40971,0.084743336
338.00845,201.46194,0.08333981
338.6094,201.51213,0.08193348
339.2147,201.56187,0.08061626
339.80847,201.60994,0.07962961
340.3885,201.65628,0.078984275
340.9625,201.70172,0.0784996
341.5246,201.74615,0.07869977
342.06882,201.78918,0.079754464
342.59604,201.83134,0.081240654
343.0946,201.87198,0.08308738
343.5402,201.90915,0.08556785
343.95026,201.94438,0.08871902
344.35135,201.97997,0.0917082
344.7415,202.01578,0.09413315
345.1034,202.0499,0.096075155
345.4386,202.08209,0.09738087
345.7503,202.11229,0.097262755
346.03766,202.14024,0.09613265
346.2971,202.16519,0.09495671
346.52646,202.18692,0.09378759
346.7216,202.20514,0.09259611
346.8854,202.22023,0.09140146
347.02783,202.23322,0.09011701
347.15576,202.24478,0.089475274
347.2791,202.25589,0.08981303
347.40555,202.26727,0.09035283
347.5353,202.27905,0.0909317
347.6612,202.29054,0.09218678
347.78104,202.30153,0.09268542
347.89536,202.31206,0.09097467
347.9991,202.32106,0.0816594
348.09888,202.32875,0.058858246
348.1842,202.33351,0.027951166
348.25992,202.3354,-0.010528389
348.3239,202.33453,-0.05520643
348.3862,202.3311,-0.10517016
348.4644,202.323,-0.15840928
348.57712,202.30522,-0.21803044
348.73367,202.27057,-0.28905055
348.91437,202.21696,-0.3671649
349.10858,202.14244,-0.44846514
349.31406,202.04468,-0.52493274
349.5297,201.9209,-0.59000224
349.75095,201.77374,-0.6452758
349.97714,201.60495,-0.6896929
350.2094,201.41469,-0.7230364
350.44907,201.2048,-0.7461238
350.69604,200.97707,-0.76294667
350.96548,200.72083,-0.7752271
351.26562,200.42752,-0.7837009
351.5846,200.1104,-0.7894897
351.9078,199.78514,-0.7925194
352.24228,199.44589,-0.7947817
352.59103,199.08994,-0.79893464
352.93146,198.73962,-0.80540943
353.27408,198.38219,-0.81481403
353.62323,198.01099,-0.8278577
353.9846,197.61917,-0.8394364
354.34457,197.21825,-0.8484157
354.69666,196.81876,-0.8566857
355.0511,196.40993,-0.8648414
355.40686,195.99239,-0.87371516
355.75684,195.57457,-0.8824655
356.09534,195.16313,-0.89046204
356.43033,194.74953,-0.8974949
356.7753,194.3177,-0.903202
357.12772,193.87149,-0.9069572
357.47388,193.42973,-0.9082954
357.81226,192.99666,-0.90722287
358.1456,192.57027,-0.9051595
358.48105,192.14307,-0.90301895
358.833,191.69655,-0.901407
359.20575,191.22548,-0.9005144
359.5959,190.733,-0.9005629
360.0006,190.2222,-0.90165174
360.4152,189.69785,-0.903499
360.83923,189.15945,-0.9060903
361.26566,188.61577,-0.90842694
361.6844,188.07954,-0.90921915
362.0988,187.54759,-0.9087545
362.5123,187.0171,-0.90784794
362.91818,186.49736,-0.9066545
363.32034,185.98334,-0.9055838
363.72418,185.46815,-0.90538466
364.12933,184.95166,-0.9061389
364.5345,184.43396,-0.9082403
364.93604,183.91905,-0.9113649
365.33124,183.40831,-0.9160182
365.7267,182.8925,-0.9227173
366.13107,182.35837,-0.9306809
366.5351,181.81573,-0.93918574
366.93582,181.26811,-0.947605
367.33496,180.71347,-0.9549034
367.72903,180.15668,-0.9614933
368.11603,179.60162,-0.9687097
368.50128,179.04019,-0.97758085
368.87805,178.48,-0.98899955
369.24023,177.92844,-1.002604
369.5895,177.38147,-1.0165515
369.928,176.83481,-1.0298721
370.25192,176.2967,-1.0410444
370.56024,175.77065,-1.0499048
370.8546,175.25882,-1.0560001
371.1393,174.75635,-1.0592943
371.41562,174.26437,-1.0610614
371.67944,173.7925,-1.0620236
371.93005,173.343,-1.062677
372.1723,172.9079,-1.0632995
372.40692,172.48601,-1.0637169
372.63885,172.06877,-1.0634903
372.86984,171.65363,-1.062283
373.1009,171.23901,-1.0608865
373.32956,170.8298,-1.0602182
373.55652,170.4238,-1.0612242
373.77374,170.03171,-1.0687478
373.98032,169.65431,-1.0816815
374.16882,169.29878,-1.0975906
374.33127,168.98093,-1.1145127
374.46326,168.71106,-1.1313177
374.57385,168.47545,-1.1478971
374.67532,168.25032,-1.1632234
374.77304,168.0245,-1.1765395
374.8648,167.80429,-1.1874272
374.9528,167.58647,-1.1964378
375.04224,167.35979,-1.2028304
375.13525,167.1191,-1.2068934
375.22977,166.87123,-1.2099344
375.322,166.62619,-1.2140155
375.4089,166.3924,-1.2202799
375.49203,166.16467,-1.2276695
375.57584,165.93031,-1.2357196
375.6577,165.69543,-1.2428397
375.73282,165.47322,-1.251908
375.8011,165.2637,-1.2686902
375.86572,165.05573,-1.2913715
375.92767,164.84122,-1.3124688
375.99057,164.60489,-1.3296107
376.0605,164.32346,-1.3433189
376.13455,164.00465,-1.355246
376.20557,163.67659,-1.3710046
376.27362,163.3385,-1.3925565
376.3366,162.98807,-1.4169704
376.3944,162.61656,-1.4420722
376.4448,162.22731,-1.4671298
376.4844,161.84119,-1.4943595
376.51434,161.44662,-1.5255398
376.53207,161.05898,-1.5560379
376.539,160.6474,-1.5837387
376.5336,160.22093,-1.6089437
376.51743,159.78033,-1.6318765
376.4922,159.33516,-1.645136
376.46,158.88907,-1.6487358
376.4244,158.43774,-1.6509086
376.38736,157.97708,-1.6542197
376.348,157.50046,-1.6560146
376.3059,157.00496,-1.6559229
376.26132,156.48602,-1.6563318
376.2134,155.93015,-1.6581198
376.16315,155.35683,-1.6605415
376.11102,154.77887,-1.6633842
376.05972,154.22571,-1.666234
376.00494,153.65671,-1.670094
375.94604,153.0637,-1.6742368
375.88214,152.44879,-1.6784395
375.81363,151.8159,-1.6831591
375.74048,151.16971,-1.6888111
375.6621,150.51062,-1.6955215
375.57773,149.83781,-1.7027786
375.48773,149.15901,-1.7099274
375.39178,148.47252,-1.7165996
375.2896,147.77568,-1.7227626
375.1847,147.09027,-1.7284684
375.07474,146.39848,-1.7340823
374.96085,145.70943,-1.7404653
374.84393,145.02623,-1.7470102
374.72372,144.35233,-1.7537346
374.59967,143.68329,-1.7613447
374.47052,143.01367,-1.7693338
374.33636,142.34673,-1.7772263
374.19778,141.68565,-1.7851392
374.0603,141.0538,-1.7922794
373.91467,140.40561,-1.7986048
373.76212,139.74649,-1.8042794
373.6034,139.07872,-1.8097104
373.4389,138.40317,-1.8151803
373.2699,137.72429,-1.8201133
373.09875,137.05109,-1.8239713
372.92654,136.38524,-1.8271537
372.75342,135.72382,-1.8295822
372.57904,135.0649,-1.8315043
372.40265,134.4031,-1.8329762
372.22458,133.73921,-1.8339951
372.04608,133.07649,-1.8347155
371.8689,132.42111,-1.8355491
371.69235,131.77,-1.8366085
371.51312,131.11212,-1.8380239
371.32968,130.44276,-1.840043
371.1432,129.76721,-1.8424946
370.95316,129.08586,-1.8455234
370.75995,128.40042,-1.8489388
370.5631,127.711006,-1.8523823
370.36417,127.022736,-1.8555104
370.1674,126.35011,-1.8581811
369.96967,125.680756,-1.8604109
369.77097,125.01435,-1.8627465
369.57285,124.3567,-1.8663166
369.37503,123.706406,-1.8702216
369.17526,123.059746,-1.8741938
368.97668,122.426125,-1.8787928
368.77765,121.800186,-1.8834274
368.57623,121.177345,-1.8880875
368.37088,120.55129,-1.892363
368.16095,119.92097,-1.8961786
367.95242,119.30284,-1.8997791
367.7438,118.69191,-1.9034549
367.53537,118.08854,-1.9070839
367.32794,117.49541,-1.9107814
367.11996,116.90702,-1.9141557
366.91373,116.330055,-1.9171187
366.7071,115.75824,-1.9207163
366.49545,115.178375,-1.9249496
366.28705,114.615,-1.9294014
366.08102,114.06463,-1.9331212
365.87735,113.526566,-1.9352273
365.6708,112.984856,-1.9364583
365.46155,112.43791,-1.9372178
365.25446,111.89783,-1.9372706
365.0494,111.36394,-1.9372576
364.84644,110.83513,-1.9374223
364.64484,110.309525,-1.9369329
364.44296,109.78264,-1.9356656
364.23532,109.23895,-1.9340901
364.02417,108.683975,-1.9328511
363.81195,108.1241,-1.9322435
363.59793,107.55841,-1.9322937
363.38135,106.98572,-1.9326774
363.16187,106.40626,-1.9333864
362.94177,105.82616,-1.9343913
362.72366,105.252785,-1.9353083
362.50458,104.67884,-1.9363506
362.28738,104.11131,-1.9374605
362.07208,103.55164,-1.9395123
361.85843,102.99984,-1.9433446
361.64346,102.44829,-1.9464556
361.42496,101.893425,-1.9477861
361.20596,101.34017,-1.9484987
360.98688,100.78846,-1.9497185
360.768,100.23863,-1.9511989
360.54892,99.6906,-1.952489
360.32968,99.144745,-1.9541196
360.1118,98.60518,-1.9568218
359.89285,98.06639,-1.9599415
359.671,97.524994,-1.9626158
359.44754,96.98421,-1.9651228
359.22504,96.44949,-1.9676349
359.01068,95.937904,-1.9699785
358.8027,95.445335,-1.9727921
358.59808,94.96408,-1.9759489
358.39386,94.488174,-1.9793705
358.18237,93.99954,-1.9829568
357.96368,93.49924,-1.9865903
357.7415,92.99616,-1.9903674
357.5128,92.48323,-1.9941559
357.27417,91.95344,-1.997799
357.02682,91.409645,-2.0013146
356.77332,90.85731,-2.0044935
356.51663,90.30326,-2.007734
356.2529,89.73862,-2.0112896
355.9798,89.159004,-2.0147796
355.69922,88.5684,-2.017441
355.40973,87.96306,-2.0187516
355.11163,87.34242,-2.019253
354.80615,86.70777,-2.019852
354.493,86.058266,-2.0209265
354.1641,85.37788,-2.0224771
353.83417,84.698044,-2.0243134
353.493,83.99832,-2.026569
353.14563,83.2898,-2.0292675
352.79364,82.576614,-2.0323334
352.44458,81.87548,-2.0359242
352.1023,81.19397,-2.0395894
351.76517,80.528786,-2.0430624
351.42288,79.858475,-2.046343
351.06583,79.16431,-2.04974
350.69617,78.45172,-2.053473
350.31522,77.724335,-2.0574965
349.92685,76.9902,-2.061875
349.535,76.25745,-2.0664418
349.14252,75.53176,-2.0709903
348.7472,74.80874,-2.0756056
348.35178,74.09442,-2.0813456
347.95468,73.38581,-2.087676
347.55142,72.675606,-2.093418
347.1449,71.96962,-2.0986226
346.73416,71.264946,-2.103478
346.32037,70.56321,-2.1083825
345.89804,69.854576,-2.1133683
345.47372,69.15092,-2.118577
345.05225,68.46028,-2.1240625
344.62497,67.76883,-2.129834
344.1908,67.07445,-2.1353426
343.7507,66.37929,-2.1409879
343.30557,65.68487,-2.1467364
342.85822,64.99629,-2.1526906
342.4055,64.30749,-2.1581433
341.95108,63.624763,-2.1628768
341.49786,62.950867,-2.166755
341.04083,62.276546,-2.1697617
340.5827,61.604774,-2.171762
340.12814,60.941425,-2.172538
339.67426,60.280262,-2.172413
339.22733,59.629112,-2.171805
338.77737,58.97284,-2.1710734
338.31934,58.303944,-2.1706502
337.86304,57.63671,-2.1703246
337.4113,56.975758,-2.1700122
336.95715,56.310818,-2.1696937
336.50394,55.6467,-2.1692753
336.05243,54.98487,-2.1691794
335.60596,54.33026,-2.1696112
335.15964,53.67657,-2.1706538
334.7177,53.030384,-2.1719277
334.2784,52.390102,-2.173539
333.83667,51.74857,-2.1757672
333.39532,51.11049,-2.178493
332.95175,50.4721,-2.1806946
332.50677,49.83505,-2.1821904
332.0626,49.20146,-2.1835942
331.62338,48.577084,-2.185407
331.18417,47.954906,-2.187519
330.7404,47.32912,-2.1899266
330.2938,46.702328,-2.1925435
329.8436,46.074066,-2.195328
329.39536,45.45261,-2.1985896
328.9512,44.84117,-2.2023187
328.50497,44.231304,-2.2061453
328.0677,43.63811,-2.2095385
327.62463,43.041813,-2.213169
327.17795,42.44514,-2.217404
326.729,41.850243,-2.2218723
326.27292,41.250698,-2.225319
325.81522,40.65422,-2.228348
325.35437,40.05709,-2.2309136
324.88947,39.458023,-2.2333152
324.42233,38.858997,-2.235638
323.95267,38.259804,-2.2378383
323.47537,37.653084,-2.2396417
322.9945,37.044525,-2.24131
322.51385,36.438377,-2.2429018
322.0296,35.829575,-2.2442172
321.5413,35.21736,-2.2453983
321.0486,34.600918,-2.24614
320.55405,33.982918,-2.246059
320.06204,33.367867,-2.244594
319.5698,32.75047,-2.2412987
319.08206,32.13528,-2.2370148
318.59955,31.521996,-2.2331607
318.1205,30.907837,-2.2297425
317.64758,30.29696,-2.2261508
317.17825,29.686949,-2.2231157
316.70923,29.07327,-2.220904
316.24075,28.457882,-2.2198503
315.7754,27.845093,-2.2200823
315.31583,27.240307,-2.2215726
314.8555,26.636215,-2.224177
314.3955,26.035727,-2.227632
313.93515,25.43884,-2.231592
313.47607,24.848455,-2.2358444
313.0224,24.2694,-2.2393866
312.58426,23.714249,-2.2415855
312.15787,23.176844,-2.2431974
311.73276,22.642975,-2.2448823
311.3042,22.106665,-2.246765
310.87234,21.568249,-2.2487848
310.4404,21.031984,-2.2509148
310.01218,20.502195,-2.252573
309.58517,19.976223,-2.2541943
309.16278,19.456715,-2.2547953
308.74185,18.940489,-2.25485
308.32883,18.433847,-2.2549076
307.9174,17.929867,-2.255812
307.50778,17.429075,-2.2581391
307.0909,16.92176,-2.2618399
306.672,16.415962,-2.2670946
306.2569,15.919361,-2.2728682
305.8343,15.419768,-2.2787066
305.40668,14.919914,-2.28422
304.97473,14.421114,-2.289935
304.53613,13.920285,-2.2961233
304.09082,13.417164,-2.3011706
303.63657,12.909459,-2.3047032
303.17233,12.394663,-2.3076031
302.7086,11.883652,-2.3105628
302.25415,11.38562,-2.3134413
301.81982,10.911562,-2.31473
301.39688,10.452131,-2.3154755
300.98343,10.00355,-2.3163557
300.5852,9.572724,-2.3180223
300.20673,9.16445,-2.3205366
299.85187,8.783388,-2.3230536
299.51672,8.425318,-2.3254256
299.19415,8.082259,-2.3276389
298.87674,7.7462664,-2.3299546
298.55875,7.4112086,-2.3325975
298.24307,7.080259,-2.3353033
297.93265,6.756488,-2.3376443
297.62744,6.440037,-2.3404336
297.32584,6.1289153,-2.3440018
297.0272,5.8230095,-2.347945
296.73187,5.522847,-2.3521066
296.43445,5.2228875,-2.356068
296.16687,4.955173,-2.3591192
295.90067,4.6905003,-2.3617976
295.64392,4.436611,-2.3641388
295.39407,4.190696,-2.3662167
295.1506,3.9520288,-2.3680484
294.91943,3.7261782,-2.369357
294.69363,3.5062103,-2.3702252
294.47427,3.2928772,-2.370682
294.26404,3.0885437,-2.3705173
294.06516,2.8951788,-2.3696551
293.8769,2.7118528,-2.3683631
293.69556,2.5348678,-2.366914
293.51712,2.3602185,-2.3653839
293.346,2.192195,-2.3638499
293.17578,2.0245743,-2.3623962
293.00803,1.8588711,-2.3609333
292.84122,1.6936407,-2.3594062
292.677,1.5304732,-2.357861
292.5122,1.366416,-2.3572342
292.34094,1.1957972,-2.358664
292.1676,1.0231788,-2.36032
291.99094,0.8481628,-2.362432
291.80783,0.6676427,-2.3665373
291.61856,0.4827494,-2.3739789
291.423,0.29426432,-2.3841834
291.22113,0.10369988,-2.3967745
291.0133,-0.08743824,-2.4126382
290.79617,-0.28094432,-2.4321973
290.5687,-0.4758588,-2.4552646
290.32532,-0.67553914,-2.4793825
290.06677,-0.8771811,-2.5036817
289.79144,-1.0814117,-2.5286553
289.5054,-1.2826408,-2.5538266
289.2132,-1.4778183,-2.5770705
288.9128,-1.6680919,-2.5991483
288.60718,-1.8527083,-2.6197217
288.2894,-2.035817,-2.6385093
287.96246,-2.2160015,-2.6557908
287.62152,-2.3968804,-2.6698117
287.26282,-2.5806508,-2.6798368
286.90512,-2.7590072,-2.6867812
286.53958,-2.9377182,-2.693191
286.16165,-3.120047,-2.6983342
285.77158,-3.3054733,-2.7019978
285.37128,-3.4937112,-2.70557
284.9631,-3.6842036,-2.7084668
284.54257,-3.8787496,-2.7107766
284.10928,-4.0776167,-2.7143462
283.65717,-4.2840347,-2.7173612
283.18024,-4.4995785,-2.719763
282.69092,-4.7187076,-2.7239606
282.2011,-4.9353642,-2.7311776
281.7125,-5.147284,-2.7417607
281.21695,-5.3563066,-2.7550817
280.71387,-5.5604486,-2.7713923
280.20026,-5.7599525,-2.788844
279.66354,-5.9578204,-2.8061616
279.10477,-6.152852,-2.8233325
278.52963,-6.342807,-2.8394012
277.93616,-6.527892,-2.8550024
277.32965,-6.7072244,-2.8694339
276.7125,-6.880022,-2.881606
276.09473,-7.0450983,-2.8908563
275.47583,-7.2040057,-2.897696
274.85242,-7.3593235,-2.9034352
274.2321,-7.5098066,-2.9091182
273.6182,-7.655276,-2.9144845
273.01465,-7.794103,-2.9210708
272.41165,-7.92867,-2.9303126
271.8022,-8.059193,-2.9414537
271.1969,-8.181931,-2.9529858
270.57584,-8.300573,-2.9646704
269.93982,-8.414366,-2.9766476
269.31348,-8.518749,-2.987946
268.6958,-8.614819,-2.9977722
268.05862,-8.707684,-3.0056345
267.4024,-8.797715,-3.011931
266.73932,-8.884639,-3.0166097
266.06464,-8.969538,-3.0201995
265.3776,-9.053324,-3.0235107
264.67715,-9.136351,-3.0269122
263.94894,-9.22017,-3.0304825
263.24374,-9.298819,-3.033846
262.5029,-9.378997,-3.0371048
261.76724,-9.456428,-3.039578
261.0548,-9.529807,-3.04076
260.35812,-9.60057,-3.0409276
259.70102,-9.667319,-3.0400958
259.0555,-9.732939,-3.0393624
258.41513,-9.798464,-3.039505
257.77225,-9.863958,-3.040813
257.1253,-9.928732,-3.044263
256.47702,-9.991244,-3.0506968
255.84415,-10.048729,-3.0589902
255.22783,-10.100031,-3.067201
254.62027,-10.145566,-3.0745087
254.02257,-10.185909,-3.080987
253.43135,-10.221859,-3.0873091
252.87259,-10.25239,-3.0932686
252.31522,-10.2794075,-3.0992348
251.75859,-10.303043,-3.1053245
251.22252,-10.322554,-3.1115048
250.7222,-10.337746,-3.1177413
250.2271,-10.349516,-3.1250482
249.75854,-10.35714,-3.1339498
249.32216,-10.360519,-3.1441705
248.88379,-10.359595,-3.1543727
248.45876,-10.354201,-3.1640732
248.04509,-10.344941,-3.1737933
247.63232,-10.331603,-3.184059
247.20566,-10.313657,-3.193584
246.76907,-10.291378,-3.2007482
246.33223,-10.2660055,-3.2049205
245.89905,-10.238638,-3.207476
245.46404,-10.2102165,-3.2087283
245.04199,-10.181074,-3.2121105
244.6312,-10.15155,-3.219222
244.25038,-10.120772,-3.2318578
243.89215,-10.087187,-3.2524703
243.53883,-10.047014,-3.2808948
243.18137,-9.996576,-3.314595
242.83432,-9.935669,-3.3502064
242.5094,-9.866027,-3.3894465
242.21321,-9.789632,-3.4376376
241.9394,-9.70535,-3.495237
241.68057,-9.608821,-3.5619547
241.43869,-9.500858,-3.6323996
241.19316,-9.370045,-3.702403
240.9149,-9.195747,-3.777521
240.61803,-8.977339,-3.855129
240.32568,-8.725242,-3.929068
240.05002,-8.449116,-3.997104
239.78824,-8.1504,-4.055081
239.53923,-7.8303003,-4.0987096
239.30217,-7.496501,-4.128989
239.07397,-7.1508837,-4.1535916
238.84413,-6.785205,-4.174877
238.62238,-6.414042,-4.1913285
238.39433,-6.016632,-4.2077265
238.17891,-5.6263375,-4.2244024
237.96214,-5.2161765,-4.245093
237.75104,-4.796618,-4.2699933
237.54504,-4.3622,-4.2958417
237.35553,-3.935613,-4.317946
237.17354,-3.498758,-4.338245
237.00046,-3.0578463,-4.3583508
236.8333,-2.6054637,-4.3789086
236.67278,-2.1415265,-4.4002185
236.51935,-1.6673591,-4.420715
236.3711,-1.1747243,-4.43949
236.22417,-0.65184146,-4.456135
236.07625,-0.089666665,-4.4702215
235.93054,0.49718988,-4.481172
235.79166,1.0858704,-4.489913
235.66008,1.6686825,-4.498788
235.5336,2.2522259,-4.5084043
235.41217,2.8401222,-4.5186977
235.29695,3.4284885,-4.5298195
235.187,4.0240517,-4.5413933
235.0816,4.633603,-4.5529623
234.98,5.263546,-4.5639935
234.87999,5.925638,-4.57266
234.78693,6.585585,-4.579171
234.69919,7.2394953,-4.5845857
234.61578,7.8893633,-4.5899343
234.53592,8.538267,-4.5953536
234.45694,9.20581,-4.5998583
234.37881,9.892369,-4.602759
234.30188,10.589199,-4.604551
234.22487,11.298006,-4.6055975
234.14838,12.010311,-4.6061053
234.07213,12.724969,-4.6064243
233.9951,13.448588,-4.606669
233.918,14.17634,-4.6071243
233.84012,14.913163,-4.6076922
233.7618,15.657292,-4.6079183
233.68251,16.413168,-4.607893
233.60242,17.176222,-4.607728
233.52153,17.947695,-4.6078334
233.43945,18.73344,-4.608956
233.35649,19.534506,-4.6109867
233.27591,20.32832,-4.6136346
233.19757,21.121058,-4.616928
233.12178,21.91259,-4.6205025
233.05437,22.648336,-4.6245
232.99068,23.372696,-4.628932
232.93095,24.095278,-4.6351624
232.87642,24.805813,-4.6432953
232.82596,25.532381,-4.6518483
232.78214,26.251429,-4.6595397
232.74498,26.948757,-4.6658735
232.71352,27.626265,-4.671649
232.6858,28.303621,-4.677267
232.66196,28.982515,-4.6827703
232.64116,29.674374,-4.687647
232.62354,30.371523,-4.691242
232.60837,31.076649,-4.6936975
232.59477,31.793154,-4.695546
232.58282,32.50412,-4.697223
232.5719,33.22274,-4.698852
232.56212,33.94376,-4.700667
232.5537,34.668873,-4.702654
232.54675,35.38891,-4.704948
232.5414,36.11325,-4.7073317
232.53767,36.851395,-4.710387
232.53621,37.601757,-4.7142534
232.53745,38.36841,-4.718593
232.54225,39.136677,-4.723411
232.55014,39.902576,-4.726815
232.56087,40.677563,-4.7284455
232.57329,41.458828,-4.729689
232.58665,42.22691,-4.7307234
232.6007,42.968933,-4.7320995
232.61551,43.690044,-4.734744
232.63158,44.396248,-4.73845
232.64981,45.104477,-4.7419543
232.67114,45.833126,-4.7448645
232.69475,46.566612,-4.7471633
232.72089,47.314484,-4.749613
232.74895,48.052216,-4.7535157
232.77959,48.796684,-4.758286
232.8144,49.55789,-4.763092
232.85344,50.340103,-4.766783
232.89636,51.133373,-4.7694297
232.94121,51.91928,-4.7716312
232.98723,52.685802,-4.7744083
233.03407,53.438152,-4.777444
233.08305,54.190933,-4.7801957
233.13423,54.94609,-4.7828126
233.18816,55.708546,-4.785778
233.2453,56.473083,-4.791268
233.30597,57.24233,-4.7979646
233.37256,58.017128,-4.805037
233.44556,58.79919,-4.8135257
233.52463,59.588924,-4.820715
233.61139,60.383305,-4.8274903
233.70386,61.181717,-4.8356147
233.8026,61.983788,-4.843071
233.9085,62.7972,-4.848006
234.0204,63.618767,-4.8517485
234.1359,64.441986,-4.855503
234.25536,65.27157,-4.8592567
234.37775,66.099556,-4.8628826
234.50352,66.930214,-4.8660107
234.63199,67.76034,-4.8688726
234.76295,68.59097,-4.871442
234.89642,69.42305,-4.8739185
235.02979,70.240585,-4.876485
235.1638,71.04878,-4.8792095
235.30203,71.86993,-4.8821893
235.44478,72.70248,-4.8855076
235.5923,73.5444,-4.8896394
235.74358,74.38735,-4.8947215
235.8989,75.229355,-4.900289
236.0591,76.071014,-4.9062567
236.22363,76.91084,-4.911738
236.39238,77.74672,-4.9164853
236.56494,78.578606,-4.9216866
236.7418,79.41039,-4.9277062
236.9237,80.24146,-4.934197
237.11038,81.068184,-4.941258
237.30229,81.890915,-4.9489846
237.50075,82.7131,-4.9574413
237.70595,83.53515,-4.9655266
237.92137,84.37034,-4.972416
238.13925,85.18934,-4.978508
238.36304,86.01092,-4.983663
238.58994,86.82646,-4.9890175
238.81708,87.62442,-4.9948916
239.04414,88.40552,-5.0010667
239.27638,89.18776,-5.007308
239.51054,89.95773,-5.013662
239.75177,90.73494,-5.019651
240.00021,91.51803,-5.0260644
240.25795,92.31344,-5.032653
240.52283,93.11258,-5.039383
240.80156,93.93643,-5.0458355
241.09102,94.772835,-5.0526366
241.3861,95.60699,-5.0591245
241.68604,96.436966,-5.065238
241.9893,97.2609,-5.07091
242.2975,98.083725,-5.076038
242.61107,98.90755,-5.0812206
242.92789,99.725914,-5.087324
243.24901,100.541885,-5.093857
243.5724,101.34766,-5.1004643
243.90001,102.14996,-5.106281
244.23311,102.9525,-5.1108823
244.5679,103.7472,-5.1152325
244.90688,104.54292,-5.119361
245.24454,105.325195,-5.12399
245.57726,106.08646,-5.1286902
245.90971,106.835556,-5.135142
246.24545,107.58085,-5.1436753
246.59026,108.32937,-5.153695
246.94606,109.08265,-5.164706
247.3131,109.838806,-5.17558
247.68817,110.591156,-5.185121
248.07468,111.34872,-5.1924043
248.4714,112.11252,-5.1978416
248.87836,112.885666,-5.2014737
249.29062,113.660484,-5.2045155
249.70772,114.43782,-5.208161
250.12544,115.21148,-5.211189
250.5455,115.98278,-5.2132177
250.95714,116.73368,-5.21534
251.36598,117.477196,-5.21693
251.77728,118.22204,-5.2182364
252.18872,118.96365,-5.2206645
252.58885,119.681,-5.2241945
252.98262,120.3812,-5.2280717
253.36835,121.06127,-5.2321424
253.75728,121.74066,-5.236387
254.15372,122.42706,-5.240704
254.55063,123.10716,-5.244964
254.94452,123.77417,-5.249738
255.3328,124.424614,-5.255988
255.71603,125.058,-5.263157
256.09396,125.673584,-5.2695756
256.46826,126.27483,-5.274218
256.837,126.86032,-5.277976
257.19803,127.42714,-5.2835894
257.555,127.98174,-5.291308
257.91214,128.5285,-5.2989583
258.2724,129.07181,-5.304352
258.6316,129.60663,-5.307409
258.98904,130.13478,-5.309547
259.34692,130.66096,-5.3117313
259.70486,131.18492,-5.313963
260.06085,131.70328,-5.316399
260.41196,132.21236,-5.3184514
260.7601,132.71477,-5.3199697
261.1013,133.20554,-5.321223
261.43616,133.68578,-5.32243
261.76566,134.15752,-5.3231187
262.0928,134.62518,-5.322941
262.41757,135.08975,-5.3216763
262.73895,135.55064,-5.31931
263.05923,136.01219,-5.316066
263.37497,136.4704,-5.3119926
263.67294,136.90611,-5.308125
263.9517,137.31718,-5.304973
264.19504,137.6786,-5.3023825
264.40475,137.99153,-5.3005137
264.60052,138.28482,-5.2995005
264.78027,138.55493,-5.298853
264.94226,138.79875,-5.2978234
265.0968,139.03198,-5.2960525
265.24033,139.24916,-5.2943444
265.3626,139.4349,-5.2927337
265.46054,139.58408,-5.2910447
265.53583,139.69916,-5.2891417
265.5918,139.78503,-5.287283
265.63174,139.84659,-5.2857804
265.65692,139.88548,-5.2848635
265.66702,139.90114,-5.283981
265.66718,139.90135,-5.282727
265.66168,139.89282,-5.2811584
265.6531,139.87941,-5.2791705
265.6437,139.86464,-5.2771573
265.63104,139.84465,-5.2747536
265.61713,139.82259,-5.2721796
265.60352,139.8009,-5.269447
265.5909,139.78065,-5.2668066
265.57657,139.7575,-5.2641287
265.56125,139.7326,-5.2612576
265.5471,139.70944,-5.2582874
265.5341,139.68805,-5.255382
265.52057,139.66563,-5.252378
265.50546,139.64043,-5.249341
265.48663,139.60878,-5.2459745
265.4638,139.57016,-5.2423787
265.43842,139.52686,-5.2384696
265.41364,139.48416,-5.23461
265.38593,139.43599,-5.2298255
265.3612,139.39253,-5.2243476
265.3439,139.36172,-5.219654
265.3234,139.32483,-5.214235
265.3005,139.28311,-5.2074337
265.28537,139.25497,-5.200166
265.2856,139.2553,-5.192121
265.3046,139.29175,-5.183215
265.33954,139.3604,-5.1735024
265.3933,139.46855,-5.16339
265.4696,139.62607,-5.153996
265.5643,139.82634,-5.145555
265.67148,140.05797,-5.138748
265.78476,140.30725,-5.1333184
265.90274,140.57042,-5.1295614
266.02646,140.84946,-5.127276
266.15405,141.13928,-5.125513
266.28558,141.43933,-5.1236877
266.42142,141.7506,-5.122642
266.55862,142.06622,-5.121832
266.69888,142.38919,-5.121378
266.8433,142.7223,-5.121798
266.9897,143.05951,-5.1229115
267.13892,143.40208,-5.1248927
267.29083,143.74915,-5.1276207
267.45312,144.11754,-5.130449
267.63797,144.53427,-5.133567
267.84958,145.00749,-5.1367564
268.076,145.50876,-5.14007
268.3196,146.04346,-5.1435757
268.58344,146.61693,-5.147598
268.85757,147.20665,-5.151716
269.1486,147.82607,-5.155849
269.44962,148.45964,-5.160199
269.7553,149.09563,-5.165076
270.07074,149.74286,-5.171623
270.39432,150.39754,-5.1789203
270.73776,151.07849,-5.1875906
271.08557,151.75554,-5.196244
271.4424,152.43492,-5.2037487
271.8018,153.10674,-5.210814
272.17053,153.7844,-5.217663
272.56354,154.49477,-5.225199
272.97903,155.233,-5.2333183
273.41425,155.99228,-5.241108
273.86804,156.76978,-5.2483754
274.3384,157.56334,-5.25423
274.81015,158.34833,-5.257959
275.29175,159.14177,-5.260791
275.77628,159.93594,-5.2628627
276.24966,160.70738,-5.2637095
276.71555,161.46506,-5.263779
277.1831,162.22545,-5.263568
277.66388,163.00789,-5.2632565
278.1543,163.80653,-5.262936
278.65082,164.615,-5.2630396
279.1483,165.42453,-5.2641006
279.6461,166.23256,-5.2663164
280.14722,167.04239,-5.2693143
280.64624,167.84346,-5.272761
281.13376,168.62018,-5.2762628
281.62155,169.39162,-5.279455
282.10202,170.14615,-5.282329
282.5781,170.889,-5.2848587
283.05707,171.63194,-5.2876053
283.5311,172.363,-5.290534
284.02106,173.11382,-5.2937136
284.52582,173.88225,-5.2970996
285.03995,174.65921,-5.3003416
285.5542,175.43083,-5.303306
286.05933,176.18364,-5.306041
286.54233,176.89903,-5.308504
286.99924,177.57207,-5.3104997
287.46713,178.25923,-5.311912
287.94327,178.9555,-5.313904
288.4422,179.68254,-5.316478
288.95984,180.4327,-5.3196826
289.48047,181.18164,-5.3234606
290.01205,181.94101,-5.3270254
290.54132,182.69072,-5.3304152
291.0722,183.43666,-5.3345
291.59473,184.16476,-5.3394203
292.11646,184.88408,-5.3449464
292.6441,185.60382,-5.351033
293.17908,186.3245,-5.3573284
293.71866,187.04231,-5.3630223
294.24936,187.73918,-5.368185
294.78757,188.43938,-5.3724823
295.34006,189.15181,-5.376063
295.90414,189.87326,-5.3795347
296.47028,190.59204,-5.383164
297.04022,191.31026,-5.386804
297.6103,192.02296,-5.3907914
298.1812,192.7309,-5.3953414
298.7505,193.43053,-5.4001307
299.3228,194.12735,-5.404643
299.89468,194.81691,-5.4091334
300.46732,195.5013,-5.413575
301.02808,196.1654,-5.4176555
301.57547,196.8084,-5.421191
302.12006,197.4436,-5.424349
302.67648,198.08832,-5.427651
303.24768,198.74583,-5.4313183
303.8222,199.40234,-5.4351416
304.40536,200.0635,-5.4390864
305.0011,200.73369,-5.4432235
305.59818,201.3998,-5.4474053
306.18835,202.05264,-5.4513974
306.78217,202.7042,-5.455335
307.3849,203.3606,-5.4591856
307.98907,204.01344,-5.462851
308.60645,204.67566,-5.4664397
309.24094,205.35106,-5.470629
309.87946,206.02513,-5.475299
310.50983,206.68446,-5.4799156
311.137,207.33437,-5.484372
311.76215,207.97652,-5.488763
312.3946,208.62047,-5.4932275
313.03174,209.26355,-5.4976773
313.6746,209.90666,-5.501983
314.3263,210.55324,-5.505932
314.9857,211.20213,-5.5095654
315.65823,211.85902,-5.5132613
316.34384,212.52391,-5.5170684
317.035,213.1889,-5.5209813
317.72964,213.85179,-5.5252085
318.42676,214.51176,-5.5295515
319.12054,215.16286,-5.533696
319.81213,215.80641,-5.53763
320.50867,216.44937,-5.5417647
321.21002,217.09158,-5.546208
321.9113,217.72774,-5.5510297
322.61148,218.3567,-5.5564003
323.30817,218.97595,-5.562127
324.0035,219.587,-5.5679374
324.68265,220.17706,-5.5731726
325.3612,220.7605,-5.5776176
326.04044,221.33922,-5.5817127
326.7147,221.90892,-5.5854325
327.399,222.48267,-5.589047
328.09515,223.06194,-5.593154
328.8114,223.65285,-5.59818
329.5354,224.24432,-5.603715
330.26978,224.83751,-5.609537
331.01105,225.42937,-5.615347
331.75333,226.01457,-5.6213593
332.50168,226.59734,-5.6279073
333.25656,227.17773,-5.6345344
334.01505,227.75285,-5.6408753
334.78003,228.32504,-5.647349
335.54825,228.89188,-5.654306
336.3169,229.4509,-5.6614184
337.08835,230.00377,-5.6683507
337.86206,230.55008,-5.675098
338.642,231.09352,-5.6811914
339.42627,231.63226,-5.687071
340.21973,232.17056,-5.693286
341.01044,232.6996,-5.6998386
341.79797,233.21924,-5.706405
342.58414,233.73076,-5.7125235
343.379,234.24109,-5.718274
344.14795,234.72787,-5.7240973
344.93253,235.21892,-5.7296357
345.73087,235.71259,-5.7355123
346.53278,236.20172,-5.7413793
347.32187,236.67647,-5.746901
348.1042,237.14124,-5.752043
348.89014,237.60304,-5.7570233
349.67175,238.05669,-5.762289
350.44553,238.50037,-5.7677407
351.22913,238.94455,-5.7729607
352.0121,239.38277,-5.778103
352.79523,239.81575,-5.7830586
353.56934,240.23886,-5.7875776
354.342,240.65651,-5.791841
355.1103,241.06749,-5.79619
355.84213,241.45473,-5.8003654
356.57083,241.83658,-5.804129
357.247,242.18748,-5.8077173
357.90292,242.52495,-5.810993
358.56296,242.86201,-5.8142185
359.25977,243.2152,-5.8179812
359.96722,243.57008,-5.822775
360.6607,243.91386,-5.8278537
361.34167,244.24727,-5.832528
362.03027,244.58069,-5.8366475
362.7285,244.91518,-5.8404503
363.43808,245.25183,-5.8439145
364.16483,245.59348,-5.8472924
364.90616,245.93889,-5.850661
365.65234,246.2834,-5.853995
366.40604,246.6278,-5.858355
367.14575,246.96272,-5.862753
367.89044,247.29572,-5.866531
368.63724,247.62614,-5.8705044
369.37656,247.94978,-5.8745556
370.10767,248.2663,-5.87859
370.8422,248.58086,-5.882638
371.5923,248.89862,-5.886496
372.35657,249.21886,-5.8901725
373.1317,249.53989,-5.894494
373.9096,249.85805,-5.9000483
374.6841,250.17029,-5.905921
375.45657,250.47675,-5.9109235
376.21503,250.77289,-5.9152603
376.9702,251.06384,-5.919701
377.72772,251.35199,-5.9243264
378.48288,251.63542,-5.9286256
379.22775,251.91118,-5.9325304
379.94766,252.17456,-5.935921
380.6596,252.4319,-5.9396505
381.37708,252.68863,-5.943672
382.09018,252.9406,-5.9473224
382.79413,253.1866,-5.9502344
383.47992,253.42368,-5.952894
384.15866,253.65572,-5.9570556
384.84012,253.8856,-5.9633718
385.51297,254.1076,-5.972227
386.17886,254.32108,-5.983408
386.85562,254.53035,-5.99528
387.5343,254.73128,-6.007053
388.21277,254.9233,-6.019361
388.87515,255.10205,-6.032012
389.52536,255.26889,-6.0445056
390.15396,255.4216,-6.0569334
390.7712,255.56303,-6.0708437
391.3896,255.69545,-6.0880375
391.9945,255.81467,-6.107197
392.58707,255.91975,-6.1272736
393.17365,256.0116,-6.148576
393.7486,256.08868,-6.1721873
394.30795,256.15085,-6.196899
394.85947,256.19794,-6.223102
395.40652,256.23068,-6.2506905
395.94885,256.24835,-6.27813
396.48373,256.25067,-6.3061237
397.00375,256.23877,-6.3337607
397.50632,256.2134,-6.3597054
397.9902,256.1764,-6.3837156
398.4521,256.12927,-6.4076996
398.887,256.07483,-6.4309707
399.30234,256.01328,-6.451706
399.71524,255.94295,-6.4718204
400.13306,255.86354,-6.491201
400.55612,255.77469,-6.5085096
400.97986,255.67827,-6.5223074
401.4045,255.57605,-6.529646
401.83047,255.46983,-6.5304356
402.2585,255.36192,-6.5284967
402.67648,255.25755,-6.5251074
403.0844,255.15749,-6.5186796
403.4847,255.06197,-6.5087767
403.87863,254.97205,-6.4957438
404.26004,254.8898,-6.4814744
404.633,254.81488,-6.46708
404.99637,254.7475,-6.4520802
405.35297,254.68692,-6.4357476
405.68802,254.63634,-6.415563
406.00455,254.59427,-6.393113
406.29614,254.56252,-6.369776
406.58243,254.53821,-6.342274
406.88428,254.52066,-6.30984
407.1883,254.51295,-6.2739697
407.48065,254.5151,-6.240508
407.7535,254.52661,-6.211905
408.00507,254.5445,-6.186423
408.2489,254.5678,-6.1644554
408.49118,254.59663,-6.1447525
408.73453,254.631,-6.1220627
408.96713,254.66891,-6.0973425
409.1613,254.70561,-6.0743504
409.31232,254.73767,-6.054091
409.44202,254.7678,-6.0363536
409.56873,254.79967,-6.0203032
409.69458,254.83357,-6.0044656
409.8187,254.86897,-5.989869
409.94147,254.90596,-5.9778156
410.0631,254.94437,-5.9659963
410.1855,254.98456,-5.9533505
410.31018,255.02719,-5.941344
410.43344,255.07104,-5.9302993
410.55835,255.11696,-5.92014
410.69012,255.16699,-5.911694
410.8236,255.21889,-5.904911
410.95853,255.2725,-5.899307
411.09293,255.32677,-5.89398
411.22314,255.38016,-5.889072
411.3395,255.42854,-5.8839197
411.44437,255.47281,-5.8777957
411.54828,255.51749,-5.870209
411.6587,255.56595,-5.8606024
411.79105,255.62558,-5.8490586
411.95374,255.70111,-5.8361635
412.12878,255.78516,-5.8223963
412.32043,255.88042,-5.8068085
412.5144,255.98045,-5.7913246
412.71347,256.0871,-5.7760806
412.9196,256.20187,-5.7597904
413.1209,256.31824,-5.7409916
413.3078,256.43076,-5.722159
413.48032,256.53903,-5.704672
413.64175,256.64432,-5.689157
413.79376,256.7469,-5.674704
413.963,256.86456,-5.66156
414.17142,257.01373,-5.650318
414.40646,257.18604,-5.640167
414.66272,257.37775,-5.6315126
414.93622,257.58646,-5.6231174
415.21985,257.8066,-5.61422
415.51654,258.04068,-5.606842
415.85114,258.3086,-5.602085
416.2309,258.61594,-5.599053
416.62845,258.94006,-5.5966043
417.03433,259.2728,-5.5939755
417.4517,259.61667,-5.591037
417.87985,259.97125,-5.588721
418.3288,260.3444,-5.5882387
418.81094,260.74573,-5.5890083
419.3163,261.166,-5.5901446
419.84134,261.60153,-5.5920825
420.38074,262.04736,-5.594683
420.93115,262.49988,-5.5980906
421.49503,262.96054,-5.6019444
422.063,263.42133,-5.605199
422.64276,263.88782,-5.608821
423.25,264.37286,-5.6133003
423.8931,264.88187,-5.618439
424.56656,265.40967,-5.62382
425.2601,265.948,-5.6281276
425.967,266.49103,-5.631868
426.68298,267.03687,-5.635718
427.4319,267.6031,-5.640178
428.20544,268.1827,-5.6455874
428.99612,268.7687,-5.65133
429.78668,269.34732,-5.6572022
430.57516,269.91727,-5.662887
431.35727,270.47528,-5.669097
432.1377,271.0249,-5.6763678
432.92288,271.5697,-5.684501
433.7154,272.11057,-5.692899
434.51184,272.644,-5.701534
435.30432,273.1647,-5.710214
436.09723,273.67618,-5.7184305
436.88995,274.17783,-5.7272024
437.67703,274.66635,-5.7363024
438.46497,275.14627,-5.7446146
439.25806,275.62042,-5.7521577
440.06058,276.09207,-5.7594347
440.87415,276.56265,-5.7659726
441.69153,277.02774,-5.772169
442.49698,277.47888,-5.778326
443.30533,277.92548,-5.78456
444.12204,278.37027,-5.7910213
444.95078,278.81488,-5.797515
445.77982,279.25253,-5.8039346
446.61447,279.6862,-5.810397
447.45126,280.1141,-5.817222
448.28827,280.5349,-5.824252
449.1231,280.94717,-5.831354
449.96628,281.35657,-5.838328
450.83344,281.77048,-5.845507
451.70102,282.17627,-5.8535357
452.57074,282.57455,-5.8617926
453.45316,282.97055,-5.869938
454.34457,283.36194,-5.877736
455.22516,283.73947,-5.8853335
456.07736,284.09683,-5.8919015
456.8907,284.43106,-5.89769
457.68863,284.7542,-5.9033775
458.4872,285.07303,-5.909104
459.3199,285.40042,-5.9148607
460.17606,285.73114,-5.9208245
461.04422,286.06042,-5.926746
461.90323,286.38034,-5.9323454
462.7508,286.6905,-5.9373093
463.61108,287.00092,-5.9415774
464.48334,287.3113,-5.9455633
465.3546,287.61752,-5.9489245
466.2146,287.9162,-5.951516
467.06674,288.20938,-5.954072
467.92145,288.501,-5.9572806
468.7673,288.78662,-5.961089
469.607,289.0667,-5.9650693
470.45593,289.34622,-5.969263
471.3196,289.62665,-5.9738293
472.20044,289.90805,-5.979065
473.09985,290.19006,-5.985404
474.01617,290.47113,-5.992843
474.92212,290.7417,-6.0006437
475.80734,290.9988,-6.0073466
476.68863,291.24814,-6.013333
477.57364,291.493,-6.0192037
478.44608,291.72873,-6.0248885
479.32205,291.96014,-6.030283
480.2046,292.1882,-6.0359764
481.10428,292.4152,-6.0423503
482.01685,292.63953,-6.049122
482.93982,292.86005,-6.0553365
483.86343,293.0743,-6.0610404
484.78705,293.283,-6.0663958
485.6917,293.4817,-6.0719995
486.56714,293.6694,-6.076552
487.42926,293.8502,-6.0797358
488.2866,294.02722,-6.0821786
489.1508,294.20367,-6.0838223
490.02548,294.38055,-6.085085
490.89056,294.55408,-6.0864654
491.75363,294.72583,-6.088277
492.60117,294.89285,-6.0907774
493.4569,295.05942,-6.093721
494.33148,295.22684,-6.0977526
495.1999,295.39005,-6.101683
496.04538,295.54578,-6.1037183
496.88132,295.69794,-6.1035857
497.71756,295.84988,-6.102478
498.5494,296.00153,-6.1018233
499.37918,296.15332,-6.102176
500.19717,296.30304,-6.1028476
501.01337,296.45197,-6.1031456
501.82956,296.6006,-6.103179
502.63885,296.74774,-6.103327
503.46014,296.89664,-6.10446
504.30438,297.0491,-6.106454
505.1533,297.20087,-6.108485
505.99725,297.35016,-6.1097045
506.83926,297.49777,-6.1102896
507.6882,297.64618,-6.110559
508.5376,297.79453,-6.110284
509.3904,297.94357,-6.1095185
510.23315,298.09164,-6.108182
511.06537,298.23892,-6.106239
511.89023,298.38635,-6.104264
512.70447,298.5336,-6.1024
513.49927,298.67877,-6.1007013
514.29095,298.8248,-6.099268
515.0789,298.97128,-6.09811
515.85016,299.1161,-6.0963445
516.60754,299.25937,-6.094027
517.353,299.40228,-6.0913434
518.04926,299.53763,-6.088607
518.6583,299.65808,-6.085735
519.2285,299.7725,-6.082188
519.79315,299.88766,-6.077833
520.3769,300.00952,-6.072366
520.9683,300.13632,-6.065788
521.58777,300.27365,-6.05731
522.23566,300.42285,-6.0474453
522.9043,300.58374,-6.0365777
523.5999,300.7591,-6.0248756
524.31696,300.94864,-6.012708
525.0558,301.15356,-6.0001063
525.79,301.36716,-5.987548
526.5192,301.5891,-5.9752455
527.25464,301.8231,-5.962845
528.0078,302.07303,-5.950156
528.7768,302.33875,-5.9380164
529.5392,302.6127,-5.9267945
530.2935,302.89285,-5.9170976
531.04846,303.1817,-5.9093366
531.81635,303.48227,-5.9036202
532.59894,303.79388,-5.900148
533.3922,304.1134,-5.8977876
534.19794,304.4399,-5.8964233
535.0165,304.77298,-5.896174
535.8432,305.10977,-5.8966146
536.6892,305.45407,-5.8975115
537.5475,305.80243,-5.898834
538.4104,306.15146,-5.900361
539.2707,306.4978,-5.902024
540.12427,306.8399,-5.903581
540.9679,307.1766,-5.904701
541.8107,307.5118,-5.9055467
542.6626,307.84955,-5.9066863
543.53046,308.19263,-5.908148
544.3692,308.52283,-5.909547
545.2165,308.85522,-5.91057
546.06726,309.18768,-5.911473
546.92365,309.52173,-5.9121456
547.78143,309.85516,-5.9131336
548.6434,310.18933,-5.91481
549.508,310.52292,-5.9170365
550.3791,310.8568,-5.9197516
551.2609,311.1917,-5.923528
552.14404,311.52414,-5.927366
553.02313,311.8516,-5.929515
553.8965,312.17435,-5.930123
554.7566,312.4919,-5.929143
555.60864,312.80698,-5.927063
556.45264,313.12115,-5.9242644
557.2832,313.43295,-5.920714
558.1108,313.7471,-5.9163337
558.9492,314.06924,-5.911635
559.7798,314.3931,-5.9066806
560.58905,314.71332,-5.901039
561.38806,315.0345,-5.894888
562.17316,315.35565,-5.8886456
562.9341,315.67242,-5.882574
563.6795,315.98822,-5.876564
564.4156,316.3051,-5.870811
565.1534,316.62762,-5.86563
565.8942,316.9559,-5.8612847
566.63245,317.28693,-5.857947
567.3725,317.622,-5.855078
568.101,317.95468,-5.851939
568.81366,318.2825,-5.848805
569.5049,318.6034,-5.845502
570.1608,318.91068,-5.841521
570.77625,319.2019,-5.83706
571.3625,319.48267,-5.832036
571.9425,319.7635,-5.8271585
572.5065,320.0405,-5.8219066
573.0559,320.314,-5.815467
573.5932,320.58563,-5.808012
574.12,320.85693,-5.799736
574.63477,321.12723,-5.7911916
575.1412,321.39865,-5.782625
575.65216,321.67822,-5.7738085
576.1261,321.94284,-5.7657375
576.60626,322.2161,-5.757725
577.07825,322.48993,-5.749365
577.5286,322.7568,-5.7391415
577.9626,323.02002,-5.7259936
578.383,323.2825,-5.71032
578.79486,323.5486,-5.6923404
579.1963,323.81796,-5.6734934
579.5861,324.0907,-5.6535215
579.95105,324.35706,-5.6321635
580.2904,324.61557,-5.610603
580.6009,324.863,-5.5897665
580.89044,325.1039,-5.568518
581.16486,325.34222,-5.546552
581.423,325.57678,-5.5233493
581.66376,325.80627,-5.4976034
581.8837,326.02692,-5.469609
582.0842,326.2395,-5.4396772
582.26874,326.44675,-5.410008
582.44495,326.65695,-5.3810215
582.61084,326.86694,-5.3527846
582.7719,327.08203,-5.328134
582.9245,327.29688,-5.3092365
583.0687,327.5081,-5.296239
583.2057,327.7162,-5.2830267
583.3363,327.9199,-5.2675867
583.46234,328.12384,-5.249119
583.58496,328.33063,-5.226832
583.70416,328.54227,-5.200538
583.8228,328.76578,-5.172093
583.9441,329.0102,-5.143638
584.0657,329.276,-5.110915
584.1829,329.5563,-5.0710797
584.2915,329.84628,-5.0275855
584.38824,330.14243,-4.9844565
584.47455,330.44742,-4.947545
584.5496,330.7572,-4.918369
584.6151,331.0691,-4.8933253
584.67413,331.39236,-4.868144
584.7285,331.7381,-4.8418074
584.77637,332.10583,-4.8145304
584.8159,332.49103,-4.78662
584.8461,332.89493,-4.7586775
584.8665,333.31937,-4.733267
584.87744,333.7826,-4.7130647
584.8788,334.27292,-4.699152
584.87225,334.80804,-4.6887817
584.85895,335.37402,-4.6796293
584.8393,335.97195,-4.6703897
584.81354,336.57855,-4.6605015
584.7819,337.191,-4.650631
584.7436,337.80356,-4.6398916
584.6984,338.41354,-4.6259646
584.64606,339.0136,-4.6097107
584.5843,339.61707,-4.5939155
584.51245,340.22314,-4.5796294
584.43134,340.8328,-4.5665236
584.3411,341.44992,-4.5548787
584.24133,342.08185,-4.54512
584.13184,342.73203,-4.5366225
584.0123,343.4074,-4.52918
583.8828,344.10965,-4.523203
583.7435,344.83716,-4.5176973
583.59607,345.59076,-4.514305
583.441,346.36667,-4.513387
583.2813,347.16122,-4.514206
583.12054,347.96533,-4.517069
582.96185,348.76892,-4.52148
582.7974,349.62198,-4.527495
582.648,350.41855,-4.533241
582.4957,351.25858,-4.5388594
582.3458,352.11487,-4.545113
582.1997,352.98154,-4.5527034
582.0585,353.85913,-4.561485
581.9218,354.76144,-4.5723352
581.7932,355.6745,-4.585157
581.6768,356.59286,-4.6005945
581.5751,357.50424,-4.6182623
581.48773,358.42343,-4.635486
581.41565,359.35425,-4.6523986
581.3607,360.28058,-4.670597
581.3218,361.2069,-4.688983
581.3008,362.12424,-4.707407
581.29645,363.04385,-4.7260985
581.3094,363.96542,-4.7462635
581.34045,364.892,-4.7672706
581.3921,365.8434,-4.789182
581.46497,366.79993,-4.81311
581.56,367.74185,-4.8359594
581.67566,368.66022,-4.856625
581.8081,369.57254,-4.875283
581.9577,370.48953,-4.8915586
582.12396,371.4145,-4.9059687
582.30396,372.3337,-4.919699
582.49646,373.2466,-4.9334087
582.70087,374.15414,-4.9479394
582.9167,375.05118,-4.963146
583.14484,375.93982,-4.9785604
583.3862,376.8243,-4.9943466
583.64465,377.72018,-5.009546
583.9171,378.6118,-5.0242167
584.2026,379.49966,-5.037293
584.4973,380.37363,-5.0489154
584.79956,381.23572,-5.059939
585.11035,382.0927,-5.0709043
585.4292,382.94324,-5.0819473
585.7632,383.80798,-5.0932126
586.1122,384.68216,-5.1052833
586.4775,385.56662,-5.118016
586.85376,386.44403,-5.1307836
587.2382,387.30746,-5.1425595
587.62976,388.16046,-5.152658
588.0287,389.00793,-5.1609488
588.4382,389.86026,-5.1681166
588.8551,390.71155,-5.175258
589.2772,391.55722,-5.1823444
589.7058,392.40097,-5.1891003
590.1329,393.22653,-5.196004
590.5626,394.04318,-5.2034407
591.0044,394.87024,-5.2110796
591.46173,395.71146,-5.219112
591.92737,396.55234,-5.2263885
592.3983,397.3874,-5.231967
592.8661,398.20496,-5.2362456
593.336,399.0189,-5.2391887
593.80365,399.823,-5.2413535
594.27277,400.62534,-5.2434278
594.75287,401.44333,-5.2455144
595.23596,402.26202,-5.247551
595.7197,403.0778,-5.249661
596.2044,403.8917,-5.2515197
596.6819,404.6913,-5.251635
597.15283,405.4789,-5.2499404
597.61584,406.25662,-5.2466683
598.0741,407.03183,-5.2419257
598.5244,407.8013,-5.2366495
598.9783,408.58655,-5.23103
599.43066,409.37933,-5.225308
599.88104,410.17917,-5.219537
600.3341,410.99442,-5.2139244
600.78754,411.82043,-5.209365
601.2375,412.6493,-5.2060094
601.6782,413.46747,-5.2038503
602.1155,414.28415,-5.2022214
602.5551,415.10886,-5.200565
602.9928,415.93295,-5.19895
603.4275,416.75397,-5.1978536
603.8587,417.5702,-5.1979284
604.2846,418.3759,-5.1995068
604.7124,419.18292,-5.202075
605.1449,419.9944,-5.2050676
605.58325,420.81122,-5.2082267
606.03174,421.6412,-5.2113104
606.48926,422.4813,-5.214689
606.9421,423.30466,-5.2188005
607.39484,424.11935,-5.2239366
607.85394,424.93665,-5.230207
608.3185,425.75262,-5.2367167
608.79193,426.5707,-5.243715
609.2685,427.37912,-5.253167
609.74884,428.17615,-5.266312
610.23584,428.96164,-5.2825036
610.73645,429.74414,-5.298319
611.2595,430.53354,-5.3128743
611.77826,431.29025,-5.3267207
612.28925,432.0128,-5.3388567
612.79285,432.70688,-5.3501644
613.30493,433.39722,-5.36153
613.8321,434.09067,-5.374609
614.34125,434.74387,-5.387022
614.89154,435.4344,-5.3992615
615.4663,436.1383,-5.410079
616.06305,436.8519,-5.419382
616.6767,437.5712,-5.428343
617.2907,438.2771,-5.436894
617.9047,438.97015,-5.4452357
618.51556,439.6475,-5.4548087
619.1233,440.31036,-5.4639015
619.7265,440.95602,-5.4715624
620.3329,441.59528,-5.4784393
620.948,442.23468,-5.485183
621.55383,442.85583,-5.4918256
622.1668,443.47653,-5.497907
622.7915,444.1012,-5.503962
623.43005,444.732,-5.5104036
624.0871,445.37253,-5.51793
624.7622,446.02133,-5.52624
625.44324,446.66467,-5.5347877
626.11597,447.28912,-5.5429654
626.7865,447.9013,-5.5506067
627.45905,448.50583,-5.558651
628.13574,449.10446,-5.5677195
628.8255,449.70438,-5.576891
629.52057,450.29776,-5.5851927
630.2283,450.89252,-5.591773
630.92975,451.47342,-5.5968018
631.62604,452.04407,-5.600615
632.3225,452.6103,-5.603848
633.02856,453.18048,-5.6071568
633.7359,453.74817,-5.610183
634.4386,454.3081,-5.613029
635.146,454.8685,-5.6163344
635.8479,455.42078,-5.6201053
636.5456,455.96564,-5.6238647
637.2277,456.49423,-5.627347
637.89075,457.00452,-5.6302323
638.54846,457.5078,-5.6324134
639.1986,458.00296,-5.6340265
639.8413,458.4908,-5.635175
640.4819,458.97562,-5.6364183
641.1106,459.45062,-5.637413
641.7423,459.92703,-5.6375074
642.3877,460.41333,-5.6371837
643.02783,460.896,-5.636752
643.65247,461.36768,-5.6356406
644.27313,461.83685,-5.6345644
644.8785,462.2955,-5.634083
645.4675,462.74252,-5.633839
646.0096,463.1542,-5.633568
646.54517,463.56122,-5.6331925
647.0671,463.95822,-5.6323414
647.57153,464.34235,-5.6315417
648.0486,464.70618,-5.6311274
648.5045,465.0541,-5.6312094
648.9517,465.39536,-5.6317782
649.4091,465.74368,-5.6335
649.8759,466.09805,-5.63642
650.3402,466.44867,-5.63962
650.79376,466.7888,-5.642779
651.2337,467.1166,-5.6455092
651.6641,467.43585,-5.6469545
652.0859,467.7475,-5.6473145
652.4855,468.0424,-5.6470604
652.82153,468.29044,-5.6461525
653.102,468.49786,-5.644472
653.3487,468.68094,-5.6426163
653.5738,468.8486,-5.6411524
653.7833,469.00522,-5.640149
653.9694,469.14462,-5.6388383
654.13464,469.26874,-5.636908
654.2933,469.3884,-5.634635
654.4518,469.50854,-5.6321597
654.61053,469.62952,-5.6295786
654.76447,469.7474,-5.627013
654.9,469.85165,-5.625059
655.0111,469.93747,-5.6232038
655.111,470.01498,-5.6210737
655.19836,470.08304,-5.618892
655.2731,470.14154,-5.6166387
655.33966,470.19385,-5.615984
655.38434,470.22897,-5.6177893
655.39966,470.24097,-5.621775
655.39154,470.23465,-5.626233
655.3811,470.22662,-5.6307077
655.38965,470.2332,-5.635125
655.40875,470.24762,-5.6398983
655.4098,470.24832,-5.6471376
655.38763,470.2319,-5.657406
655.3447,470.20087,-5.6704454
655.282,470.1567,-5.6855087
655.19867,470.09995,-5.7023907
655.0951,470.03183,-5.7201915
654.9765,469.95685,-5.7374935
654.8462,469.87778,-5.756373
654.72534,469.80786,-5.777646
654.61487,469.74667,-5.7996817
654.49286,469.68222,-5.8187013
654.3532,469.61227,-5.8376436
654.2133,469.54538,-5.8555355
654.0647,469.47754,-5.872815
653.9109,469.41055,-5.889244
653.7518,469.34442,-5.906004
653.59406,469.28195,-5.9222555
653.43695,469.2227,-5.9387655
653.27875,469.16586,-5.954815
653.1133,469.10944,-5.970949
652.9441,469.05484,-5.987885
652.7767,469.00388,-6.0040627
652.6055,468.9548,-6.020087
652.4323,468.9081,-6.035534
652.26105,468.8649,-6.050728
652.1029,468.82767,-6.066644
651.9692,468.79843,-6.082068
651.8357,468.7714,-6.1015167
651.70624,468.74774,-6.123605
651.58575,468.72836,-6.145604
651.46594,468.7118,-6.167881
651.34015,468.69714,-6.1901946
651.2042,468.68448,-6.213445
651.07104,468.67523,-6.2369037
650.95526,468.66968,-6.254691
650.8508,468.66653,-6.264759
650.73926,468.66437,-6.272236
650.6242,468.6631,-6.278574
650.50574,468.66254,-6.2854285
650.38727,468.6628,-6.292639
650.25745,468.66412,-6.303117
650.11743,468.66693,-6.3162594
649.9733,468.67172,-6.3305025
649.8211,468.6788,-6.344963
649.6549,468.6891,-6.3611093
649.489,468.70203,-6.376996
649.3181,468.71808,-6.393092
649.1433,468.73734,-6.409273
648.96857,468.75955,-6.4259486
648.7972,468.78415,-6.4422994
648.6231,468.81204,-6.458629
648.447,468.84323,-6.4748983
648.27155,468.8773,-6.4908967
648.0953,468.91443,-6.507041
647.9181,468.9548,-6.523636
647.74414,468.99744,-6.5397854
647.5701,469.0431,-6.5560126
647.3957,469.0919,-6.5725036
647.2242,469.14294,-6.5884624
647.05206,469.19717,-6.6046915
646.8834,469.2534,-6.620812
646.7145,469.31265,-6.6369796
646.5464,469.37476,-6.6529617
646.3808,469.43896,-6.6690364
646.2172,469.5054,-6.6850824
646.05646,469.57373,-6.700749
645.8977,469.64417,-6.7161975
645.7471,469.71368,-6.729084
645.6015,469.7831,-6.7389927
645.46124,469.8518,-6.7461658
645.32635,469.91916,-6.752448
645.1992,469.98373,-6.7584653
645.07495,470.04782,-6.766414
644.95557,470.11084,-6.779176
644.8405,470.1734,-6.7986603
644.72504,470.23886,-6.821695
644.6046,470.31082,-6.8464055
644.4886,470.3842,-6.872203
644.39496,470.44702,-6.8974156
644.3299,470.49313,-6.921627
644.2835,470.52765,-6.9458466
644.24915,470.5546,-6.9706964
644.23065,470.56985,-6.994543
644.23096,470.5697,-7.016332
644.2487,470.55383,-7.03625
644.2816,470.52304,-7.0563087
644.3325,470.47345,-7.075841
644.39874,470.40634,-7.0931263
644.47253,470.32892,-7.1070776
644.5536,470.2416,-7.116166
644.6421,470.14478,-7.116546
644.7376,470.04013,-7.107622
644.8544,469.91428,-7.089768
644.9947,469.76794,-7.066853
645.1542,469.6091,-7.041331
645.3251,469.44724,-7.0145936
645.51764,469.27393,-6.9882483
645.7753,469.0535,-6.9624596
646.1086,468.7839,-6.9359827
646.49475,468.48813,-6.9092402
646.91376,468.1852,-6.8821645
647.3598,467.87973,-6.8566866
647.8258,467.57834,-6.833445
648.3131,467.27838,-6.812765
648.83405,466.97238,-6.7953844
649.40234,466.6517,-6.7813845
650.03,466.3103,-6.768451
650.7011,465.95718,-6.754036
651.385,465.60953,-6.738063
652.0663,465.27652,-6.721029
652.74335,464.95923,-6.7041507
653.4117,464.65988,-6.6877832
654.068,464.37805,-6.672922
654.6972,464.1189,-6.6606345
655.2904,463.88324,-6.6501164
655.89264,463.65128,-6.6408606
656.5124,463.41953,-6.633084
657.1545,463.1846,-6.6270185
657.8361,462.9396,-6.624089
658.5587,462.6827,-6.6236596
659.3181,462.41333,-6.624603
660.0848,462.141,-6.6258163
660.8542,461.8665,-6.627024
661.6214,461.59186,-6.6281366
662.3869,461.31665,-6.629438
663.1593,461.03793,-6.630977
663.9476,460.75195,-6.632931
664.7544,460.4575,-6.635493
665.5804,460.15372,-6.6385245
666.4138,459.8443,-6.6419697
667.2676,459.52408,-6.6457615
668.1247,459.1992,-6.649219
668.965,458.87738,-6.651739
669.8015,458.5545,-6.6535025
670.6443,458.22705,-6.6556773
671.49005,457.89566,-6.659858
672.3388,457.55936,-6.6661167
673.1977,457.2129,-6.674087
674.0632,456.85648,-6.6825666
674.93353,456.4896,-6.690422
675.8068,456.1134,-6.6972437
676.6811,455.72937,-6.703431
677.5494,455.34125,-6.709631
678.4175,454.9473,-6.715263
679.2869,454.54666,-6.7201495
680.155,454.14136,-6.7246165
681.02515,453.73026,-6.728898
681.89355,453.31534,-6.7332153
682.7625,452.89572,-6.7373343
683.62115,452.47607,-6.741935
684.469,452.05728,-6.746872
685.315,451.63443,-6.751475
686.15576,451.20923,-6.75574
686.9922,450.78146,-6.760148
687.82605,450.34995,-6.7656727
688.6671,449.9098,-6.7713532
689.51086,449.46216,-6.7761726
690.3523,449.0105,-6.7800736
691.1838,448.55966,-6.7833943
692.01385,448.10605,-6.7863545
692.84357,447.64935,-6.7892227
693.66974,447.1915,-6.792084
694.4866,446.73563,-6.7950773
695.28973,446.2842,-6.7982
696.0796,445.83713,-6.801293
696.8585,445.39334,-6.803857
697.63116,444.9506,-6.8055587
698.39716,444.50983,-6.8064833
699.1455,444.0783,-6.8066936
699.9004,443.64236,-6.8069406
700.6637,443.2013,-6.807779
701.43677,442.7537,-6.8092723
702.2174,442.30032,-6.811181
703.0002,441.8437,-6.8133597
703.7749,441.3898,-6.8152785
704.5359,440.94196,-6.8165536
705.2839,440.50024,-6.8175616
706.0325,440.05728,-6.8184705
706.7875,439.60944,-6.8195357
707.5393,439.1624,-6.820856
708.28613,438.71698,-6.8224277
709.0147,438.2809,-6.824118
709.7357,437.84772,-6.825844
710.4502,437.41687,-6.8275714
711.18085,436.97473,-6.8289723
711.9098,436.5321,-6.830185
712.6329,436.09155,-6.8316784
713.3375,435.66116,-6.8329816
713.9918,435.2605,-6.832934
714.5809,434.89948,-6.8314776
715.15344,434.54968,-6.829535
715.73706,434.19455,-6.8281345
716.33386,433.83237,-6.827906
716.94714,433.4604,-6.8290243
717.5722,433.08047,-6.831106
718.2178,432.6863,-6.833913
718.8475,432.29947,-6.8371706
719.4711,431.914,-6.8398194
720.1163,431.51294,-6.8415165
720.8073,431.0814,-6.8430014
721.5141,430.63876,-6.844284
722.238,430.18393,-6.845269
722.963,429.72763,-6.845706
723.6679,429.2834,-6.845249
724.377,428.8364,-6.8449793
725.11084,428.37354,-6.8469715
725.8573,427.9011,-6.8512034
726.60016,427.4266,-6.856762
727.3468,426.94424,-6.8628244
728.0959,426.45407,-6.8687525
728.84015,425.96082,-6.8740816
729.6101,425.44467,-6.8791113
730.39716,424.91107,-6.8847647
731.1944,424.36374,-6.891089
732.00574,423.79984,-6.8974233
732.79663,423.2418,-6.903674
733.5941,422.67212,-6.9094553
734.3601,422.11752,-6.9152484
735.12726,421.55646,-6.919337
735.896,420.98883,-6.9229417
736.65875,420.4209,-6.9268255
737.4148,419.85364,-6.930782
738.16547,419.28583,-6.934516
738.917,418.7131,-6.9380207
739.66406,418.13928,-6.941664
740.40533,417.5657,-6.945499
741.1486,416.98627,-6.949135
741.8889,416.40454,-6.952811
742.62305,415.8231,-6.9568257
743.35004,415.24265,-6.9610653
744.0755,414.65833,-6.965597
744.80426,414.0661,-6.9704823
745.53,413.47067,-6.9751844
746.2492,412.8753,-6.9786925
746.9648,412.27856,-6.98081
747.66437,411.69235,-6.9818625
748.34015,411.12463,-6.982001
749.0043,410.56635,-6.981689
749.65027,410.02402,-6.980832
750.2802,409.49597,-6.9788666
750.8624,409.0094,-6.9762783
751.43994,408.52963,-6.9729924
752.04224,408.0327,-6.9701023
752.6577,407.5274,-6.9685054
753.26324,407.03192,-6.968187
753.8847,406.5237,-6.9690514
754.51306,406.0093,-6.970951
755.1286,405.50354,-6.973099
755.722,405.01382,-6.9751596
756.30597,404.5298,-6.9771805
756.91235,404.02496,-6.979913
757.5132,403.5222,-6.983221
758.1052,403.02325,-6.9866824
758.72284,402.4993,-6.99064
759.36993,401.94617,-6.9948764
760.049,401.36087,-6.9989576
760.7411,400.75946,-7.0025244
761.43976,400.14697,-7.0065894
762.1348,399.53275,-7.0117083
762.815,398.92612,-7.0166554
763.48584,398.32074,-7.022257
764.15466,397.71057,-7.0293474
764.80853,397.10596,-7.037039
765.4592,396.49515,-7.04466
766.1098,395.87506,-7.0521717
766.75525,395.25043,-7.059728
767.4036,394.6143,-7.066285
768.05133,393.9703,-7.0712104
768.69135,393.32724,-7.075043
769.31146,392.69922,-7.078051
769.9251,392.07407,-7.0803614
770.5399,391.44424,-7.082963
771.15796,390.8081,-7.0860248
771.7666,390.177,-7.0902143
772.3606,389.5564,-7.095216
772.94336,388.94196,-7.0996833
773.5349,388.313,-7.1032495
774.12775,387.67773,-7.106378
774.6919,387.06897,-7.109288
775.2354,386.47916,-7.1118484
775.7783,385.88675,-7.114797
776.3249,385.28705,-7.1183863
776.8754,384.67828,-7.1229706
777.43115,384.0584,-7.128463
777.98364,383.43536,-7.134276
778.5379,382.80383,-7.139257
779.09515,382.16214,-7.143257
779.6487,381.5193,-7.14665
780.17926,380.8985,-7.1497545
780.6949,380.29135,-7.152757
781.20624,379.6854,-7.1562557
781.7077,379.08582,-7.16189
782.19855,378.49307,-7.1693816
782.67615,377.90707,-7.178389
783.1434,377.32437,-7.187499
783.6095,376.73236,-7.195473
784.0698,376.13818,-7.2019167
784.52124,375.5472,-7.2070475
784.96844,374.95547,-7.2114744
785.4204,374.35214,-7.2150874
785.8774,373.73746,-7.2177935
786.32526,373.13098,-7.220253
786.76245,372.53586,-7.222791
787.2021,371.934,-7.225943
787.62933,371.3448,-7.2303443
788.01404,370.80844,-7.23697
788.3711,370.3054,-7.243682
788.7431,369.7752,-7.2478523
789.15393,369.1841,-7.2501173
789.5972,368.54205,-7.2520638
790.04266,367.89368,-7.2541423
790.44495,367.30475,-7.2561727
790.85254,366.70633,-7.257935
791.2756,366.08176,-7.2612967
791.7309,365.40567,-7.2661524
792.20886,364.68912,-7.2714267
792.6971,363.94846,-7.276551
793.1856,363.19894,-7.2814145
793.6689,362.44928,-7.286005
794.14685,361.70007,-7.2906494
794.61383,360.9603,-7.2956257
795.0773,360.2184,-7.3006206
795.5366,359.475,-7.3054204
796.00446,358.7098,-7.310088
796.4837,357.9179,-7.3146415
796.96826,357.10895,-7.3187766
797.4633,356.27505,-7.322181
797.95905,355.4335,-7.3246493
798.44727,354.5985,-7.326824
798.9347,353.7611,-7.3290076
799.42676,352.91144,-7.331619
799.9241,352.04785,-7.3347263
800.42444,351.1723,-7.3385825
800.92834,350.2835,-7.3425517
801.42255,349.403,-7.346158
801.908,348.52924,-7.3501177
802.3852,347.66223,-7.3553224
802.85486,346.80026,-7.3604064
803.317,345.94156,-7.364353
803.77386,345.08438,-7.3676286
804.2276,344.2261,-7.3707895
804.6746,343.37384,-7.3739595
805.11755,342.52258,-7.377446
805.54083,341.7012,-7.3817325
805.93866,340.9214,-7.386278
806.3281,340.1495,-7.391217
806.7092,339.38455,-7.3973255
807.08923,338.61026,-7.404759
807.47174,337.81644,-7.413262
807.8555,337.00336,-7.421907
808.24054,336.16922,-7.430091
808.6204,335.32858,-7.4371824
808.9937,334.48532,-7.4438186
809.3585,333.6456,-7.4508824
809.7139,332.8133,-7.457311
810.0613,331.98605,-7.4616914
810.39856,331.17175,-7.464247
810.72876,330.36868,-7.4654965
811.05084,329.58234,-7.465721
811.3634,328.81894,-7.4649324
811.66956,328.07257,-7.4634304
811.9704,327.34195,-7.461609
812.2677,326.6235,-7.4596877
812.56415,325.91074,-7.457955
812.85974,325.20364,-7.456378
813.1543,324.50195,-7.455078
813.44946,323.80237,-7.4533715
813.74756,323.09845,-7.4514003
814.04706,322.39465,-7.4499645
814.3462,321.6947,-7.448967
814.6479,320.99112,-7.447898
814.94745,320.29422,-7.446887
815.247,319.5989,-7.4463897
815.5501,318.89624,-7.446697
815.8549,318.18903,-7.447868
816.1582,317.48392,-7.449194
816.4597,316.78006,-7.4505086
816.7623,316.07117,-7.4519596
817.0669,315.35464,-7.4536347
817.3731,314.6309,-7.455697
817.67944,313.90262,-7.4581966
817.9842,313.173,-7.4609933
818.28625,312.4444,-7.463906
818.5897,311.70663,-7.466628
818.8992,310.94873,-7.468817
819.2145,310.17157,-7.470362
819.53424,309.38074,-7.4707084
819.8446,308.6115,-7.470004
820.1568,307.83862,-7.4690948
820.4712,307.06207,-7.468742
820.7925,306.2696,-7.4687953
821.1214,305.45822,-7.469142
821.44946,304.6486,-7.4693894
821.7805,303.83038,-7.4696655
822.11163,303.01105,-7.4706097
822.4496,302.1732,-7.4719887
822.78864,301.32877,-7.4738207
823.13354,300.46564,-7.4759383
823.4821,299.58832,-7.47808
823.82855,298.71115,-7.479726
824.1749,297.8296,-7.4808745
824.523,296.9403,-7.482048
824.8721,296.04507,-7.4837356
825.2212,295.14557,-7.4858594
825.5682,294.24603,-7.488107
825.9134,293.34488,-7.490405
826.2608,292.43326,-7.492067
826.6113,291.5084,-7.492966
826.9622,290.57968,-7.493389
827.309,289.65982,-7.4936323
827.65094,288.75266,-7.4933767
827.992,287.84933,-7.491895
828.33044,286.95694,-7.4890037
828.6712,286.06558,-7.485134
829.0186,285.1668,-7.4811945
829.3658,284.279,-7.4774547
829.71106,283.4049,-7.473792
830.0543,282.54495,-7.470613
830.4042,281.67657,-7.4683323
830.7539,280.81436,-7.4671545
831.10645,279.94775,-7.4669824
831.46326,279.07263,-7.467364
831.822,278.19125,-7.4680047
832.18353,277.3012,-7.469272
832.5452,276.4072,-7.4715314
832.9076,275.50568,-7.4747744
833.26746,274.60233,-7.4786677
833.6247,273.69577,-7.4826303
833.9772,272.7906,-7.486621
834.3211,271.8965,-7.4905257
834.65594,271.016,-7.494121
834.9849,270.14102,-7.4977093
835.31,269.26715,-7.50158
835.6359,268.38095,-7.505724
835.9616,267.4833,-7.510554
836.28314,266.5849,-7.515328
836.5963,265.69577,-7.519646
836.9058,264.80554,-7.523322
837.2097,263.9196,-7.5269423
837.5096,263.03583,-7.5304823
