predicted_x,predicted_y,predicted_theta
0.0022600614,1.0553768,1.5770265
-0.00015966801,1.447223,1.5825267
-0.0044204006,1.8201941,1.5877953
-0.010733414,2.1955822,1.592312
-0.01886286,2.575447,1.5961547
-0.028630162,2.9597437,1.5997766
-0.039945442,3.3484712,1.6034224
-0.052687146,3.739081,1.6070756
-0.06696975,4.1312037,1.6108867
-0.08278488,4.5258284,1.6146502
-0.10026477,4.924266,1.6182419
-0.1200237,5.337991,1.6219028
-0.1430278,5.7833133,1.6257235
-0.16890123,6.2523055,1.6292503
-0.19541822,6.710089,1.6318216
-0.22259244,7.1565795,1.6340859
-0.25048077,7.597835,1.6359482
-0.2798421,8.049252,1.6372517
-0.3131014,8.548357,1.6376345
-0.34932816,9.089424,1.6369855
-0.38716888,9.660294,1.6358734
-0.4258065,10.25531,1.6340657
-0.46427113,10.864017,1.6316109
-0.5024608,11.491559,1.6288481
-0.53983086,12.133904,1.6261232
-0.5769539,12.803102,1.6235842
-0.6140641,13.506098,1.6211404
-0.6507045,14.238314,1.6181841
-0.68653035,15.006221,1.6136106
-0.7216806,15.8169,1.609068
-0.75397646,16.6447,1.6062083
-0.78360254,17.4829,1.603888
-0.81194293,18.328907,1.6020693
-0.8388981,19.193073,1.6004193
-0.8647276,20.067516,1.5984385
-0.88898355,20.945646,1.596275
-0.9113814,21.82608,1.5939944
-0.9317804,22.704296,1.5917084
-0.9502912,23.58454,1.5896345
-0.9667188,24.458088,1.5876552
-0.9814907,25.333265,1.5856962
-0.9944679,26.205273,1.5837283
-1.0057206,27.087059,1.5814289
-1.0150628,27.985691,1.5784261
-1.0218982,28.899805,1.574759
-1.025401,29.817848,1.5705822
-1.0250239,30.737017,1.5659074
-1.0204631,31.661118,1.5609013
-1.0113342,32.592747,1.5558813
-0.9976372,33.531006,1.5513521
-0.9793311,34.478363,1.5471816
-0.9568424,35.425392,1.5428349
-0.9302679,36.364307,1.5379212
-0.8995289,37.290962,1.5325294
-0.86354786,38.22365,1.526454
-0.82171273,39.163307,1.5195482
-0.7734695,40.108486,1.5126565
-0.71830076,41.05986,1.5061971
-0.6564821,42.013233,1.4995416
-0.58831656,42.970394,1.4928612
-0.5136406,43.93119,1.4868387
-0.43294334,44.885105,1.4805238
-0.34771848,45.826443,1.4740345
-0.25725275,46.76433,1.4687587
-0.16041599,47.712845,1.4644625
-0.058450885,48.6693,1.4604489
0.0478522,49.626724,1.4560727
0.15744911,50.57521,1.4510435
0.26998922,51.5088,1.4456383
0.3876759,52.445423,1.4403876
0.509787,53.376305,1.4352896
0.6349887,54.29406,1.4302601
0.76531565,55.211384,1.4243125
0.90098095,56.13198,1.417971
1.043015,57.055424,1.4120575
1.1912838,57.983067,1.4066697
1.3447247,58.9099,1.4015745
1.5046582,59.84724,1.3967302
1.6700109,60.788338,1.3920952
1.8395754,61.726406,1.3873708
2.0134375,62.663647,1.382581
2.19066,63.594555,1.3780448
2.3708818,64.51756,1.3736706
2.5542789,65.43737,1.3698806
2.7403698,66.35232,1.3669349
2.9255362,67.24764,1.3644001
3.111224,68.132935,1.3615183
3.2978518,69.01083,1.3581016
3.487204,69.88701,1.3543024
3.6801286,70.76384,1.3502165
3.874433,71.629364,1.3457278
4.0694656,72.480804,1.3410678
4.2632985,73.309395,1.3366209
4.4553323,74.11408,1.3325751
4.6450696,74.89514,1.3289249
4.8298745,75.643486,1.3254926
5.011863,76.37012,1.322191
5.189478,77.069695,1.3191282
5.360269,77.73384,1.3164581
-2.635969,95.31502,1.6275327
-2.6728852,95.96701,1.6263357
-2.7067704,96.57571,1.6248468
-2.7386189,97.16423,1.6234314
-2.768069,97.721725,1.6222794
-2.7948694,98.24054,1.6214762
-2.8198771,98.73364,1.620752
-2.8440619,99.21695,1.6200607
-2.8677304,99.69893,1.6190879
-2.8900213,100.17123,1.6161219
-2.910357,100.62757,1.6108109
-2.9274817,101.0616,1.6040306
-2.9408712,101.469406,1.5965241
-2.9506996,101.84676,1.589842
-2.9577022,102.1917,1.586354
-2.9628649,102.507835,1.5861752
-2.9675324,102.802734,1.5880696
-2.9723263,103.08069,1.590756
-2.977495,103.33887,1.5939413
-2.9829338,103.57354,1.5977976
-2.9887054,103.78799,1.602369
-2.9952683,103.997986,1.6066271
-3.002175,104.205414,1.6060808
-3.0094543,104.41824,1.6002609
-3.0159588,104.65624,1.5870602
-3.0198321,104.911674,1.567048
-3.0180159,105.16488,1.5392025
-3.009972,105.42942,1.5072803
-2.9906318,105.74613,1.4771733
-2.958124,106.08195,1.4438717
-2.9168227,106.39773,1.4023482
-2.8667212,106.694466,1.3600568
-2.8042305,106.9894,1.3230021
-2.7264624,107.300316,1.2919658
-2.636792,107.613014,1.2636297
-2.54422,107.90172,1.2315285
-2.446695,108.17629,1.1929663
-2.3403869,108.44398,1.1516727
-2.2228804,108.70732,1.1088963
-2.097641,108.959076,1.0667713
-1.9598757,109.210075,1.0279292
-1.7961435,109.48211,0.99135715
-1.6080763,109.76866,0.9518525
-1.3903757,110.07445,0.9077888
-1.1351626,110.402756,0.8652932
-0.84699816,110.742645,0.82844764
-0.52825266,111.09213,0.7986211
-0.18676987,111.443184,0.773128
0.16540813,111.78614,0.7465666
0.5316816,112.12477,0.71764815
0.90581125,112.45146,0.6886693
1.2919639,112.770836,0.6638055
1.6903015,113.08298,0.64326763
2.095237,113.3867,0.62427294
2.5085173,113.6842,0.6048552
2.9404595,113.98524,0.5910244
3.392473,114.28984,0.58455545
3.8685288,114.60468,0.5793728
4.3624363,114.928406,0.5750014
4.873339,115.2599,0.57228994
5.3940706,115.59564,0.57074505
5.9084487,115.92563,0.5690642
6.4365797,116.26298,0.56592613
6.9735074,116.60397,0.5619963
7.5248227,116.95112,0.5578026
8.088807,117.30291,0.5533098
8.658161,117.65448,0.5484436
9.24023,118.009964,0.54302067
9.835883,118.36947,0.53726184
10.44208,118.73051,0.53123504
11.051167,119.0884,0.52510065
11.660669,119.44166,0.51928484
12.268889,119.78929,0.5136251
12.874432,120.13103,0.50827867
13.479407,120.4681,0.50326055
14.080876,120.7994,0.4987105
14.684934,121.12849,0.4946155
15.292821,121.45653,0.4910231
15.909237,121.786194,0.48776126
16.535828,122.118614,0.48456153
17.166197,122.450455,0.48137432
17.800518,122.781685,0.477946
18.43629,123.11091,0.4741497
19.070496,123.43642,0.47031888
19.701895,123.757515,0.46684986
20.324867,124.07132,0.463326
20.93865,124.377945,0.45982718
21.538288,124.67478,0.4564341
22.130901,124.96584,0.45337486
22.719204,125.25253,0.45074308
23.30815,125.53765,0.44843256
23.898031,125.82149,0.44627437
24.485199,126.10254,0.44444707
25.070692,126.38146,0.44304946
25.66073,126.66136,0.4415795
26.258108,126.94366,0.43969423
26.86072,127.22723,0.4378475
27.463375,127.50928,0.43594345
28.05957,127.786995,0.4339281
44.33478,110.529655,-0.050305355
44.983482,110.49665,-0.055926543
45.611755,110.461426,-0.06258132
46.231903,110.422646,-0.06904571
46.84835,110.37991,-0.07561279
47.449455,110.333885,-0.08346376
48.045536,110.2835,-0.09340914
48.639374,110.22803,-0.103744276
49.231647,110.16606,-0.11460392
49.815987,110.09835,-0.12702604
50.38815,110.02487,-0.14109972
50.95334,109.94443,-0.15621652
51.515636,109.856316,-0.17034449
52.085815,109.7594,-0.18052462
52.66672,109.65391,-0.18721917
53.245552,109.54452,-0.19223085
53.824135,109.43202,-0.19647333
54.3968,109.318,-0.20058289
54.974163,109.20064,-0.20472476
55.55521,109.0799,-0.20907001
56.14101,108.95537,-0.2142372
56.725025,108.82847,-0.21931277
57.308563,108.69881,-0.22304647
57.89728,108.565346,-0.22594225
58.49428,108.428116,-0.22870998
59.095963,108.28826,-0.23095053
59.698547,108.14665,-0.2326492
60.299637,108.00407,-0.23464367
60.901463,107.86009,-0.23720366
61.499382,107.715576,-0.23983908
62.09029,107.57094,-0.24268143
62.68466,107.42418,-0.24473567
63.28738,107.27401,-0.24534008
63.895485,107.12194,-0.24493991
64.50341,106.97028,-0.24349798
65.10754,106.820366,-0.2411653
65.70785,106.672966,-0.23796332
66.30401,106.52856,-0.23391518
66.902855,106.3858,-0.2297119
67.50952,106.24353,-0.22659059
68.13649,106.09874,-0.22452065
68.76896,105.954346,-0.2226004
69.4076,105.80975,-0.2206765
70.05403,105.665565,-0.21672359
70.70506,105.521225,-0.21386302
71.356514,105.37926,-0.21351857
72.01227,105.23711,-0.2137533
72.669464,105.09458,-0.21356116
73.32689,104.95167,-0.21396405
73.99292,104.80683,-0.2150242
74.67038,104.65864,-0.2165746
75.361694,104.5064,-0.21852843
76.064415,104.35025,-0.22068523
76.77105,104.19184,-0.22262998
77.47822,104.03181,-0.22427347
78.18539,103.870415,-0.22600117
78.89163,103.70794,-0.2280327
79.59164,103.545555,-0.23005758
80.292114,103.381485,-0.23206961
80.997,103.21495,-0.23398401
81.70138,103.04717,-0.23555464
82.39519,102.880646,-0.23700914
83.082275,102.71464,-0.23865266
83.76974,102.54753,-0.24007794
84.4647,102.377426,-0.24122682
85.15619,102.20735,-0.24219528
85.85193,102.035484,-0.24307422
86.550385,101.86222,-0.24402837
87.24686,101.68882,-0.24502021
87.94319,101.51477,-0.24586858
88.6345,101.341354,-0.24652512
89.31905,101.169106,-0.24714947
90.00572,100.99588,-0.2477361
90.686554,100.823715,-0.24819404
91.363106,100.65247,-0.24822403
92.02417,100.485,-0.24792603
92.68489,100.317665,-0.24788001
93.35244,100.148636,-0.24806191
94.01901,99.979774,-0.2483765
94.68985,99.80944,-0.24920252
95.36178,99.638245,-0.25066864
96.037575,99.46526,-0.25223228
96.71028,99.291885,-0.25370407
97.38062,99.11804,-0.2552997
98.04958,98.94347,-0.2569089
98.71685,98.7683,-0.2581997
99.38284,98.59235,-0.2595072
100.04642,98.41602,-0.26123434
100.70511,98.23992,-0.26321757
101.35899,98.06364,-0.26546833
102.00827,97.887215,-0.26765049
102.64822,97.7118,-0.26958337
103.28316,97.53629,-0.27167207
103.922806,97.35806,-0.27398357
104.56288,97.1782,-0.27621162
105.205215,96.995895,-0.27891257
105.84689,96.812065,-0.28206366
106.4911,96.62524,-0.28566566
107.131516,96.437065,-0.2896401
121.32921,101.93045,-0.17218243
122.00934,101.81204,-0.17629398
122.670296,101.6941,-0.1812918
123.31952,101.57495,-0.1869987
123.956184,101.45425,-0.19348747
124.59622,101.328865,-0.20033659
125.22465,101.20125,-0.20705508
125.84443,101.07082,-0.2143096
126.45893,100.937096,-0.22184116
127.06935,100.799416,-0.22928834
127.67117,100.65903,-0.23644227
128.26471,100.51623,-0.24280423
128.84651,100.372246,-0.24829681
129.42447,100.22554,-0.25395778
129.99538,100.07732,-0.25994474
130.55867,99.927925,-0.26476604
131.11601,99.77701,-0.26823512
131.6698,99.62498,-0.27081737
132.2212,99.47203,-0.272652
132.78421,99.314354,-0.27502614
133.35706,99.15254,-0.2784551
133.93416,98.98789,-0.28133836
134.5096,98.82191,-0.28278622
135.08282,98.655624,-0.28292394
135.65486,98.489784,-0.28134936
136.22923,98.32418,-0.2779203
136.82095,98.1553,-0.27388212
137.42497,97.985794,-0.26939645
138.02338,97.820175,-0.26562586
138.61012,97.65981,-0.26445398
139.19034,97.50268,-0.2645681
139.748,97.35172,-0.2643955
140.2962,97.20444,-0.2608625
140.84645,97.0584,-0.25295556
141.39964,96.91558,-0.24300344
141.94228,96.78168,-0.23115692
142.47514,96.65624,-0.21839762
143.0032,96.53922,-0.20520969
143.53094,96.4294,-0.19163367
144.0521,96.32831,-0.17813562
144.56793,96.235016,-0.16598329
145.07236,96.149826,-0.15695617
145.5721,96.07013,-0.15122896
146.06651,95.99423,-0.14851107
146.552,95.92137,-0.14768909
147.02968,95.85043,-0.1469686
147.50543,95.78003,-0.14594568
147.98048,95.71015,-0.1450545
148.45377,95.64109,-0.1440453
148.92596,95.57284,-0.14210905
149.40292,95.504776,-0.13904023
149.88824,95.43684,-0.13559365
150.383,95.3694,-0.13191676
150.88586,95.30266,-0.1281101
151.39624,95.236404,-0.12592779
151.90356,95.17132,-0.12756613
152.40807,95.10645,-0.13151278
152.90775,95.039825,-0.13752551
153.39807,94.97167,-0.14557973
153.87743,94.90119,-0.15481646
154.35461,94.82673,-0.16444826
154.83167,94.747314,-0.17492722
155.30315,94.664185,-0.18521175
155.77347,94.57585,-0.19576932
156.23868,94.48345,-0.20721018
156.70287,94.38618,-0.21789245
157.17656,94.281364,-0.22791488
157.6488,94.172066,-0.23699503
158.11504,94.06019,-0.24295224
158.57623,93.94632,-0.24565639
159.0311,93.832695,-0.24589215
159.47833,93.721,-0.24324913
159.9225,93.61119,-0.23792051
160.36818,93.50322,-0.23126648
160.8124,93.39852,-0.22469479
161.25574,93.297,-0.21900725
161.70012,93.19806,-0.21385059
162.14516,93.10128,-0.20921117
162.59258,93.006546,-0.20392734
163.04254,92.91342,-0.19829638
163.4957,92.822105,-0.19369869
163.9579,92.73119,-0.19045341
164.43384,92.63914,-0.1886624
164.9252,92.54472,-0.1893877
165.42906,92.44775,-0.19260868
165.94087,92.347565,-0.19780402
166.45357,92.24473,-0.20399483
166.9565,92.140495,-0.21083564
167.4459,92.03542,-0.21887872
167.92493,91.928696,-0.22796783
168.39455,91.819855,-0.23685552
168.85684,91.70841,-0.24477965
169.31433,91.59445,-0.2511556
169.77466,91.47688,-0.25499514
170.24089,91.355576,-0.25699136
170.70374,91.23405,-0.2581175
171.15443,91.11521,-0.25826576
171.59769,90.99815,-0.25769842
172.03853,90.88198,-0.25693437
179.29689,88.536804,-0.2953815
179.74702,88.399864,-0.29432434
180.17238,88.27102,-0.29272512
180.57951,88.1483,-0.29090625
180.97472,88.03001,-0.28898975
181.3633,87.91449,-0.28693414
181.74815,87.800865,-0.28509837
182.13206,87.68802,-0.28469452
182.51018,87.57756,-0.28430736
182.87251,87.47212,-0.28164107
183.20944,87.37536,-0.27485317
183.49908,87.294106,-0.2645664
183.73877,87.22965,-0.25115937
183.96632,87.171555,-0.23441602
184.22055,87.1109,-0.21494786
184.5008,87.049324,-0.19661315
184.79501,86.990875,-0.17850181
185.08386,86.9391,-0.15831816
185.37257,86.89347,-0.13452096
185.67337,86.85271,-0.10879487
185.98753,86.818855,-0.080231436
186.30588,86.79337,-0.04940828
186.62318,86.77791,-0.01723313
186.94243,86.77248,0.016220475
187.26208,86.77766,0.049816635
187.57439,86.79327,0.083046935
187.8761,86.81804,0.1139722
188.17642,86.851494,0.1390875
188.47786,86.89367,0.1611387
188.77899,86.94275,0.18383484
189.08347,86.99977,0.20935248
189.39934,87.06679,0.23655118
189.71652,87.14357,0.26506943
190.03296,87.22912,0.29302382
190.36412,87.32887,0.32049254
190.72006,87.446655,0.34760827
191.10814,87.58695,0.37450278
191.53856,87.75592,0.40221497
192.00052,87.951675,0.42837453
192.4967,88.17814,0.45412904
193.0272,88.43626,0.47846317
193.57315,88.71949,0.50187886
194.11267,89.01442,0.52251583
194.65208,89.32415,0.53934276
195.15143,89.62277,0.5533166
195.60425,89.90231,0.56593925
196.02815,90.170456,0.57517344
196.42622,90.42785,0.5804302
196.81256,90.6807,0.5831194
197.18999,90.92948,0.58429396
197.58482,91.19056,0.58498037
198.00134,91.46628,0.5847048
198.43867,91.75585,0.58411115
198.91508,92.07097,0.5836539
199.40848,92.3967,0.58269083
199.9087,92.726555,0.5819028
200.42365,93.06587,0.5825077
200.96573,93.42298,0.5835075
201.49937,93.77476,0.5830125
202.03493,94.12789,0.5818884
202.59607,94.49655,0.57907814
203.18245,94.87963,0.5738743
203.7733,95.261894,0.5683377
204.36772,95.64106,0.56233805
204.97289,96.02269,0.55596924
205.56969,96.39335,0.5496855
206.15283,96.75059,0.54365796
206.72165,97.09435,0.53798205
207.2876,97.43205,0.5324887
207.84714,97.762,0.52765876
208.40501,98.0875,0.5240989
208.95746,98.40704,0.5216476
209.53795,98.74073,0.5195891
210.05391,99.03589,0.5178902
210.59526,99.34428,0.51603305
211.14699,99.657166,0.5138237
211.72194,99.981575,0.5111043
212.31393,100.31355,0.5080817
212.93149,100.65739,0.5047667
213.56758,101.00875,0.50107753
214.21281,101.362045,0.49700937
214.84775,101.70639,0.492759
215.47942,102.04559,0.48855525
216.11171,102.38163,0.48431325
216.73819,102.71129,0.4801878
217.34416,103.027,0.47652543
217.93526,103.33218,0.47329924
218.53166,103.6376,0.47015253
219.1604,103.95708,0.46666804
219.80647,104.282585,0.46298334
220.4483,104.603096,0.4596318
221.06116,104.90643,0.45663697
221.56557,105.15427,0.45440286
222.02222,105.3777,0.45350245
222.45108,105.586945,0.45403874
222.86139,105.787315,0.45557797
223.24542,105.97552,0.45780328
223.60564,106.153015,0.46072236
223.93349,106.31575,0.4641789
210.71474,139.2776,1.8489336
210.61977,139.6104,1.855884
210.5331,139.90614,1.8628613
210.44789,140.18959,1.8700612
210.36052,140.47275,1.8774835
210.26907,140.7614,1.8850061
210.17415,141.05347,1.892484
210.07796,141.34216,1.8998578
209.9809,141.62665,1.9069995
209.88765,141.89381,1.9133109
209.7991,142.14255,1.9189378
209.71632,142.37088,1.9243718
209.63873,142.5814,1.9291426
209.56361,142.78221,1.9334881
209.4832,142.99393,1.9377369
209.3889,143.23886,1.942987
209.27985,143.51765,1.9493208
209.15495,143.83095,1.9577289
209.01234,144.1813,1.966214
208.85942,144.54492,1.9788965
208.70488,144.89903,2.0004146
208.5496,145.23717,2.027056
208.3943,145.55424,2.0526106
208.23885,145.85242,2.0747414
208.0795,146.14148,2.0950108
207.91873,146.41873,2.1166475
207.7581,146.68214,2.1422594
207.5911,146.94118,2.1721265
207.41911,147.19096,2.2058225
207.2432,147.43037,2.239115
207.05354,147.67178,2.267468
206.84149,147.92636,2.2906737
206.62146,148.17844,2.307653
206.40892,148.41339,2.3188088
206.20566,148.63286,2.3258739
206.01152,148.83762,2.3366523
205.81589,149.04013,2.3543673
205.61613,149.23991,2.377467
205.41399,149.43404,2.4006119
205.19794,149.63196,2.4224985
204.96742,149.83331,2.4465027
204.73137,150.03096,2.4686205
204.51607,150.2032,2.4834878
204.32283,150.35222,2.496565
204.13394,150.49419,2.5113428
203.94287,150.6334,2.5279157
203.74194,150.77501,2.544626
203.54663,150.90771,2.5614047
203.36128,151.02924,2.5785515
203.18604,151.1399,2.595277
203.01811,151.2422,2.610594
202.84488,151.34412,2.6236498
202.64935,151.456,2.6325119
202.43153,151.57799,2.635636
202.2005,151.70628,2.6347415
201.95758,151.84143,2.6308572
201.6969,151.98772,2.6243465
201.40448,152.15427,2.6154666
201.07643,152.345,2.6045697
200.72314,152.5559,2.5909207
200.35005,152.78587,2.5727596
199.9603,153.03569,2.5506384
199.56465,153.30116,2.5272942
199.15721,153.58846,2.5037413
198.7249,153.90816,2.4818106
198.27669,154.25537,2.462336
197.81717,154.626,2.4441845
197.35707,155.01093,2.4278488
196.8972,155.40898,2.4126093
196.44179,155.816,2.3970299
195.99176,156.231,2.3804035
195.54924,156.65349,2.361609
195.11783,157.08072,2.3408618
194.69484,157.51665,2.3199475
194.27365,157.96843,2.3010046
193.84406,158.44576,2.2868893
193.42169,158.93051,2.2765274
193.00362,159.42058,2.2680428
192.58388,159.9212,2.2607064
192.16298,160.43097,2.2540643
191.73912,160.95107,2.248277
191.3089,161.4848,2.2442389
190.87596,162.02713,2.2413414
190.4361,162.58109,2.239319
189.99535,163.13878,2.2381272
189.55405,163.6988,2.2373023
189.10835,164.26524,2.2366862
188.66203,164.83339,2.2361548
188.20828,165.41154,2.2356706
187.74484,166.00246,2.235559
187.27412,166.60309,2.2355897
186.79977,167.20816,2.2357333
186.32323,167.81604,2.2358775
185.83705,168.43646,2.235238
185.33865,169.07312,2.233686
184.83812,169.7146,2.2313735
184.34265,170.35242,2.2285678
183.85197,170.98769,2.2255225
183.36473,171.62271,2.22201
165.12135,157.57045,3.0222197
164.33638,157.6654,3.014136
163.61548,157.75809,3.0039306
162.88431,157.85913,2.9936981
162.17183,157.96523,2.9842718
161.47559,158.07512,2.9765582
160.79665,158.18811,2.9702113
160.11879,158.30531,2.9643795
159.44366,158.4263,2.9585302
158.76552,158.5516,2.9531107
158.08116,158.68178,2.9487906
157.39082,158.81624,2.9456346
156.69438,158.95424,2.9433641
156.00368,159.0931,2.9411325
155.29996,159.23596,2.9390008
154.59578,159.38065,2.9365883
153.89117,159.52702,2.9345772
153.1798,159.67645,2.932527
152.47168,159.82706,2.9295466
151.76335,159.97949,2.9260921
151.04318,160.13707,2.922308
150.31918,160.2985,2.9179926
149.58762,160.46489,2.9130487
148.85854,160.63454,2.907551
148.13245,160.8071,2.9035335
147.39464,160.98555,2.901338
146.65164,161.16739,2.8996325
145.9142,161.34938,2.8981366
145.19412,161.52856,2.896516
144.48918,161.7052,2.8943279
143.79517,161.88078,2.8912868
143.11421,162.05482,2.88808
142.42192,162.23401,2.8852296
141.7196,162.4179,2.8829381
141.0102,162.60556,2.880834
140.3046,162.79419,2.877974
139.6029,162.9839,2.8740525
138.88785,163.17992,2.8694792
138.1541,163.38432,2.865105
137.40588,163.59619,2.8616598
136.65132,163.81293,2.8588984
135.88963,164.03416,2.8563757
135.17455,164.24452,2.8531656
134.46597,164.45497,2.8496864
133.75284,164.66908,2.8466382
133.03442,164.88744,2.8431985
132.31027,165.1098,2.8400896
131.58292,165.33691,2.8352706
130.84982,165.56895,2.8284214
130.11636,165.80664,2.8206494
129.38046,166.0511,2.8128417
128.64235,166.30301,2.804788
127.901276,166.56215,2.7969077
127.15813,166.82956,2.787839
126.41084,167.10524,2.7779636
125.666664,167.38803,2.7691307
124.91778,167.6795,2.7628698
124.16425,167.97919,2.7579706
123.40376,168.28568,2.7538066
122.634254,168.59988,2.7499442
121.86379,168.91792,2.7462108
121.09561,169.23842,2.7428336
120.32799,169.56172,2.7398603
119.55998,169.88791,2.737154
118.78972,170.21758,2.7345195
118.01744,170.5505,2.731906
117.25707,170.88081,2.7292578
116.50915,171.2082,2.7264898
115.76146,171.5378,2.723475
115.00811,171.87254,2.7201853
114.25913,172.20851,2.716418
113.5036,172.55067,2.7122371
112.74212,172.89941,2.7076795
111.971146,173.25684,2.7025456
111.205124,173.61668,2.6969683
110.44599,173.97815,2.691783
109.702576,174.33719,2.6870153
108.96802,174.69666,2.6816907
108.23869,175.0584,2.6751282
107.50717,175.42683,2.6677525
106.75846,175.81075,2.6597497
106.04326,176.18506,2.6514251
105.31715,176.57281,2.6421976
104.586624,176.9712,2.6324844
103.862495,177.37466,2.624048
103.13853,177.78688,2.6165602
102.43803,178.19235,2.6101134
101.74515,178.60025,2.603979
101.060814,179.0086,2.596837
100.40209,179.40814,2.5896115
99.758575,179.80461,2.5831065
99.12553,180.20062,2.5761302
98.49895,180.5982,2.5691369
97.89849,180.98584,2.5622225
97.29966,181.37733,2.5563958
96.69025,181.78099,2.5502088
96.12212,182.16379,2.542891
95.55049,182.55318,2.536905
94.937546,182.97574,2.5312676
70.52689,167.8588,3.0313516
69.64238,167.95697,3.0271268
68.792145,168.05502,3.022125
67.9591,168.15509,3.017286
67.12263,168.25964,3.012457
66.29289,168.36752,3.0072844
65.46675,168.4793,3.0019932
64.64147,168.59534,2.9963915
63.829754,168.71512,2.9888017
63.03782,168.83751,2.9798214
62.23202,168.9681,2.9721553
61.419567,169.10674,2.9654772
60.612255,169.25081,2.9585435
59.816055,169.39845,2.9511116
59.0143,169.55252,2.9445667
58.216522,169.71191,2.9382339
57.42995,169.87445,2.9315844
56.648266,170.0418,2.9234817
55.870693,170.21442,2.9138882
55.08977,170.39557,2.9033687
54.299263,170.58734,2.8922658
53.499695,170.79059,2.8810675
52.68289,171.00763,2.8704898
51.875736,171.23172,2.8607147
51.06244,171.46529,2.8536544
50.23941,171.70816,2.848649
49.407406,171.95854,2.844976
48.56802,172.21457,2.8422997
47.72697,172.4747,2.8387575
46.88725,172.7372,2.8341703
46.059925,172.99931,2.8309035
45.24388,173.26137,2.8291438
44.44704,173.5192,2.8274353
43.663395,173.7738,2.8260715
42.881306,174.02904,2.8251588
42.089085,174.28845,2.8240101
41.29755,174.54942,2.8211184
40.536713,174.8024,2.8170276
39.79125,175.0535,2.81279
39.0621,175.30246,2.8084943
38.328545,175.55623,2.804267
37.578884,175.81898,2.7997134
36.84898,176.07869,2.7953842
36.13159,176.33801,2.790755
35.430664,176.59534,2.784854
34.743073,176.85173,2.7782016
34.071693,177.10722,2.7716656
33.411106,177.36311,2.7662919
32.762093,177.61862,2.762351
32.12917,177.87141,2.7582588
31.51013,178.12173,2.752538
30.901165,178.3717,2.745487
30.296553,178.62451,2.738276
29.696653,178.87961,2.7333097
29.109283,179.13353,2.7305775
28.532646,179.38484,2.7285926
27.958008,179.63661,2.726844
27.383743,179.88939,2.7253056
26.81285,180.14177,2.7239442
26.251177,180.39108,2.7225356
25.692812,180.63979,2.7210953
25.129436,180.89171,2.7196918
24.579258,181.13867,2.7182853
24.025524,181.3881,2.716968
23.482649,181.63347,2.7159815
22.952665,181.87366,2.715336
22.428387,182.11172,2.7148514
21.915005,182.34491,2.7150517
21.417955,182.57066,2.7161062
20.93618,182.78897,2.7175922
20.480246,182.99472,2.719439
20.072325,183.17787,2.7219195
19.69646,183.3455,2.7250707
19.328255,183.50851,2.72806
18.969511,183.66602,2.730485
18.636297,183.81134,2.732427
18.327389,183.94542,2.7337325
18.039995,184.06985,2.7336144
17.775007,184.1845,2.7324843
17.535934,184.28822,2.7313085
17.324728,184.38022,2.7301393
17.145151,184.45871,2.7289479
16.994497,184.5248,2.7277532
16.863594,184.58237,2.7264686
16.74606,184.63417,2.7258267
16.632755,184.68414,2.7261646
16.516603,184.73537,2.7267044
16.397362,184.78786,2.7272832
16.281645,184.83875,2.7285385
16.171453,184.88715,2.7290373
16.066324,184.93327,2.7273266
15.971169,184.97562,2.7180114
15.880147,185.01718,2.6952102
15.8031845,185.0543,2.6643033
15.736,185.08931,2.6258237
15.68043,185.12105,2.5811458
15.627594,185.1542,2.531182
15.56308,185.19916,2.477943
15.473029,185.26927,2.4183216
-2.297963,175.2573,2.468987
-2.4817142,175.40427,2.3943145
-2.6557786,175.56453,2.320327
-2.8278224,175.74808,2.2561429
-2.9972334,175.95404,2.2011783
-3.1647499,176.18158,2.1568754
-3.331729,176.43123,2.1235723
-3.5000315,176.70177,2.1004996
-3.6701567,176.99149,2.0836818
-3.853472,177.31499,2.0714033
-4.055387,177.68289,2.06293
-4.2683764,178.07903,2.0571415
-4.483094,178.48419,2.054112
-4.7044964,178.90602,2.0518496
-4.934691,179.34799,2.0476966
-5.1585927,179.78215,2.0412219
-5.382496,180.22377,2.0318172
-5.608679,180.68044,2.0187736
-5.840513,181.16039,2.0071948
-6.0684276,181.64865,1.9982154
-6.2891827,182.13324,1.9899455
-6.50945,182.62744,1.9817898
-6.728466,183.13037,1.9729161
-6.941889,183.63188,1.9641658
-7.1461606,184.12395,1.9561694
-7.3464465,184.61707,1.9491365
-7.5509896,185.13052,1.9434294
-7.7584624,185.6599,1.939674
-7.9612627,186.1832,1.9383359
-8.159151,186.69595,1.9394084
-8.354149,187.20082,1.9414717
-8.550926,187.70709,1.9436122
-8.757899,188.23663,1.9452242
-8.9776,188.79573,1.9461168
-9.207716,189.38034,1.9460683
-9.446452,189.98672,1.9449793
-9.690688,190.60895,1.9431322
-9.939892,191.24736,1.9405408
-10.18984,191.89153,1.9382042
-10.434604,192.52632,1.937412
-10.676458,193.15576,1.9378766
-10.917911,193.78355,1.9387832
-11.155185,194.39885,1.9399766
-11.390563,195.0076,1.9410473
-11.627193,195.61792,1.9412465
-11.864673,196.22989,1.9404924
-12.101836,196.84302,1.938391
-12.336368,197.45242,1.9352663
-12.566033,198.05598,1.930613
-12.79449,198.66447,1.923914
-13.026115,199.29308,1.9159504
-13.254945,199.92973,1.9074453
-13.479197,200.5702,1.8990262
-13.699883,201.21693,1.8917277
-13.915081,201.86423,1.8851378
-14.1240015,202.5078,1.8779215
-14.329405,203.15697,1.8690504
-14.527051,203.8025,1.8576317
-14.713232,204.43553,1.8440272
-14.888429,205.06042,1.8300797
-15.053391,205.68188,1.8167591
-15.206889,206.29092,1.8055868
-15.348982,206.8839,1.7967263
-15.481855,207.45918,1.790631
-15.608201,208.02272,1.7873368
-15.729561,208.57378,1.7855698
-15.844809,209.10197,1.7846075
-15.953911,209.60489,1.7839541
-16.059233,210.09163,1.7833316
-16.161076,210.5635,1.7829143
-16.261705,211.03014,1.7831409
-16.362015,211.4945,1.7843481
-16.462536,211.95836,1.7857447
-16.562365,212.41638,1.786413
-16.661514,212.87083,1.785407
-16.755396,213.30913,1.7778834
-16.843357,213.73029,1.7649497
-16.920368,214.12524,1.7490406
-16.983393,214.47661,1.7321185
-17.031221,214.77318,1.7153134
-17.068542,215.03076,1.698734
-17.100187,215.27567,1.6834078
-17.128042,215.52014,1.6700916
-17.151827,215.75752,1.659204
-17.172695,215.99153,1.6501933
-17.192371,216.23444,1.6438007
-17.211391,216.49178,1.6397377
-17.229752,216.75642,1.6366968
-17.246746,217.01768,1.6326157
-17.261938,217.26666,1.6263512
-17.2753,217.50873,1.6189617
-17.28735,217.75731,1.6109116
-17.297411,218.00584,1.6037915
-17.304691,218.24028,1.5947232
-17.309095,218.4606,1.577941
-17.310478,218.67839,1.5552597
-17.307405,218.90164,1.5341624
-17.298897,219.14606,1.5170205
-17.28398,219.43567,1.5033122
-3.3287702,232.56322,2.327036
-3.576515,232.8255,2.2973802
-3.816988,233.09583,2.2700408
-4.0606804,233.38507,2.2438633
-4.305921,233.69255,2.2184138
-4.539819,234.00266,2.19104
-4.7696576,234.3249,2.159805
-4.9854226,234.6475,2.1292882
-5.204265,234.99617,2.1015804
-5.420254,235.36395,2.0763726
-5.6343513,235.74937,2.0534387
-5.843046,236.1434,2.0401788
-6.0462747,236.54181,2.036579
-6.249307,236.94644,2.034406
-6.455913,237.35983,2.0310948
-6.6688,237.78809,2.0292997
-6.8891068,238.2339,2.0293913
-7.1194243,238.70107,2.0289826
-7.365991,239.20157,2.0271947
-7.6195536,239.7182,2.024773
-7.873951,240.23976,2.0219302
-8.116195,240.7397,2.0190804
-8.363662,241.255,2.0152204
-8.620022,241.79297,2.0110776
-8.883446,242.35226,2.0068748
-9.152242,242.9293,2.0021548
-9.423911,243.52016,1.9965031
-9.697821,244.12473,1.9897927
-9.973668,244.74416,1.9825356
-10.247794,245.37163,1.9753867
-10.520815,246.00874,1.9687146
-10.793871,246.65793,1.9625516
-11.058671,247.29877,1.9568458
-11.322448,247.94766,1.9512318
-11.581454,248.59627,1.9448489
-11.834838,249.24142,1.938304
-12.080582,249.88033,1.9315796
-12.320525,250.51706,1.9239694
-12.556425,251.1569,1.9159803
-12.786631,251.79707,1.9080878
-13.010027,252.4345,1.900175
-13.219262,253.04636,1.8930348
-13.429958,253.6764,1.8867093
-13.640381,254.31938,1.8810347
-13.849995,254.97296,1.8756038
-14.058711,255.63617,1.8701339
-14.265262,256.3046,1.8652009
-14.467059,256.96924,1.8613428
-14.664146,257.62817,1.8581605
-14.858159,258.28375,1.855732
-15.049802,258.93787,1.8538098
-15.241215,259.59546,1.852338
-15.432276,260.2557,1.8513191
-15.622355,260.9152,1.8505987
-15.809759,261.56772,1.8497651
-15.995494,262.21625,1.8487056
-16.18244,262.87198,1.8472903
-16.371727,263.5397,1.8452712
-16.56161,264.2143,1.8428196
-16.751476,264.8957,1.8397908
-16.940714,265.58224,1.8363754
-17.128912,266.27408,1.8329319
-17.3147,266.966,1.8298038
-17.494265,267.64343,1.827133
-17.671335,268.31854,1.8249032
-17.846024,268.99167,1.8225677
-18.016687,269.65698,1.8189976
-18.183798,270.31583,1.8150926
-18.347376,270.9726,1.8111204
-18.505215,271.61758,1.8065214
-18.658699,272.25623,1.8018868
-18.80854,272.89346,1.7972267
-18.956682,273.53546,1.7929512
-19.103125,274.1835,1.7891356
-19.244442,274.82037,1.7855351
-19.38195,275.45114,1.7818593
-19.515722,276.07532,1.7782303
-19.645061,276.69022,1.7745328
-19.771484,277.30133,1.7711585
-19.893456,277.9018,1.7681955
-20.012438,278.49805,1.7645979
-20.131285,279.10376,1.7603645
-20.244379,279.6937,1.7559128
-20.352764,280.27127,1.752193
-20.4568,280.8371,1.7500869
-20.560293,281.40753,1.7488558
-20.664162,281.98386,1.7480963
-20.766325,282.5532,1.7480435
-20.867031,283.11618,1.7480565
-20.96691,283.67374,1.7478919
-21.066284,284.22784,1.7483813
-21.166082,284.7832,1.7496486
-21.269644,285.35593,1.751224
-21.376049,285.9401,1.7524631
-21.484074,286.529,1.7530707
-21.59355,287.12384,1.7530205
-21.70446,287.72598,1.7526368
-21.816393,288.33542,1.7519277
-21.928116,288.94574,1.7509229
68.915115,232.85893,-0.041728828
69.53787,232.83293,-0.042874504
70.14317,232.80667,-0.044947777
70.736855,232.77957,-0.04879598
71.32916,232.75117,-0.05191366
71.92515,232.72049,-0.05324748
72.51952,232.68884,-0.053961955
73.11235,232.65663,-0.055182543
73.70328,232.62402,-0.056663316
74.29255,232.59065,-0.057953596
74.8798,232.55644,-0.05958424
75.46066,232.5215,-0.062286526
76.0411,232.48535,-0.065406315
76.62495,232.44724,-0.068080604
77.20873,232.40741,-0.07058766
77.78645,232.36656,-0.07309971
78.33965,232.32608,-0.07544327
78.872795,232.2856,-0.07825695
79.394135,232.2447,-0.08141368
79.91028,232.2025,-0.08483522
80.440796,232.15746,-0.08842155
80.98468,232.1093,-0.09205501
81.532295,232.05869,-0.09583211
82.09134,232.00504,-0.099620655
82.66952,231.94736,-0.10326384
83.26375,231.88586,-0.106779486
83.86804,231.82123,-0.10995817
84.47496,231.75414,-0.11319874
85.09417,231.68373,-0.116754375
85.730545,231.60922,-0.12024442
86.37973,231.5311,-0.122905895
87.0457,231.44923,-0.124216415
87.72891,231.36406,-0.12471789
88.427765,231.27634,-0.12531689
89.14315,231.18607,-0.12639144
89.89283,231.09068,-0.12794206
90.642296,230.99417,-0.1297782
91.41421,230.89333,-0.13203362
92.19643,230.7894,-0.13473238
92.98454,230.68254,-0.13779825
93.760284,230.57465,-0.14138907
94.51528,230.46693,-0.14505447
95.25316,230.35892,-0.14852752
95.99754,230.24762,-0.15180804
96.76924,230.12993,-0.15520507
97.5624,230.00615,-0.15893815
98.37319,229.87636,-0.16296178
99.19274,229.7417,-0.16734034
100.01208,229.6033,-0.1719071
100.824905,229.46207,-0.17645563
101.63613,229.31726,-0.18107103
102.43912,229.16963,-0.18681103
103.23724,229.01859,-0.19314134
104.03883,228.8622,-0.19888318
104.83746,228.70139,-0.20408778
105.63619,228.53613,-0.20894308
106.43311,228.36707,-0.21384755
107.23929,228.1921,-0.2188332
108.041374,228.01366,-0.22404179
108.830215,227.83377,-0.22952731
109.621666,227.64864,-0.23529881
110.4181,227.4579,-0.24080734
111.217155,227.2618,-0.24645256
112.017105,227.06067,-0.25220102
112.812225,226.85558,-0.25815514
113.60927,226.6455,-0.2636077
114.40107,226.43188,-0.26834127
115.18413,226.21658,-0.2722195
115.9688,225.99779,-0.27522615
116.75141,225.77718,-0.27722636
117.52491,225.55725,-0.27800247
118.296104,225.33728,-0.2778776
119.055595,225.12071,-0.2772694
119.820915,224.9029,-0.27653787
120.60078,224.68143,-0.2761147
121.378494,224.46109,-0.27578923
122.14882,224.24306,-0.2754769
122.923676,224.02405,-0.2751583
123.69747,223.80562,-0.27473995
124.46856,223.58809,-0.27464417
125.231186,223.37305,-0.2750759
125.992905,223.15785,-0.27611855
126.7461,222.94446,-0.2773926
127.492874,222.73166,-0.27900392
128.2416,222.51695,-0.28123236
128.98694,222.3015,-0.28395832
129.73328,222.08405,-0.28615996
130.47879,221.86482,-0.28765577
131.22076,221.64526,-0.28905964
131.95242,221.42749,-0.29087245
132.68199,221.20901,-0.29298463
133.41644,220.98737,-0.29539198
134.15276,220.76335,-0.29800883
134.8916,220.53639,-0.3007932
135.62337,220.30913,-0.30405477
136.34435,220.08257,-0.30778387
137.06448,219.85353,-0.31161052
137.76598,219.62767,-0.31500378
138.47223,219.39732,-0.3186343
155.14333,224.6776,-0.21144246
155.9392,224.50693,-0.21510753
156.70175,224.34007,-0.21786104
157.4513,224.17403,-0.22019547
158.19733,224.00693,-0.22245416
158.94125,223.83868,-0.22468957
159.6849,223.6687,-0.22684042
160.43784,223.49527,-0.22862107
161.19362,223.31949,-0.23027754
161.94699,223.14291,-0.23186284
162.7042,222.96426,-0.23317531
163.46616,222.78343,-0.23435478
164.23378,222.60045,-0.23509578
165.00363,222.41641,-0.2350143
165.7697,222.23344,-0.23354933
166.538,222.05127,-0.23025395
167.30237,221.87222,-0.22597
168.0628,221.69707,-0.22211583
168.82254,221.52547,-0.21869752
169.5767,221.35796,-0.21510558
170.32857,221.19334,-0.21207052
171.08362,221.03058,-0.20985895
171.83997,220.86903,-0.20880519
172.59265,220.70918,-0.20903726
173.33563,220.55118,-0.21052754
174.0783,220.39218,-0.21313164
174.81757,220.23196,-0.21658663
175.55373,220.06987,-0.22054653
176.28345,219.90619,-0.22479886
177.00063,219.74255,-0.22834104
177.68954,219.5828,-0.2305399
178.35742,219.42609,-0.23215185
179.02155,219.26903,-0.23383676
179.68935,219.1099,-0.23571926
180.36046,218.94865,-0.2377392
181.02966,218.78645,-0.2398693
181.69142,218.62485,-0.24152754
182.34923,218.46269,-0.24314892
182.9992,218.30199,-0.24374975
183.6456,218.14117,-0.24380425
184.27994,217.98343,-0.24386205
184.9112,217.82599,-0.24476627
185.5388,217.66884,-0.24709338
186.17538,217.50792,-0.25079387
186.81148,217.34451,-0.25604883
187.43762,217.18063,-0.2618222
188.06969,217.01123,-0.26766047
188.70412,216.8374,-0.27317384
189.33943,216.65923,-0.278889
189.97942,216.47589,-0.28507707
190.62434,216.28743,-0.29012448
191.27722,216.09285,-0.2936572
191.94075,215.89229,-0.29655716
192.60066,215.69054,-0.29951698
193.24487,215.49168,-0.30239555
193.85883,215.30081,-0.30368415
194.4547,215.114,-0.30442968
195.0367,214.93115,-0.30530983
195.59616,214.75449,-0.3069762
196.1268,214.5861,-0.30949062
196.62274,214.42749,-0.31200764
197.0895,214.2769,-0.31437966
197.53731,214.1313,-0.3165929
197.97653,213.98734,-0.31890866
198.41515,213.84245,-0.32155138
198.84908,213.6979,-0.3242573
199.27428,213.55505,-0.3265982
199.69061,213.41382,-0.3293874
200.1006,213.27356,-0.3329556
200.5046,213.13379,-0.3368989
200.902,212.99455,-0.34106052
201.3001,212.85332,-0.34502193
201.65631,212.72534,-0.3480732
202.0092,212.5973,-0.35075158
202.3483,212.47327,-0.353093
202.67723,212.35205,-0.35517102
202.9969,212.2335,-0.35700276
203.29974,212.12064,-0.35831133
203.59497,212.01012,-0.3591793
203.88144,211.90262,-0.3596362
204.15588,211.79951,-0.35947162
204.41556,211.70201,-0.3586094
204.66164,211.60982,-0.35731727
204.89902,211.52121,-0.355868
205.13306,211.43422,-0.35433775
205.35799,211.35101,-0.3528036
205.58217,211.26846,-0.35134986
205.80356,211.18733,-0.34988683
206.02411,211.10686,-0.34835976
206.2417,211.02783,-0.34681445
206.46034,210.94867,-0.3461876
206.6877,210.86642,-0.34761754
206.91772,210.78319,-0.34927362
207.15134,210.69797,-0.35138565
207.39267,210.60927,-0.35549077
207.6406,210.51683,-0.36293253
207.89445,210.42026,-0.37313706
208.15288,210.31882,-0.38572824
208.41435,210.21227,-0.40159196
219.11526,212.36432,-0.47353923
219.41307,212.21184,-0.4987985
219.70746,212.05145,-0.5234598
220.00674,211.87881,-0.5485459
220.30605,211.69595,-0.5737464
220.6017,211.50536,-0.5969968
220.89592,211.30542,-0.61907566
221.18697,211.09846,-0.63964903
221.48143,210.87979,-0.65843636
221.77684,210.65155,-0.6757177
222.07846,210.41075,-0.68973863
222.3898,210.15479,-0.6997636
222.69577,209.8976,-0.70670813
223.00519,209.63336,-0.7131179
223.32285,209.3592,-0.71826124
223.64818,209.07513,-0.7219248
223.98016,208.7828,-0.72549695
224.31735,208.48415,-0.7283937
224.66318,208.17577,-0.73070353
225.01805,207.8574,-0.7342731
225.38734,207.52477,-0.7372881
225.77489,207.173,-0.73969
226.17065,206.8113,-0.7438874
226.56433,206.44814,-0.7511045
226.95319,206.08423,-0.76168764
227.34215,205.71278,-0.77500844
227.72963,205.33247,-0.79131913
228.11703,204.94069,-0.808771
228.51215,204.52705,-0.82608855
228.91344,204.09204,-0.8432596
229.31657,203.64001,-0.8593281
229.72255,203.1692,-0.8749292
230.12842,202.68417,-0.88936067
230.53253,202.18678,-0.90153295
230.92981,201.68575,-0.9107831
231.32188,201.18121,-0.9176228
231.71246,200.6711,-0.92336196
232.09737,200.16188,-0.9290449
232.47513,199.65659,-0.9344114
232.84268,199.15811,-0.94099754
233.2061,198.65845,-0.9502396
233.56839,198.15125,-0.96138084
233.92186,197.64479,-0.97291285
234.27785,197.12224,-0.9845974
234.63535,196.58403,-0.9965744
234.98036,196.05095,-1.0078728
235.3143,195.52249,-1.0176989
235.65305,194.97491,-1.0255611
235.9968,194.40872,-1.0318574
236.34041,193.835,-1.0365361
236.68677,193.24985,-1.040126
237.03703,192.6529,-1.0434371
237.39195,192.04333,-1.0468385
237.75864,191.40862,-1.0504088
238.11142,190.79295,-1.0537721
238.4798,190.1452,-1.0570309
238.8436,189.50111,-1.059504
239.19443,188.87671,-1.0606861
239.53658,188.26575,-1.0608536
239.8593,187.6895,-1.0600219
240.17638,187.1234,-1.0592885
240.49133,186.56198,-1.0594311
240.80725,185.99825,-1.0607392
241.12411,185.43053,-1.064189
241.43945,184.86066,-1.0706229
241.74403,184.30292,-1.0789164
242.03636,183.75792,-1.0871272
242.31992,183.21866,-1.094435
242.59477,182.68637,-1.100913
242.86304,182.15828,-1.1072351
243.1134,181.65782,-1.1131947
243.36,181.15723,-1.1191607
243.60318,180.65598,-1.1252505
243.83441,180.17194,-1.1314309
244.04745,179.719,-1.1376672
244.25528,179.26947,-1.144974
244.44875,178.84265,-1.1538757
244.62549,178.44366,-1.1640965
244.79909,178.04114,-1.1742988
244.96327,177.64906,-1.1839993
245.11938,177.26587,-1.1937194
245.27141,176.88188,-1.2039849
245.42473,176.48332,-1.2135098
245.57803,176.07393,-1.220674
245.72859,175.66307,-1.2248464
245.87587,175.25478,-1.2274016
246.0229,174.84439,-1.228654
246.16411,174.44562,-1.2320362
246.30049,174.057,-1.2391477
246.4238,173.69539,-1.2517834
246.53555,173.35338,-1.2723958
246.6393,173.01324,-1.3008205
246.73529,172.66524,-1.3345208
246.81752,172.3226,-1.3701322
246.88292,171.99681,-1.4093724
246.93071,171.6947,-1.4575634
246.96234,171.40997,-1.5151631
246.97678,171.13411,-1.5818808
246.97398,170.86925,-1.6523257
209.9785,154.20187,-0.5513333
210.32375,153.98926,-0.62595296
210.64738,153.75583,-0.69886315
210.94994,153.50209,-0.76657194
211.23846,153.2266,-0.8244211
211.5154,152.92944,-0.8680063
211.78137,152.61789,-0.8982704
212.03949,152.29388,-0.92286825
212.301,151.9501,-0.9441519
212.55493,151.60014,-0.96060264
212.81744,151.22461,-0.97700036
213.06676,150.85504,-0.99367625
213.31917,150.4658,-1.0143667
213.56679,150.0667,-1.039267
213.81064,149.65234,-1.0651152
214.03737,149.24432,-1.0872195
214.2575,148.82541,-1.1075183
214.46916,148.40166,-1.1276242
214.67592,147.96596,-1.148182
214.8771,147.51816,-1.169492
215.07214,147.05952,-1.1899881
215.26367,146.58203,-1.2087626
215.45657,146.0743,-1.2254077
215.65395,145.52751,-1.2394947
215.85132,144.95596,-1.2504457
216.04207,144.38197,-1.2591867
216.22499,143.81319,-1.2680618
216.40292,143.24323,-1.2776783
216.5762,142.66847,-1.2879714
216.74333,142.0927,-1.2990932
216.90587,141.5093,-1.3106669
217.0651,140.91154,-1.3222356
217.22238,140.29315,-1.333267
217.38092,139.6426,-1.3419333
217.53236,138.99355,-1.3484445
217.67796,138.35004,-1.3538588
217.81888,137.71017,-1.3592075
217.95619,137.07097,-1.3646269
218.09427,136.4131,-1.3691319
218.2332,135.73622,-1.3720324
218.37187,135.04901,-1.373824
218.51166,134.34987,-1.3748705
218.65126,133.6472,-1.3753783
218.79083,132.94217,-1.3756971
218.93196,132.22829,-1.3759416
219.07355,131.51028,-1.3763974
219.21669,130.78331,-1.3769654
219.36095,130.0491,-1.3771917
219.5072,129.30328,-1.3771662
219.65489,128.55038,-1.3770013
219.80414,127.78918,-1.3771065
219.95584,127.013855,-1.3782288
220.10979,126.22336,-1.3802599
220.26071,125.43987,-1.3829077
220.4093,124.65725,-1.3862016
220.55524,123.8756,-1.3897759
220.68787,123.14878,-1.393773
220.8158,122.43296,-1.3982052
220.93959,121.71856,-1.4044358
221.05716,121.0157,-1.4125686
221.17209,120.29651,-1.4211216
221.27975,119.58422,-1.4288131
221.37883,118.89297,-1.4351472
221.47046,118.22095,-1.4409226
221.55835,117.548744,-1.4465405
221.64255,116.874664,-1.4520435
221.72487,116.18741,-1.4569199
221.80449,115.4946,-1.4605151
221.88235,114.793625,-1.4629703
221.95969,114.08117,-1.4648186
222.03488,113.374084,-1.4664956
222.10973,112.65929,-1.4681243
222.18364,111.942,-1.4699395
222.25659,111.22052,-1.4719268
222.3276,110.50395,-1.4742208
222.39742,109.78297,-1.4766045
222.46683,109.04808,-1.4796602
222.5351,108.30083,-1.4835268
222.6021,107.53711,-1.4878665
222.6657,106.77147,-1.492685
222.72603,106.007904,-1.4960892
222.78433,105.23504,-1.4977196
222.8415,104.45577,-1.4989634
222.89658,103.68955,-1.4999974
222.94864,102.94923,-1.5013736
222.99808,102.22966,-1.5040178
223.04495,101.524826,-1.5077239
223.08983,100.81779,-1.5112286
223.13344,100.09013,-1.5141386
223.17523,99.35746,-1.5164376
223.21577,98.61023,-1.5188874
223.2535,97.872925,-1.5227908
223.28925,97.128685,-1.5275607
223.32233,96.3674,-1.532367
223.35307,95.584816,-1.5360585
223.38095,94.79088,-1.5387051
223.40623,94.0041,-1.5409064
223.42863,93.23652,-1.5436833
223.44896,92.48299,-1.5467187
123.711975,162.60863,3.0511055
122.87357,162.68518,3.0497715
122.078415,162.75963,3.0450647
121.296906,162.8354,3.038769
120.51762,162.91609,3.0319061
119.73442,163.00276,3.0235248
118.94506,163.09535,3.0163884
118.15179,163.1956,3.009638
117.354836,163.30156,3.0015247
116.55445,163.41382,2.9940727
115.7429,163.5334,2.9891398
114.92331,163.65913,2.9853978
114.10214,163.78847,2.9816437
113.27469,163.92188,2.9778903
112.44888,164.0582,2.9742644
111.62046,164.19794,2.9711363
110.79262,164.34035,2.9682744
109.9643,164.48528,2.9657047
109.13458,164.63274,2.963228
108.319405,164.77985,2.960662
107.51358,164.92746,2.957937
106.694885,165.07951,2.9549577
105.86485,165.23625,2.9516392
105.02553,165.39792,2.9475071
104.18525,165.56335,2.9424253
103.34598,165.73283,2.9368577
102.50713,165.90717,2.9308898
101.67019,166.08582,2.9254081
100.83727,166.26862,2.9206605
100.0084,166.45515,2.915459
99.17971,166.646,2.9094393
98.351814,166.84186,2.9029489
97.52835,167.04243,2.895888
96.70898,167.24815,2.8881617
95.89025,167.46042,2.8797052
95.07177,167.67944,2.87162
94.240326,167.90889,2.8647306
93.42511,168.14053,2.8586388
92.607414,168.37811,2.8534837
91.79581,168.61871,2.848129
91.001785,168.85927,2.8422549
90.224625,169.09946,2.83608
89.4464,169.34483,2.8298388
88.68048,169.59192,2.823485
87.90744,169.8462,2.817496
87.12864,170.10779,2.8110824
86.33768,170.37888,2.804494
85.543106,170.65717,2.797764
84.72406,170.94972,2.7913113
83.89265,171.2532,2.78451
83.063576,171.56227,2.7780218
82.23877,171.87614,2.7719083
81.42005,172.19324,2.7662368
80.60253,172.51526,2.7611089
79.7841,172.84265,2.7559261
78.97119,173.1732,2.7498226
78.160736,173.50801,2.7432902
77.360535,173.84492,2.7366831
76.56386,174.18599,2.7308671
75.76704,174.53256,2.726266
74.97807,174.88068,2.7219162
74.18817,175.233,2.7177875
73.41169,175.58379,2.7131586
72.65614,175.92926,2.7084584
71.91274,176.27429,2.702007
71.1732,176.62251,2.693473
70.430595,176.97987,2.6834533
69.68341,177.3483,2.672442
68.93354,177.72801,2.6615682
68.187614,178.11568,2.6520274
67.43667,178.51488,2.6447444
66.67965,178.9244,2.639307
65.91346,179.34431,2.635675
65.14569,179.76956,2.6326332
64.37548,180.19969,2.6289873
63.608955,180.63039,2.6259594
62.84483,181.06337,2.6239305
62.100967,181.4876,2.6218078
61.364433,181.90889,2.620218
60.626617,182.33269,2.6189115
59.89203,182.75655,2.6164832
59.181526,183.1687,2.6129534
58.488045,183.57419,2.6090765
57.814564,183.9713,2.6050053
57.141823,184.3716,2.600761
56.462196,184.77953,2.5964434
55.78887,185.18782,2.5921829
55.12859,185.59288,2.5874085
54.48477,185.99203,2.5811589
53.85793,186.38588,2.5739896
53.248787,186.77412,2.5675714
52.653923,187.1585,2.5629284
52.074726,187.53706,2.5591707
51.514072,187.9076,2.5535576
50.965553,188.27383,2.5458388
50.42489,188.64014,2.5381887
49.88772,189.00948,2.5327952
49.35902,189.37762,2.5297384
48.83695,189.74393,2.5276005
17.878252,171.50414,3.0617323
17.218512,171.55693,3.0585034
16.589697,171.60913,3.0561724
15.97575,171.66164,3.0545511
15.378326,171.71375,3.0532618
14.794382,171.76549,3.052041
14.220947,171.81679,3.0513475
13.652407,171.86806,3.0515232
13.08781,171.91878,3.052787
12.5281,171.96841,3.0551527
11.968392,172.01674,3.058397
11.413839,172.06279,3.06247
10.88764,172.10464,3.0663376
10.392379,172.14207,3.0694897
9.957797,172.1735,3.0720804
9.582012,172.19981,3.073949
9.230212,172.2238,3.0749624
8.906488,172.24542,3.07561
8.614396,172.26472,3.0766394
8.335198,172.2828,3.0784101
8.075399,172.29933,3.080118
7.8534245,172.31306,3.0817287
7.675302,172.32385,3.0834174
7.538029,172.33192,3.0853207
7.4356837,172.33778,3.0871792
7.3624096,172.34184,3.0886817
7.3161435,172.34435,3.089599
7.2975297,172.34534,3.0904815
7.2972746,172.34535,3.091736
7.307393,172.34485,3.0933044
7.323283,172.34409,3.095292
7.3407764,172.34328,3.097305
7.3644037,172.34222,3.0997088
7.3904667,172.34113,3.1022825
7.416046,172.34012,3.1050153
7.439887,172.33925,3.1076555
7.4670997,172.33832,3.1103334
7.496312,172.3374,3.1132047
7.523465,172.33662,3.1161752
7.548493,172.33598,3.1190803
7.5746603,172.33539,3.1220844
7.6040363,172.33482,3.125121
7.6408663,172.33421,3.1284876
7.6857247,172.33362,3.1320837
7.7359114,172.33315,3.1359925
7.7852855,172.33287,3.139852
7.8408527,172.33278,-3.1385486
7.890842,172.33296,-3.133071
7.9261694,172.33327,-3.1283774
7.9683704,172.33383,-3.122958
8.015942,172.33473,-3.1161568
8.047879,172.33559,-3.1088896
8.047477,172.33565,-3.1008444
8.006409,172.334,-3.0919385
7.929455,172.33017,-3.0822256
7.8088965,172.32301,-3.0721138
7.6343083,172.31084,-3.0627198
7.413466,172.2934,-3.054279
7.1592107,172.27118,-3.0474722
6.886596,172.24551,-3.042043
6.599606,172.21698,-3.0382855
6.295995,172.18555,-3.0360003
5.9810815,172.1521,-3.0342379
5.655364,172.11697,-3.0324125
5.3177805,172.08003,-3.0313668
4.9757066,172.04213,-3.030557
4.6257634,172.00319,-3.030103
4.2649446,171.96283,-3.030523
3.8995965,171.92215,-3.0316365
3.5281665,171.88126,-3.0336175
3.1515048,171.84045,-3.0363455
2.7511928,171.79807,-3.0391736
2.2977173,171.75117,-3.0422919
1.7819265,171.69945,-3.0454814
1.2344501,171.64659,-3.0487947
0.64940244,171.59204,-3.0523002
0.020678353,171.53574,-3.0563223
-0.6272845,171.4803,-3.060441
-1.3093991,171.42477,-3.0645738
-2.008783,171.37086,-3.068924
-2.7125735,171.3198,-3.0738006
-3.4309607,171.27158,-3.0803478
-4.159858,171.22675,-3.087645
-4.921421,171.18608,-3.0963156
-5.6817956,171.15115,-3.1049683
-6.4486594,171.1229,-3.1124732
-7.210244,171.1006,-3.1195385
-7.9815516,171.08354,-3.1263874
-8.793289,171.07121,-3.1339238
-9.640406,171.06458,3.1411421
-10.51556,171.06454,3.1333523
-11.4157715,171.0716,3.1260848
-12.338162,171.085,3.1202302
-13.253797,171.1039,3.1165013
-14.1816635,171.12712,3.1136696
-15.111616,171.15254,3.111598
-16.016314,171.1796,3.1107512
-16.905338,171.207,3.1106813
-17.797558,171.23453,3.1108925
-39.817932,175.16512,3.1113534
-40.797485,175.19495,3.1115487
-41.76072,175.22429,3.110627
-42.71552,175.25432,3.1084802
-43.670174,175.28616,3.105515
-44.61467,175.32043,3.102085
-45.531677,175.35681,3.098592
-46.443817,175.39603,3.095403
-47.337536,175.4373,3.0925307
-48.218853,175.48059,3.0900016
-49.101646,175.52634,3.087255
-49.971672,175.57372,3.0843265
-50.86674,175.62508,3.081147
-51.78447,175.6805,3.0777614
-52.71425,175.7398,3.074519
-53.639458,175.80186,3.0715544
-54.54382,175.86539,3.0688198
-55.404713,175.92834,3.066356
-56.215878,175.98975,3.0643604
-57.044754,176.05363,3.0629482
-57.885624,176.12012,3.060956
-58.764515,176.19107,3.0583816
-59.672787,176.26677,3.0551767
-60.581516,176.34566,3.0513985
-61.50472,176.42885,3.047834
-62.418377,176.51482,3.044444
-63.32957,176.60408,3.040359
-64.22114,176.69496,3.0354385
-65.10468,176.78954,3.0299125
-65.99155,176.88902,3.0238252
-66.88287,176.99442,3.0175295
-67.77401,177.10521,3.0118358
-68.642555,177.21875,3.0066733
-69.51774,177.33714,3.0023763
-70.41062,177.46182,2.9987962
-71.317116,177.59209,2.9953241
-72.222305,177.72545,2.9916945
-73.1289,177.86238,2.9880545
-74.03076,178.00217,2.984067
-74.928925,178.14508,2.9795172
-75.81908,178.29071,2.974728
-76.70831,178.44037,2.9702158
-77.59102,178.59323,2.9657257
-78.46961,178.74936,2.9612837
-79.32471,178.90526,2.9572034
-80.15483,179.06007,2.953668
-80.9768,179.21634,2.9505103
-81.81291,179.37813,2.9472084
-82.667496,179.54639,2.943541
-83.52286,179.71803,2.9397173
-84.38654,179.89484,2.9357727
-85.264305,180.07806,2.9316354
-86.1392,180.26447,2.9274535
-86.99915,180.45146,2.9234612
-87.8598,180.6423,2.9195237
-88.72909,180.83844,2.915673
-89.59602,181.03761,2.9120073
-90.47765,181.24359,2.9084187
-91.37923,181.45784,2.904229
-92.281654,181.67622,2.8995593
-93.167244,181.89488,2.8949428
-94.04306,182.11546,2.8904862
-94.91115,182.33817,2.8860953
-95.78443,182.5663,2.8816311
-96.6593,182.79892,2.877181
-97.53703,183.03648,2.8728757
-98.42217,183.28,2.8689268
-99.31316,183.52902,2.8652933
-100.21763,183.78548,2.861597
-101.13553,184.04929,2.8577898
-102.056274,184.31784,2.8538766
-102.97693,184.59045,2.8496492
-103.8963,184.8667,2.8453062
-104.80631,185.14447,2.8411615
-105.70868,185.42409,2.8372273
-106.61298,185.70828,2.8330927
-107.519066,185.99706,2.8286495
-108.41982,186.28873,2.8238282
-109.31383,186.58307,2.8184576
-110.19765,186.8792,2.812731
-111.0737,187.17824,2.8069205
-111.923454,187.47366,2.8016853
-112.767204,187.7719,2.7972405
-113.60719,188.07307,2.793146
-114.43688,188.37439,2.789426
-115.27506,188.6824,2.785812
-116.12395,188.99799,2.7817051
-116.99292,189.32518,2.7766793
-117.86624,189.6588,2.7711444
-118.74621,190.0006,2.7653217
-119.628456,190.34903,2.7595122
-120.50543,190.70163,2.7534997
-121.38333,191.06071,2.7469518
-122.26242,191.42667,2.7403247
-123.13873,191.79836,2.7339833
-124.01574,192.17715,2.7275097
-124.88971,192.56142,2.7205524
-125.75711,192.94994,2.7134395
-126.62056,193.34395,2.7065072
-147.00578,173.12212,-0.0624969
-146.00197,173.05878,-0.066357724
-145.0216,172.9932,-0.07170821
-144.06183,172.92384,-0.07786006
-143.11615,172.84988,-0.08423563
-142.17923,172.77077,-0.090265125
-141.23746,172.6856,-0.09597492
-140.33109,172.59785,-0.10177626
-139.4101,172.50392,-0.10730582
-138.47675,172.40363,-0.11317794
-137.5434,172.29758,-0.11904269
-136.62901,172.18805,-0.124563724
-135.72612,172.07478,-0.129705
-134.82216,171.95697,-0.13468528
-133.92665,171.83536,-0.13995086
-133.04344,171.7107,-0.1454023
-132.15218,171.5804,-0.15062213
-131.26508,171.44579,-0.15576424
-130.38104,171.30693,-0.16071992
-129.51021,171.16582,-0.16523877
-128.64388,171.0213,-0.16950193
-127.78509,170.87422,-0.1738505
-126.96965,170.73074,-0.17802584
-126.15999,170.58495,-0.18178944
-125.41079,170.44695,-0.18537758
-124.68582,170.31076,-0.18865307
-123.95786,170.17175,-0.19187826
-123.190994,170.02292,-0.19564128
-122.41464,169.86888,-0.2004351
-121.65616,169.71463,-0.20551407
-120.9139,169.55988,-0.21018854
-120.165634,169.40047,-0.21430832
-119.40912,169.23601,-0.21811128
-118.642265,169.06622,-0.2215755
-117.85882,168.8899,-0.22495358
-117.061554,168.70757,-0.22832176
-116.261,168.52156,-0.23165569
-115.4546,168.33087,-0.23601592
-114.665054,168.14125,-0.24041373
-113.87274,167.94707,-0.24419162
-113.08034,167.74954,-0.24816543
-112.29803,167.55127,-0.25221667
-111.52658,167.35242,-0.25625122
-110.75363,167.14992,-0.26029918
-109.96641,166.9404,-0.26415694
-109.16647,166.7241,-0.26783347
-108.35746,166.50177,-0.27215493
-107.548035,166.27547,-0.277709
-106.74495,166.0466,-0.2835821
-105.94701,165.81442,-0.2885843
-105.16645,165.5827,-0.29292092
-104.39167,165.34888,-0.29736173
-103.61676,165.1114,-0.3019873
-102.84662,164.87164,-0.30628642
-102.0893,164.63214,-0.31019145
-101.35932,164.39821,-0.3135823
-100.63932,164.16438,-0.3173115
-99.91533,163.92671,-0.3213332
-99.1977,163.68794,-0.32498336
-98.49095,163.45006,-0.32789567
-97.80401,163.21628,-0.3305555
-97.12574,162.98286,-0.3347171
-96.44665,162.7461,-0.3410332
-95.7792,162.50836,-0.34988812
-95.12247,162.26819,-0.36106914
-94.45975,162.01804,-0.37294126
-93.80063,161.76012,-0.38471442
-93.147125,161.49527,-0.3970229
-92.51448,161.22984,-0.40967363
-91.89874,160.96246,-0.42216712
-91.308754,160.69722,-0.43459484
-90.73464,160.43002,-0.4485048
-90.16517,160.15498,-0.46569863
-89.61443,159.8778,-0.4848579
-89.08214,159.59708,-0.5049347
-88.5627,159.30954,-0.526237
-88.061485,159.01752,-0.5498486
-87.581726,158.72325,-0.5745601
-87.11742,158.42192,-0.60076296
-86.665436,158.112,-0.62835145
-86.22642,157.79306,-0.65579116
-85.802734,157.4666,-0.68378484
-85.3995,157.13802,-0.71142215
-85.0183,156.80952,-0.73736674
-84.659004,156.4833,-0.7613769
-84.32327,156.1626,-0.78536075
-84.01333,155.85266,-0.8086317
-83.72321,155.54913,-0.8293673
-83.44041,155.2402,-0.849482
-83.15929,154.92104,-0.8688625
-82.879845,154.59123,-0.8861713
-82.604515,154.25502,-0.8999694
-82.332,153.91367,-0.9073081
-82.060905,153.56837,-0.9080976
-81.78921,153.22046,-0.9061586
-81.52326,152.88152,-0.90276957
-81.262634,152.55212,-0.8963421
-81.00523,152.231,-0.886439
-80.74944,151.91823,-0.8734062
-234.2688,168.51889,3.0138378
-234.64174,168.56667,3.0289407
-235.00342,168.60739,3.0453224
-235.34164,168.63919,3.065536
-235.66037,168.66339,3.087996
-235.9534,168.67868,3.1113384
-236.24063,168.68683,3.1388416
-236.54298,168.68735,-3.1119092
-236.84697,168.6779,-3.076038
-237.13876,168.65929,-3.0425763
-237.41055,168.63245,-3.0139732
-237.6607,168.60043,-2.988491
-237.90285,168.56345,-2.9665236
-238.14314,168.52101,-2.946821
-238.38417,168.473,-2.9241307
-238.6143,168.42206,-2.8994105
-238.80608,168.37448,-2.8764184
-238.95508,168.33397,-2.8561594
-239.08287,168.29659,-2.838422
-239.20758,168.25763,-2.8223717
-239.3313,168.2167,-2.8065336
-239.45323,168.17436,-2.791937
-239.57375,168.13052,-2.7798836
-239.69304,168.08533,-2.7680645
-239.81297,168.03831,-2.755419
-239.93507,167.98875,-2.7434123
-240.05566,167.93802,-2.7323678
-240.17778,167.88515,-2.7222083
-240.30653,167.82777,-2.7137628
-240.43686,167.76846,-2.7069795
-240.56854,167.70734,-2.7013755
-240.69966,167.6456,-2.696049
-240.82666,167.58496,-2.691141
-240.94011,167.5301,-2.6859887
-241.04231,167.48001,-2.679865
-241.14357,167.42955,-2.6722782
-241.25108,167.37495,-2.6626709
-241.37988,167.30798,-2.651127
-241.53809,167.22342,-2.6382322
-241.70813,167.12964,-2.6244645
-241.89413,167.02373,-2.608877
-242.08217,166.91293,-2.5933933
-242.27492,166.79524,-2.5781493
-242.47426,166.66905,-2.5618591
-242.66872,166.54153,-2.54306
-242.84898,166.41869,-2.5242276
-243.01514,166.30089,-2.5067406
-243.17038,166.18666,-2.4912257
-243.31635,166.0757,-2.4767728
-243.4787,165.94867,-2.4636285
-243.67838,165.78801,-2.4523869
-243.90335,165.60275,-2.442236
-244.14839,165.39693,-2.4335816
-244.4097,165.17314,-2.4251866
-244.68047,164.93738,-2.4162898
-244.96352,164.68698,-2.4089112
-245.2825,164.40065,-2.404154
-245.64435,164.07239,-2.4011226
-246.02301,163.7264,-2.3986735
-246.40952,163.37134,-2.3960447
-246.80685,163.00452,-2.3931065
-247.21439,162.6264,-2.3907902
-247.64162,162.22858,-2.390308
-248.10039,161.80072,-2.391078
-248.5813,161.35268,-2.392214
-249.08096,160.88826,-2.3941517
-249.59439,160.41275,-2.3967526
-250.11847,159.92996,-2.4001598
-250.65553,159.43828,-2.4040139
-251.19666,158.94626,-2.4072685
-251.74924,158.44786,-2.4108903
-252.3282,157.92938,-2.4153695
-252.9416,157.38498,-2.4205086
-253.58429,156.8201,-2.425889
-254.24643,156.24358,-2.4301968
-254.92165,155.6616,-2.4339375
-255.60574,155.07631,-2.4377873
-256.32156,154.46884,-2.4422483
-257.06125,153.84659,-2.4476573
-257.8177,153.21701,-2.4534001
-258.5744,152.59482,-2.459272
-259.32953,151.98137,-2.4649572
-260.07898,151.38022,-2.471167
-260.82724,150.78754,-2.4784377
-261.5805,150.1994,-2.4865713
-262.3413,149.61478,-2.494969
-263.10648,149.03734,-2.5036035
-263.86838,148.47285,-2.512284
-264.63123,147.91753,-2.5205004
-265.39444,147.37204,-2.5292726
-266.15274,146.84,-2.5383728
-266.91238,146.31648,-2.5466852
-267.67755,145.79843,-2.5542285
-268.4522,145.28235,-2.5615053
-269.23798,144.76671,-2.5680437
-270.0279,144.25635,-2.5742397
-270.8067,143.76056,-2.5803967
-271.58862,143.26917,-2.5866306
-272.37897,142.7791,-2.5930915
-249.84543,108.32714,-1.519797
-249.79477,107.32413,-1.5238607
-249.74997,106.357506,-1.5295733
-249.71126,105.40858,-1.5360683
-249.6791,104.471924,-1.5429076
-249.65283,103.53219,-1.549756
-249.6322,102.570274,-1.5568726
-249.61906,101.61189,-1.5648658
-249.61359,100.65499,-1.5731046
-249.6154,99.68766,-1.5812414
-249.62512,98.71408,-1.5890354
-249.64299,97.75612,-1.5966308
-249.6676,96.83235,-1.603198
-249.6973,95.95353,-1.6089859
-249.73077,95.09328,-1.6146733
-249.76846,94.23424,-1.6203995
-249.81235,93.340576,-1.6261561
-249.86285,92.42415,-1.6321201
-249.91959,91.49736,-1.6380416
-249.98112,90.582794,-1.643641
-250.04686,89.682655,-1.648605
-250.11758,88.770805,-1.6528732
-250.19325,87.84805,-1.6568589
-250.27232,86.92793,-1.66022
-250.35362,86.02119,-1.6628115
-250.43669,85.12386,-1.6653675
-250.5222,84.22484,-1.6685759
-250.60959,83.33636,-1.6723845
-250.69948,82.455765,-1.6763644
-250.79369,81.56695,-1.6805584
-250.89314,80.66434,-1.6851245
-250.99873,79.745705,-1.6903601
-251.1114,78.809875,-1.696699
-251.23189,77.85902,-1.7041382
-251.35771,76.92194,-1.7119389
-251.48724,76.00929,-1.7186418
-251.62228,75.10344,-1.724628
-251.76291,74.196014,-1.7304987
-251.90672,73.30382,-1.7361834
-252.05588,72.41016,-1.7415781
-252.2108,71.51191,-1.7472717
-252.37376,70.59846,-1.7536455
-252.54442,69.67433,-1.7604172
-252.72282,68.7423,-1.7666317
-252.90724,67.812294,-1.7723359
-253.0967,66.88456,-1.7776915
-253.28749,65.97821,-1.783295
-253.47624,65.103004,-1.7878476
-253.66588,64.24279,-1.7910318
-253.85695,63.388496,-1.7934748
-254.0514,62.52817,-1.7951186
-254.24979,61.65812,-1.796381
-254.44728,60.7982,-1.7977617
-254.64554,59.940838,-1.7995735
-254.84172,59.099564,-1.8020744
-255.04169,58.25099,-1.8050178
-255.24861,57.384926,-1.8090495
-255.45685,56.5262,-1.8129802
-255.66249,55.69144,-1.8150151
-255.86745,54.866844,-1.8148829
-256.07272,54.042065,-1.8137751
-256.27646,53.22142,-1.8131206
-256.47922,52.402626,-1.8134736
-256.67905,51.59543,-1.8141448
-256.87888,50.790165,-1.8144426
-257.07895,49.985058,-1.814476
-257.27753,49.18683,-1.8146237
-257.47943,48.37693,-1.8157572
-257.68753,47.54465,-1.8177512
-257.8982,46.708412,-1.8197826
-258.10907,45.877712,-1.821002
-258.32065,45.04946,-1.821587
-258.53436,44.214565,-1.8218561
-258.74835,43.379288,-1.8215806
-258.9631,42.54059,-1.820815
-259.1746,41.71148,-1.8194785
-259.38248,40.8923,-1.8175356
-259.58722,40.079777,-1.8155606
-259.78775,39.276993,-1.8136967
-259.98215,38.492794,-1.8119982
-260.17453,37.71104,-1.8105654
-260.36493,36.932568,-1.8094075
-260.55002,36.169983,-1.8076417
-260.73077,35.420666,-1.805324
-260.90698,34.682358,-1.8026402
-261.06982,33.992043,-1.7999035
-261.21042,33.387295,-1.7970318
-261.34055,32.82048,-1.7934852
-261.46768,32.258415,-1.7891302
-261.5966,31.676184,-1.7836633
-261.72412,31.084953,-1.777085
-261.85364,30.463818,-1.7686073
-261.984,29.81187,-1.7587427
-262.11224,29.1362,-1.7478749
-262.2384,28.430002,-1.7361727
-262.36038,27.698452,-1.7240052
-262.4773,26.940735,-1.7114037
-262.58444,26.183645,-1.6988454
-262.68195,25.427586,-1.686543
-248.73994,4.452824,-1.1354837
-248.37311,3.6628315,-1.1204456
-248.00975,2.9104717,-1.1079879
-247.6463,2.1803057,-1.0977765
-247.27632,1.4559864,-1.0897905
-246.89444,0.72272336,-1.0839845
-246.5004,-0.02289411,-1.0804743
-246.09756,-0.7778097,-1.078098
-245.68654,-1.5441664,-1.0767275
-245.26767,-2.322388,-1.076476
-244.84425,-3.1082935,-1.0769155
-244.41133,-3.9126072,-1.0778121
-243.97304,-4.7286415,-1.0791345
-243.53358,-5.549217,-1.0806614
-243.09709,-6.36746,-1.0823243
-242.66554,-7.179461,-1.0838817
-242.2404,-7.9821754,-1.0850022
-241.81685,-8.784291,-1.0858476
-241.38982,-9.595073,-1.0869874
-240.95576,-10.421176,-1.0884491
-240.53761,-11.21973,-1.0898482
-240.1164,-12.026567,-1.0908713
-239.6947,-12.836831,-1.0917739
-239.27084,-13.652518,-1.0924466
-238.84744,-14.469675,-1.0934347
-238.4229,-15.2908535,-1.0951115
-237.99863,-16.114773,-1.097338
-237.57338,-16.945107,-1.1000532
-237.14597,-17.78596,-1.1038294
-236.72089,-18.628412,-1.107667
-236.30115,-19.467348,-1.1098161
-235.8867,-20.301102,-1.110424
-235.47884,-21.122253,-1.109444
-235.07433,-21.93565,-1.1073638
-234.67155,-22.74113,-1.1045656
-234.27258,-23.533525,-1.101015
-233.87161,-24.322695,-1.0966347
-233.4615,-25.121826,-1.0919361
-233.05057,-25.912945,-1.0869821
-232.64551,-26.683239,-1.0813406
-232.24059,-27.443235,-1.0751896
-231.83717,-28.189402,-1.0689476
-231.44069,-28.912025,-1.062876
-231.04688,-29.619358,-1.0568659
-230.65295,-30.317295,-1.0511128
-230.25331,-31.01626,-1.0459319
-229.84758,-31.717632,-1.0415864
-229.43939,-32.416153,-1.0382485
-229.02698,-33.116047,-1.0353799
-228.61821,-33.804745,-1.0322405
-228.21594,-34.478176,-1.0291065
-227.82285,-35.13108,-1.0258031
-227.4471,-35.7503,-1.0218217
-227.09164,-36.33098,-1.0173612
-226.7497,-36.8838,-1.0123372
-226.40836,-37.430386,-1.0074594
-226.07251,-37.961483,-1.0022075
-225.74174,-38.478424,-0.9957678
-225.41412,-38.98353,-0.98831266
-225.08795,-39.478283,-0.98003685
-224.76407,-39.961163,-0.9714924
-224.43994,-40.435585,-0.9629264
-224.10725,-40.91371,-0.9541098
-223.79338,-41.356567,-0.9460391
-223.47026,-41.804714,-0.9380263
-223.14745,-42.244637,-0.92966604
-222.83385,-42.66386,-0.9194428
-222.52567,-43.06714,-0.906295
-222.21965,-43.45706,-0.89062166
-221.91093,-43.838036,-0.87264216
-221.60014,-44.208332,-0.8537951
-221.2872,-44.566757,-0.83382344
-220.9833,-44.901035,-0.8124656
-220.68996,-45.210712,-0.79090524
-220.4107,-45.492912,-0.7700687
-220.14017,-45.75499,-0.7488202
-219.87383,-46.002308,-0.72685397
-219.61298,-46.233814,-0.70365137
-219.35901,-46.448654,-0.6779056
-219.11607,-46.643734,-0.64991134
-218.88324,-46.82027,-0.6199799
-218.6574,-46.981575,-0.59031034
-218.42953,-47.134296,-0.56132394
-218.20296,-47.27677,-0.5330872
-217.97185,-47.41388,-0.5084363
-217.74191,-47.542606,-0.4895384
-217.51648,-47.663376,-0.47654077
-217.2949,-47.777264,-0.4633283
-217.07838,-47.885265,-0.447888
-216.86212,-47.988747,-0.42942005
-216.6434,-48.088528,-0.4071331
-216.42021,-48.184376,-0.38083938
-216.1853,-48.27845,-0.3523945
-215.9293,-48.372814,-0.32393983
-215.65202,-48.465237,-0.2912169
-215.36075,-48.551796,-0.2513818
-215.0608,-48.62869,-0.20788752
-214.756,-48.693165,-0.16475852
-214.44353,-48.746334,-0.12784682
-201.65286,-55.863937,-0.072185166
-201.31897,-55.888065,-0.04626586
-200.96704,-55.90448,-0.01963179
-200.5954,-55.911785,0.007766408
-200.20787,-55.908833,0.03572606
-199.80298,-55.89452,0.06368856
-199.3788,-55.86819,0.08910693
-198.91716,-55.828224,0.109312266
-198.42961,-55.775772,0.12322617
-197.89844,-55.71058,0.13359714
-197.33734,-55.63523,0.14274964
-196.74516,-55.550083,0.15198947
-196.14505,-55.457874,0.16187769
-195.53978,-55.359226,0.17174827
-194.93515,-55.253895,0.18248771
-194.33382,-55.142006,0.19641468
-193.74313,-55.02411,0.21266858
-193.15012,-54.896507,0.22846419
-192.5556,-54.758602,0.24275014
-191.95854,-54.611046,0.25585586
-191.35504,-54.453663,0.26750082
-190.73787,-54.28512,0.27725944
-190.10362,-54.104958,0.28575674
-189.44542,-53.912045,0.29319927
-188.76166,-53.70622,0.29917645
-188.05383,-53.48796,0.30468228
-187.32098,-53.25867,0.3080743
-186.5668,-53.019314,0.3089921
-185.79459,-52.773354,0.3081736
-185.013,-52.52526,0.30531073
-184.23169,-52.279358,0.30089924
-183.40184,-52.022274,0.29488432
-182.6265,-51.786358,0.28913814
-181.80824,-51.542763,0.2835192
-180.97357,-51.299778,0.27726573
-180.12816,-51.059418,0.2696756
-179.27136,-50.82273,0.26089403
-178.38951,-50.587868,0.2500436
-177.4961,-50.359833,0.23722169
-176.59604,-50.143307,0.22178432
-175.70134,-49.942135,0.2041164
-174.79729,-49.75443,0.18689273
-173.88002,-49.58064,0.16998027
-172.96533,-49.424374,0.15178138
-172.04887,-49.283985,0.1333956
-171.13939,-49.16245,0.11497134
-170.2258,-49.057217,0.096279584
-169.30836,-48.968925,0.07611459
-168.384,-48.8981,0.05510734
-167.43266,-48.84497,0.03319552
-166.47392,-48.8124,0.009268157
-165.52728,-48.803474,-0.013581311
-164.60179,-48.817635,-0.034247044
-163.68044,-48.849174,-0.05290481
-162.75256,-48.897224,-0.069180734
-161.81496,-48.96097,-0.08359052
-160.88155,-49.039005,-0.09732107
-159.95303,-49.13015,-0.11103094
-159.02855,-49.233673,-0.12556164
-158.11325,-49.349724,-0.1407683
-157.20496,-49.47893,-0.15618268
-156.2993,-49.621773,-0.17196879
-155.38046,-49.780315,-0.18716791
-154.46432,-49.953285,-0.20183891
-153.55049,-50.139565,-0.2149151
-152.64944,-50.33657,-0.22653717
-151.7594,-50.54237,-0.23756047
-150.87346,-50.757256,-0.24852583
-149.99304,-50.980812,-0.25956896
-149.09685,-51.21787,-0.27083424
-148.18965,-51.46877,-0.28290477
-147.2704,-51.7348,-0.29563704
-146.357,-52.012463,-0.30840454
-145.45654,-52.299793,-0.32018042
-144.5657,-52.59535,-0.33027893
-143.67957,-52.898857,-0.33856955
-142.78746,-53.212254,-0.34573734
-141.89555,-53.53322,-0.35287905
-141.00864,-53.85998,-0.35996532
-140.12292,-54.193348,-0.36672136
-139.2555,-54.527214,-0.373625
-138.39662,-54.86472,-0.3810617
-137.52608,-55.213017,-0.3887006
-136.63977,-55.575268,-0.39673316
-135.75285,-55.945797,-0.40400964
-134.87112,-56.32225,-0.40958816
-134.00716,-56.69744,-0.4138669
-133.14653,-57.07513,-0.41680998
-132.29594,-57.451717,-0.41897476
-131.44695,-57.829945,-0.42104873
-130.58119,-58.217373,-0.42313552
-129.71442,-58.60764,-0.42517233
-128.8505,-58.99892,-0.4272827
-127.9883,-59.39134,-0.42914182
-127.1411,-59.77816,-0.42925704
-126.30658,-60.159813,-0.4275623
-125.48274,-60.53468,-0.4242904
-124.66192,-60.905075,-0.41954795
-123.84769,-61.26818,-0.41427144
-113.05751,-10.407001,2.7776594
-113.98472,-10.05426,2.78145
-114.88793,-9.714168,2.786385
-115.78568,-9.380706,2.7907312
-116.67853,-9.053536,2.7940333
-117.55607,-8.735103,2.7961884
-118.42962,-8.420661,2.7978225
-119.310425,-8.105413,2.7994838
-120.18993,-7.792189,2.8011034
-121.06573,-7.4815655,2.8022034
-121.936165,-7.173698,2.8021312
-122.795334,-6.869607,2.8005548
-123.6561,-6.5638275,2.7979875
-124.5219,-6.254105,2.7949948
-125.393845,-5.9393253,2.791836
-126.280266,-5.6164436,2.7887526
-127.17801,-5.2860827,2.785374
-128.05852,-4.957907,2.7812624
-128.93044,-4.6285763,2.7761264
-129.80585,-4.2933154,2.769856
-130.68076,-3.952496,2.7633464
-131.55904,-3.6031773,2.7563486
-132.42822,-3.2493758,2.7468965
-133.28668,-2.8901563,2.733752
-134.13472,-2.5226479,2.7175608
-134.98174,-2.1412382,2.7017455
-135.83885,-1.7386718,2.68719
-136.663,-1.3356439,2.6733437
-137.4522,-0.9352841,2.6612082
-138.21219,-0.5380834,2.6499007
-138.96971,-0.13196841,2.6385353
-139.7325,0.28862736,2.625456
-140.45287,0.69728583,2.613043
-141.21614,1.1412308,2.6008034
-141.99625,1.607451,2.5899858
-142.78911,2.0939417,2.5806828
-143.59007,2.596345,2.5717216
-144.37785,3.101085,2.5631707
-145.1529,3.6076744,2.5548294
-145.91196,4.1134005,2.5452564
-146.65625,4.618161,2.5361636
-147.38284,5.120918,2.5285027
-148.10356,5.627777,2.5216258
-148.82568,6.1432166,2.5148823
-149.5284,6.6522136,2.5082397
-150.23172,7.1683674,2.5021584
-150.94067,7.6954694,2.4961035
-151.65771,8.235412,2.4896615
-152.38705,8.792213,2.4821348
-153.12723,9.365699,2.4738247
-153.86285,9.945769,2.465277
-154.57858,10.520478,2.457099
-155.28186,11.094787,2.449458
-155.97784,11.6721735,2.4414136
-156.6686,12.254505,2.4323454
-157.3625,12.849566,2.4231737
-158.05072,13.450814,2.4148722
-158.74214,14.064387,2.408292
-159.41895,14.673808,2.4032633
-160.08488,15.279652,2.39945
-160.74646,15.88626,2.3962169
-161.41336,16.501795,2.3929083
-162.07797,17.118965,2.3898823
-162.73424,17.732676,2.3870363
-163.39163,18.350962,2.383731
-164.04019,18.965008,2.3799598
-164.6808,19.57594,2.3762004
-165.30304,20.173813,2.3727179
-165.9044,20.755518,2.3698323
-166.4981,21.333021,2.3676515
-167.08264,21.904207,2.3660378
-167.65887,22.469042,2.3648896
-168.23177,23.032267,2.3636465
-168.79324,23.585184,2.3626518
-169.35655,24.140837,2.362558
-169.93163,24.708574,2.3628821
-170.50232,25.27163,2.3633137
-171.05992,25.820932,2.3644257
-171.61446,26.366701,2.3655016
-172.15634,26.898787,2.3659835
-172.68436,27.416529,2.3662271
-173.17058,27.892912,2.366499
-173.65121,28.363577,2.366874
-174.11995,28.822157,2.3677251
-174.57341,29.265356,2.368525
-175.00279,29.684351,2.3689394
-175.4134,30.084791,2.3688571
-175.81612,30.477535,2.3682883
-176.22731,30.879393,2.3665664
-176.64586,31.289616,2.3636467
-177.0603,31.697876,2.360447
-177.46284,32.097126,2.3572881
-177.85123,32.484608,2.3545575
-178.22972,32.864025,2.3531122
-178.59943,33.235886,2.3527524
-178.94933,33.588245,2.3530064
-179.24364,33.884598,2.353914
-179.48967,34.131844,2.3555944
-179.7067,34.34924,2.3574502
-15.142388,7.855187,3.0565698
-15.413935,7.878329,3.0582678
-15.632669,7.8966575,3.0604925
-15.834966,7.913107,3.0629292
-16.03464,7.92884,3.0654843
-16.234158,7.9440503,3.0681016
-16.427704,7.958316,3.0706828
-16.598309,7.9705353,3.0726433
-16.738321,7.980239,3.074501
-16.864473,7.988697,3.0766318
-16.97495,7.995897,3.0788136
-17.06967,8.00187,3.0810676
-17.154194,8.007072,3.0817223
-17.21094,8.010569,3.0799167
-17.230364,8.011827,3.0759308
-17.220081,8.01116,3.0714726
-17.206963,8.010229,3.066998
-17.217716,8.010995,3.0625806
-17.241575,8.012912,3.0578072
-17.24278,8.013048,3.050568
-17.215298,8.010567,3.0403
-17.162624,8.005244,3.0272603
-17.086391,7.996552,3.012197
-16.986427,7.983612,2.9953153
-16.863781,7.9656844,2.9775145
-16.725357,7.9428706,2.960213
-16.575459,7.915348,2.9413338
-16.438698,7.8872476,2.920061
-16.315466,7.8595257,2.8980258
-16.181484,7.826576,2.8790064
-16.030634,7.78599,2.8600645
-15.881642,7.7429957,2.8421724
-15.725545,7.694908,2.8248925
-15.566131,7.642718,2.8084633
-15.40331,7.5863833,2.791703
-15.243961,7.5282307,2.7754514
-15.087183,7.4680705,2.7589414
-14.93119,7.405369,2.7428918
-14.770078,7.3375297,2.7267578
-14.607366,7.2658286,2.7098222
-14.44843,7.192651,2.693645
-14.287949,7.115562,2.677621
-14.1274805,7.035326,2.662174
-13.970768,6.95378,2.6469798
-13.827856,6.876452,2.6310632
-13.708519,6.809412,2.6156397
-13.590846,6.7409205,2.5961905
-13.478436,6.67258,2.5741024
-13.37551,6.6069403,2.5521033
-13.27499,6.539698,2.5298264
-13.171268,6.46703,2.5075128
-13.061297,6.3861604,2.4842622
-12.95564,6.3045406,2.460804
-12.865472,6.2317457,2.4430163
-12.785355,6.1646786,2.432948
-12.700579,6.09214,2.4254713
-12.613749,6.016607,2.419133
-12.524836,5.9382305,2.4122782
-12.436493,5.8592367,2.405068
-12.340362,5.771962,2.3945901
-12.237611,5.6768193,2.3814473
-12.133125,5.577439,2.3672042
-12.024124,5.470974,2.3527434
-11.906824,5.3528404,2.3365972
-11.791462,5.232907,2.3207104
-11.674447,5.107343,2.3046143
-11.556632,4.9767365,2.2884336
-11.440843,4.843998,2.2717583
-11.329131,4.711674,2.2554076
-11.217649,4.5751452,2.239078
-11.1068325,4.4348245,2.222809
-10.998359,4.292726,2.206811
-10.891347,4.1478043,2.1906664
-10.785803,3.9999008,2.1740716
-10.684196,3.8524332,2.157922
-10.5845375,3.7026584,2.1416945
-10.486662,3.5502617,2.1252036
-10.392427,3.398092,2.109245
-10.299908,3.2431889,2.093016
-10.211264,3.089094,2.0768955
-10.124426,2.93252,2.0607278
-10.04014,2.7744248,2.0447457
-9.9591,2.6163986,2.0286713
-9.881035,2.4579992,2.012625
-9.806367,2.3001213,1.9969584
-9.734545,2.1419756,1.9815096
-9.668258,1.9899361,1.968623
-9.6056595,1.8413078,1.9587144
-9.546549,1.6967537,1.9515411
-9.490545,1.556792,1.9452589
-9.438451,1.4240313,1.9392413
-9.388213,1.2935711,1.9312929
-9.34092,1.1671783,1.9185307
-9.296557,1.0439706,1.8990465
-9.25375,0.9182804,1.8760116
-9.211615,0.78449595,1.8513007
-9.173725,0.6525923,1.8255035
-9.145516,0.5434023,1.8002905
-9.127545,0.46569034,1.776079
-7.4672585,8.884751,2.8733487
-7.463728,8.883776,2.854045
-7.469269,8.885368,2.8334677
-7.493293,8.892975,2.8138688
-7.5363336,8.907567,2.793895
-7.6033,8.931781,2.7743866
-7.6913543,8.965599,2.7571082
-7.790561,9.005627,2.743159
-7.9004583,9.051685,2.7340713
-8.021021,9.103345,2.7336915
-8.151202,9.159229,2.7426157
-8.30952,9.225677,2.7604702
-8.497724,9.301064,2.783385
-8.708557,9.379922,2.8089068
-8.931058,9.456804,2.8356442
-9.177977,9.535179,2.8619895
-9.503721,9.629578,2.8877785
-9.918554,9.737606,2.9142554
-10.392362,9.847645,2.9409983
-10.899014,9.950631,2.9680743
-11.431359,10.044771,2.9935524
-11.980186,10.126949,3.016794
-12.5478525,10.199034,3.037474
-13.148675,10.262742,3.0548546
-13.798687,10.320275,3.0688548
-14.511329,10.3721695,3.0817883
-15.268319,10.416819,3.0962036
-16.034765,10.451215,3.112177
-16.792736,10.473327,3.129211
-17.540411,10.482844,-3.137096
-18.272709,10.479665,-3.1207287
-18.986843,10.465453,-3.1058676
-19.666945,10.441806,-3.09358
-20.304531,10.41164,-3.083062
-20.948786,10.374351,-3.073806
-21.608934,10.329656,-3.0660295
-22.290716,10.278638,-3.0599642
-23.012716,10.220466,-3.0570345
-23.77691,10.156206,-3.0566053
-24.57977,10.088141,-3.0575485
-25.390497,10.0197735,-3.0587623
-26.204634,9.952225,-3.0599704
-27.016813,9.885714,-3.0610826
-27.827713,9.820426,-3.062384
-28.64633,9.755479,-3.0639231
-29.482355,9.690604,-3.065877
-30.338787,9.625814,-3.0684383
-31.21648,9.561592,-3.0714703
-32.1033,9.499436,-3.0749154
-33.013126,9.438717,-3.0787072
-33.927944,9.380847,-3.0821643
-34.826183,9.327117,-3.0846846
-35.721336,9.27598,-3.0864477
-36.624107,9.226431,-3.0886228
-37.53125,9.179203,-3.092804
-38.443134,9.135219,-3.0990624
-39.368427,9.09631,-3.107033
-40.303818,9.063739,-3.1155128
-41.248013,9.038697,-3.1233683
-42.198746,9.020885,-3.1301901
-43.153576,9.0098505,-3.136378
-44.10465,9.005001,3.1406074
-45.05791,9.005542,3.1349752
-46.01518,9.011641,3.1300886
-46.97315,9.022533,3.1256218
-47.935345,9.037846,3.1213403
-48.89759,9.057354,3.1170235
-49.862267,9.080915,3.1129048
-50.81756,9.108754,3.1083045
-51.762657,9.140287,3.103367
-52.707737,9.176267,3.098764
-53.64901,9.216541,3.0944986
-54.587387,9.260937,3.0900903
-55.52502,9.309829,3.0845656
-56.472782,9.363595,3.0788853
-57.42605,9.42307,3.074066
-58.378872,9.487184,3.070165
-59.322292,9.554623,3.0668445
-60.265594,9.625179,3.0638845
-61.20986,9.698694,3.0610163
-62.151386,9.774737,3.0581546
-63.08357,9.852839,3.0551612
-64.00143,9.932515,3.052039
-64.905365,10.013752,3.048946
-65.798035,10.096478,3.0463822
-66.684525,10.1808605,3.0446808
-67.564156,10.266163,3.0437562
-68.423904,10.350347,3.0435457
-69.2914,10.43584,3.043299
-70.16869,10.52255,3.0424602
-71.057594,10.611165,3.0409667
-71.95577,10.701911,3.0390577
-72.857216,10.794749,3.0368793
-73.75019,10.888422,3.0349605
-74.62815,10.982248,3.0336857
-75.49174,11.075862,3.0326774
-76.3564,11.170375,3.0317686
-77.22892,11.266661,3.0307033
-78.09821,11.363517,3.0293827
-2.3679595,95.48066,1.602481
-2.3958967,96.365036,1.6010056
-2.4216228,97.21749,1.5993886
-2.4463859,98.0786,1.5980394
-2.4697368,98.93479,1.5968602
-2.4916303,99.78293,1.595384
-2.5120652,100.60916,1.5940899
-2.5301967,101.3766,1.5941418
-2.5462656,102.0675,1.5956005
-2.5628335,102.73832,1.5975435
-2.5809205,103.421295,1.5989443
-2.6002123,104.11913,1.5991728
-2.6202254,104.83612,1.5980548
-2.6399689,105.56734,1.5959733
-2.6588469,106.32351,1.5931666
-2.6752644,107.06234,1.5899088
-2.689567,107.795364,1.58726
-2.7023945,108.55489,1.585563
-2.7145123,109.36953,1.584078
-2.7258193,110.20339,1.5827953
-2.7361643,111.05823,1.5818104
-2.7459135,111.914825,1.5813732
-2.754887,112.748,1.5818303
-2.7638214,113.5862,1.5821002
-2.7728376,114.45374,1.580108
-2.7806668,115.33714,1.575876
-2.784778,116.218575,1.5703176
-2.7843661,117.10748,1.5642548
-2.7787073,118.00267,1.5583268
-2.7678208,118.895454,1.5529977
-2.7516391,119.82229,1.5479679
-2.7300766,120.77297,1.5423145
-2.7024968,121.73962,1.53599
-2.6686273,122.727104,1.5296557
-2.6285827,123.69423,1.5234047
-2.5823443,124.67318,1.5176234
-2.5316994,125.617516,1.5118308
-2.4762568,126.56631,1.5077423
-2.4161532,127.52001,1.5041374
-2.3525813,128.46887,1.5002536
-2.2859335,129.41174,1.4962975
-2.2158887,130.35034,1.492563
-2.142139,131.29231,1.4890585
-2.065101,132.23117,1.4854151
-1.9850833,133.16501,1.4815803
-1.9012684,134.10373,1.4779444
-1.8139056,135.04118,1.4742684
-1.7234372,135.97333,1.4702531
-1.6299471,136.89891,1.4660133
-1.5323594,137.82532,1.4614813
-1.4299179,138.75874,1.4565965
-1.3231477,139.6914,1.4518944
-1.21287,140.61848,1.4483867
-1.099477,141.54332,1.4462688
-0.9862708,142.44899,1.4452165
-0.8756971,143.32465,1.4450781
-0.7667325,144.1854,1.44539
-0.6613401,145.02223,1.4462471
-0.5592654,145.83786,1.448213
-0.46614754,146.59093,1.4508014
-0.37620082,147.33633,1.4540869
-0.28525662,148.11183,1.4569772
-0.19442496,148.903,1.458574
-0.10646662,149.68048,1.4588921
-0.016445253,150.47824,1.4580271
0.075070314,151.28513,1.4561274
0.16629165,152.07652,1.4539795
0.25604457,152.84062,1.4519194
0.3460632,153.59377,1.4498987
0.44142553,154.37701,1.4471657
0.5380784,155.15443,1.4438576
0.6362311,155.92242,1.440396
0.74155855,156.72551,1.4364381
0.8553993,157.56915,1.432202
0.97895086,158.45714,1.4281205
1.1089736,159.36478,1.4245538
1.2447472,160.28394,1.4204887
1.3839421,161.20102,1.4153701
1.5248373,162.10144,1.4104229
1.6697193,162.99338,1.4048213
1.8197438,163.88618,1.3977308
1.9732196,164.76343,1.3900392
2.1335878,165.64137,1.382418
2.3018332,166.52423,1.3749061
2.476704,167.40526,1.3673494
2.6596072,168.29497,1.3607922
2.849471,169.18843,1.3558669
3.0427575,170.07486,1.3520341
3.2341664,170.93646,1.3490263
3.4266999,171.79102,1.3467162
3.6225142,172.64911,1.3441145
3.8218918,173.51335,1.3410528
4.022137,174.36696,1.3368635
4.221497,175.20258,1.3318616
4.421729,176.02542,1.327394
4.6294494,176.86351,1.3238276
4.841732,177.7061,1.3206991
5.0473423,178.5102,1.3177888
5.2481933,179.28668,1.3152283
-5.082962,202.91539,1.5940527
-5.1035085,203.81622,1.5902059
-5.1200366,204.68248,1.5850337
-5.131965,205.5304,1.5793567
-5.1396356,206.37741,1.5744312
-5.1429834,207.2304,1.5704569
-5.142844,208.08022,1.5670762
-5.1396856,208.8975,1.563977
-5.134158,209.69435,1.5609766
-5.1261287,210.4873,1.557479
-5.1148005,211.26897,1.5518453
-5.0998335,212.0384,1.5443542
-5.079274,212.79414,1.5353469
-5.0530233,213.54056,1.5262368
-5.019852,214.29332,1.5182629
-4.980836,215.04393,1.5118192
-4.937197,215.78632,1.5066884
-4.889828,216.52654,1.5022615
-4.838526,217.27863,1.4986485
-4.7836037,218.04259,1.4959427
-4.7271276,218.79437,1.4934831
-4.6700187,219.53062,1.4909447
-4.6103354,220.27356,1.4877928
-4.5495396,220.99881,1.4833913
-4.4909844,221.65627,1.4767658
-4.433181,222.27043,1.4700538
-4.3690505,222.91492,1.4658834
-4.29457,223.63089,1.4636182
-4.211398,224.40665,1.4616715
-4.1257496,225.18863,1.4595929
-4.046188,225.89738,1.4575626
-3.9644914,226.6168,1.4557999
-3.8774078,227.36613,1.4524386
-3.781212,228.17557,1.4475826
-3.6757247,229.03044,1.442308
-3.5622623,229.91025,1.4371836
-3.4432719,230.79698,1.4323198
-3.3201816,231.68037,1.4277295
-3.1933444,232.55997,1.4230851
-3.064364,233.42525,1.418109
-2.9313233,234.28981,1.4131141
-2.7941978,235.1529,1.4083143
-2.649307,236.038,1.4036467
-2.495644,236.95078,1.3990932
-2.3348613,237.87994,1.3949583
-2.165754,238.83485,1.3915535
-1.9921303,239.796,1.3890852
-1.8171322,240.74733,1.3869104
-1.6399437,241.6999,1.3847271
-1.4582691,242.6648,1.3821161
-1.2715135,243.64372,1.3790082
-1.0792247,244.63365,1.3751519
-0.88099754,245.63594,1.3711826
-0.68085027,246.62561,1.367576
-0.4784226,247.60449,1.3636165
-0.2741692,248.57285,1.3584121
-0.06745608,249.53246,1.3533283
0.14279486,250.4847,1.3493818
0.3560663,251.43231,1.3461068
0.57238597,252.37874,1.3429458
0.7898849,253.31621,1.3397758
1.0098296,254.25027,1.3362894
1.2251705,255.14886,1.3320031
1.4326828,255.99937,1.3274571
1.6412975,256.8384,1.3225182
1.8518072,257.6667,1.3164101
2.0692003,258.50134,1.308977
2.2974646,259.35245,1.3004738
2.5373263,260.21896,1.2918286
2.7899914,261.1022,1.2836447
3.0507684,261.9871,1.2765532
3.3182902,262.86963,1.2699172
3.5898583,263.74396,1.2628537
3.8637826,264.6065,1.2564251
4.140494,265.46,1.2520449
4.4163585,266.29712,1.2494891
4.690264,267.12112,1.2482396
4.959412,267.92712,1.2480153
5.220805,268.7095,1.248804
5.475977,269.4748,1.2503064
5.724853,270.2247,1.2521276
5.968461,270.96307,1.2540488
6.209006,271.6966,1.2557817
6.4464803,272.4253,1.2573586
6.6812434,273.14917,1.2586586
6.914178,273.87186,1.2603651
7.147731,274.59976,1.2623361
7.3801394,275.32846,1.2637721
7.6102614,276.05405,1.2647694
7.8408203,276.78403,1.2658385
8.068645,277.50754,1.2668495
8.295439,278.2299,1.2673465
8.524344,278.96014,1.267039
8.75492,279.69492,1.2658682
8.985288,280.4271,1.264542
9.216188,281.15717,1.2632275
9.449563,281.89175,1.2617763
9.686411,282.63342,1.2601012
9.9267845,283.38162,1.2580389
-8.54765,304.973,1.5823511
-8.557299,305.80823,1.5791883
-8.5642605,306.62518,1.5763702
-8.569091,307.45212,1.5741496
-8.572137,308.2946,1.572597
-8.574187,309.1494,1.5722512
-8.575597,309.9798,1.572957
-8.577315,310.81375,1.5738673
-8.579684,311.6517,1.5742211
-8.582566,312.50693,1.5741681
-8.585494,313.38245,1.5738215
-8.58827,314.25604,1.5735741
-8.590623,315.1387,1.5732976
-8.592588,316.02243,1.5723537
-8.593972,316.9259,1.570975
-8.59401,317.83585,1.569143
-8.592509,318.76535,1.5670257
-8.589088,319.70938,1.5648842
-8.583779,320.6525,1.5632381
-8.576744,321.5996,1.5620896
-8.568423,322.55453,1.5609162
-8.558763,323.51535,1.5592287
-8.547559,324.48016,1.5571047
-8.53437,325.4442,1.5548573
-8.518947,326.40912,1.5525595
-8.501661,327.38455,1.5508978
-8.482333,328.37344,1.5499986
-8.46193,329.36603,1.5495756
-8.440993,330.34885,1.5493321
-8.42028,331.31808,1.5495878
-8.400247,332.28345,1.5510695
-8.381824,333.2377,1.5539612
-8.36593,334.19183,1.557831
-8.353426,335.1553,1.5617707
-8.344787,336.10855,1.5655103
-8.33954,337.04837,1.569173
-8.337646,337.9743,1.5723519
-8.338737,338.91052,1.5746328
-8.342037,339.84094,1.5758103
-8.346303,340.7765,1.5759826
-8.3513565,341.72153,1.5756009
-8.35587,342.67313,1.5749602
-8.359709,343.63376,1.5736932
-8.362223,344.59818,1.5714338
-8.362585,345.56982,1.568191
-8.359953,346.54224,1.5642974
-8.35368,347.51663,1.5603348
-8.343477,348.48798,1.5563444
-8.329521,349.44583,1.5524399
-8.3121805,350.3877,1.5488442
-8.291466,351.32227,1.5452563
-8.267524,352.25433,1.5413853
-8.239773,353.19815,1.5372418
-8.20756,354.15253,1.5324118
-8.171189,355.10605,1.5276374
-8.130502,356.04782,1.5233189
-8.086027,356.9893,1.5196431
-8.037947,357.92468,1.5160233
-7.98694,358.85654,1.5124835
