predicted_x,predicted_y,predicted_theta
0.011033089,1.9294075,1.5751568
0.007525259,2.739877,1.5416808
0.029827489,3.487415,1.5096388
0.07313858,4.1909533,1.4781888
0.13465938,4.853415,1.4483081
0.21198048,5.4853153,1.4210634
0.3059182,6.111334,1.3962727
0.41758636,6.742987,1.3713802
0.54692614,7.381202,1.344541
0.6933141,8.018519,1.3176761
0.8559114,8.646992,1.2915902
1.0333147,9.265998,1.2659165
1.2263716,9.881311,1.2419072
1.4324464,10.48591,1.2199742
1.651682,11.083525,1.1975136
1.8823746,11.672087,1.1738153
2.1292753,12.262977,1.1515709
2.394711,12.859832,1.1311119
2.6751418,13.45605,1.110885
2.965401,14.041124,1.0898565
3.2731652,14.632371,1.0693587
3.6049676,15.239039,1.0502452
3.959653,15.858303,1.0315554
4.33545,16.48607,1.0119884
4.7291307,17.115051,0.99078214
5.1438947,17.747059,0.9670621
5.581018,18.379772,0.94027513
6.0406537,19.008812,0.9109657
6.520748,19.627422,0.8803678
7.0238843,20.236921,0.8496851
7.552039,20.83878,0.8201753
8.106445,21.434366,0.7926222
8.694414,22.032259,0.7669111
9.301269,22.617067,0.7419865
9.9286,23.192652,0.71743256
10.575807,23.757597,0.69329464
11.246229,24.315619,0.6702735
11.938624,24.865679,0.64936054
12.651395,25.408285,0.63119566
13.381598,25.943365,0.61599565
14.12759,26.472744,0.60347384
14.885758,26.996256,0.5931128
15.65303,27.513733,0.5836733
16.435076,28.030762,0.5745428
17.239134,28.552353,0.5656879
18.080591,29.088211,0.5569573
18.943575,29.62658,0.5478543
19.832663,30.170351,0.5392964
20.74908,30.720106,0.530947
21.696215,31.277523,0.5224753
22.670982,31.840038,0.51367235
23.658535,32.397804,0.50470126
24.660614,32.951782,0.4958782
25.669695,33.497787,0.48666763
26.70844,34.04864,0.47752938
27.776117,34.602474,0.46740693
28.876793,35.15958,0.45658717
29.999025,35.711746,0.44473535
31.137968,36.25559,0.43256992
32.293762,36.7897,0.41988274
33.46185,37.31187,0.40713263
34.637924,37.81889,0.3940189
35.82299,38.311756,0.38080114
37.015377,38.789127,0.36724207
38.22174,39.25392,0.35393935
39.4469,39.707733,0.34052604
40.714725,40.16067,0.32814306
42.007885,40.60274,0.31537357
43.332237,41.037186,0.3030716
44.680874,41.46047,0.2899818
46.08315,41.88382,0.27776477
47.545036,42.30647,0.2657614
49.0617,42.72518,0.25472134
50.60483,43.129635,0.24431075
52.15311,43.516567,0.23524445
53.68733,43.883945,0.2275002
55.22515,44.240852,0.2214528
56.788918,44.59396,0.21583483
58.34178,44.935,0.2108086
59.97961,45.28608,0.20502777
61.68134,45.641235,0.19658297
63.40102,45.984,0.18718702
65.12157,46.309494,0.17738436
66.84963,46.619934,0.16795243
68.58847,46.91595,0.1592713
70.342705,47.19942,0.15159033
72.10954,47.47063,0.14457187
73.90167,47.734673,0.13882713
75.70612,47.98915,0.13408105
77.53212,48.238007,0.1307092
79.38839,48.486004,0.12839541
81.27553,48.733788,0.12680204
83.185555,48.979855,0.1250362
85.08742,49.218338,0.122132115
86.98933,49.452866,0.12048628
88.8919,49.684204,0.12004333
90.79015,49.91138,0.11906594
92.69052,50.139076,0.11817499
94.58151,50.36239,0.1166166
96.46542,50.580673,0.11405401
98.35246,50.796944,0.111364834
100.20805,50.997017,0.104560405
102.03276,51.182976,0.09521743
103.8788,51.361206,0.087449625
105.74606,51.528046,0.080035955
107.65154,51.686672,0.07394341
109.57676,51.833275,0.06813503
111.52419,51.968025,0.060242176
113.50706,52.09337,0.053364206
115.50754,52.204918,0.04734842
117.53328,52.30537,0.042564284
119.5866,52.39691,0.03853749
121.655624,52.4813,0.035470437
123.75643,52.559986,0.032758184
125.860016,52.629993,0.029184032
127.971855,52.693855,0.026229525
130.12083,52.756428,0.025180308
132.26138,52.810127,0.02318467
134.3988,52.859962,0.021543657
136.53877,52.906357,0.020235602
138.68808,52.95085,0.01904502
140.84596,52.993614,0.017875286
143.01862,53.03598,0.017463027
145.20459,53.07835,0.018490028
147.38327,53.11934,0.020207467
149.55017,53.161064,0.022097902
151.70526,53.206482,0.023859728
153.88338,53.260357,0.026019618
156.0665,53.31709,0.026578914
158.25687,53.376633,0.026604954
160.4678,53.43745,0.026259357
162.70561,53.49997,0.02529886
164.95998,53.56075,0.023962723
167.22504,53.615345,0.021467982
169.4829,53.664955,0.01856893
171.76382,53.711666,0.017440364
174.02489,53.752495,0.01775577
176.29843,53.794865,0.019462029
178.57043,53.83933,0.02156771
180.85216,53.887142,0.022445157
183.12833,53.93814,0.021919897
185.41383,53.989998,0.0218374
187.71686,54.04145,0.022288118
189.99896,54.092995,0.022702336
192.2852,54.14479,0.023396946
194.5625,54.197334,0.024739737
196.8286,54.251614,0.026327634
199.09538,54.31003,0.02807818
201.34804,54.370674,0.029180834
203.58559,54.43327,0.030111065
205.83633,54.50087,0.03127824
208.08261,54.569736,0.030976234
210.33337,54.63953,0.030249968
212.59163,54.70768,0.02858437
214.85135,54.77151,0.025552582
217.10918,54.82916,0.022146266
219.36292,54.879112,0.018870687
221.61565,54.921387,0.016162226
223.87181,54.959026,0.014112884
226.13297,54.99092,0.011611206
228.39876,55.018456,0.009287729
230.66615,55.04045,0.007536144
232.93971,55.05865,0.006384551
235.21889,55.074253,0.0053645317
237.53783,55.089592,0.004845561
239.84052,55.103138,0.004382991
242.16107,55.114395,0.0037660238
244.49261,55.12481,0.0033717146
246.82968,55.134476,0.0031661838
249.17989,55.143593,0.0028185886
251.52737,55.15059,0.002074224
253.88759,55.15525,0.0010918224
256.2315,55.158337,-1.0164076e-05
258.5965,55.160683,-0.0010947487
260.97623,55.161022,-0.0022281609
263.37064,55.15871,-0.003618393
265.78406,55.153107,-0.005171635
268.19104,55.141674,-0.0071902378
270.60593,55.123985,-0.0095882
273.0026,55.101196,-0.011660662
275.41418,55.073505,-0.013560555
277.82584,55.04184,-0.015241373
280.24997,55.006466,-0.016656777
282.69336,54.968277,-0.018208567
285.1388,54.925125,-0.020031536
287.60913,54.878094,-0.02204477
290.08844,54.825962,-0.02466213
292.5836,54.76766,-0.027040258
295.09,54.702774,-0.029268997
297.60355,54.630688,-0.03147493
300.13702,54.5543,-0.033395518
302.6789,54.47184,-0.035659265
305.2295,54.383045,-0.037711848
307.79688,54.288406,-0.039997876
310.3803,54.18559,-0.04417219
312.96054,54.069584,-0.05103735
315.5387,53.93618,-0.05944057
318.12308,53.781258,-0.06933295
320.70334,53.600117,-0.081142984
323.28705,53.390278,-0.093618125
325.86313,53.145317,-0.10796926
328.4283,52.86533,-0.12301241
330.97614,52.550106,-0.13659535
333.55734,52.204773,-0.14659669
336.1689,51.833412,-0.15283751
338.8411,51.44177,-0.15426962
341.52313,51.035686,-0.1539073
344.17633,50.624535,-0.15242194
346.82025,50.214134,-0.15049075
349.46347,49.81115,-0.14851329
352.1112,49.4148,-0.14667937
354.76605,49.02507,-0.14445293
357.43344,48.641735,-0.14194033
360.1061,48.25798,-0.14075504
362.76364,47.882233,-0.13899158
365.3772,47.49861,-0.13990426
368.00537,47.12856,-0.13697676
370.65744,46.77204,-0.13360906
373.31116,46.41763,-0.13139248
375.95633,46.064972,-0.12954482
378.59946,45.71917,-0.12728097
381.22827,45.374935,-0.12671655
383.86005,45.03958,-0.1250649
386.49014,44.70657,-0.12397085
389.12692,44.37999,-0.12235924
391.75775,44.055527,-0.12127469
394.3854,43.73424,-0.11988549
397.01648,43.41599,-0.11864664
399.63626,43.09955,-0.11840878
402.26184,42.78817,-0.117218584
404.8803,42.47794,-0.11618864
407.48657,42.16869,-0.11591933
410.0883,41.85955,-0.11663457
412.68927,41.554615,-0.11678567
415.30756,41.255486,-0.1152189
417.93314,40.955784,-0.11394125
420.55637,40.655144,-0.113365285
423.18204,40.35637,-0.112524666
425.80203,40.058964,-0.11188811
428.41583,39.76088,-0.11211083
431.0222,39.465847,-0.112199314
433.62604,39.16888,-0.11286073
436.21838,38.870014,-0.113821164
438.8046,38.570786,-0.11448663
441.40103,38.274403,-0.11449685
444.00253,37.9777,-0.11498608
446.60422,37.67848,-0.11566782
449.2045,37.376602,-0.11622649
451.79984,37.07173,-0.11689002
454.39154,36.766407,-0.117115416
456.97983,36.45913,-0.11771731
459.5689,36.152958,-0.117993
462.15787,35.84597,-0.11827929
464.74237,35.536446,-0.11890223
467.31158,35.223995,-0.11988402
469.8808,34.913395,-0.119941816
472.45502,34.604862,-0.11945745
475.02512,34.2964,-0.118905015
477.59503,33.98877,-0.118214935
480.165,33.681973,-0.11785605
482.72873,33.376663,-0.11756762
485.29123,33.07305,-0.11708759
487.85452,32.77161,-0.116231866
490.42105,32.473816,-0.11487419
492.99316,32.179176,-0.11352865
495.56787,31.886452,-0.112359375
498.14035,31.596348,-0.11111023
500.71704,31.309404,-0.10975768
503.29214,31.02614,-0.10845645
505.8722,30.747175,-0.10682253
508.45145,30.471073,-0.105257854
511.02893,30.198544,-0.10349799
513.6062,29.930412,-0.10159751
516.183,29.667137,-0.099765375
518.7634,29.4094,-0.0979256
521.34503,29.155285,-0.09631398
523.9117,28.903063,-0.09518896
526.4778,28.655344,-0.094056115
529.0481,28.412766,-0.093203545
531.61676,28.171967,-0.09289752
534.1863,27.93098,-0.0928815
536.7513,27.691647,-0.09270924
539.32007,27.453753,-0.09238721
541.8936,27.21719,-0.092032626
544.4623,26.97923,-0.0921248
547.0327,26.74071,-0.09211381
549.59357,26.50145,-0.09237615
552.1504,26.263245,-0.09242107
554.71045,26.025955,-0.09224628
557.27057,25.788792,-0.09217298
559.83093,25.551773,-0.092311375
562.39307,25.315083,-0.092479706
564.9588,25.078518,-0.09254458
567.52167,24.840462,-0.09288394
570.0852,24.60147,-0.09311255
572.6475,24.36155,-0.09324481
575.20886,24.122398,-0.09306838
577.773,23.883049,-0.09280391
580.33826,23.646217,-0.092168815
582.89984,23.408485,-0.09204801
585.4639,23.170803,-0.09188859
588.0219,22.934029,-0.09184749
590.58246,22.697392,-0.09181239
593.1415,22.46227,-0.09154027
595.70197,22.226866,-0.09123104
598.2552,21.992867,-0.0905844
600.8096,21.759714,-0.089738086
603.36145,21.529497,-0.08878248
605.9218,21.303165,-0.087680764
608.476,21.07802,-0.08706016
611.0289,20.85308,-0.08655534
613.5759,20.62994,-0.08597123
616.1284,20.410706,-0.084978625
618.6839,20.195557,-0.0838536
621.2476,19.98216,-0.08293842
623.80396,19.769417,-0.08224847
626.3659,19.557156,-0.08139183
628.9505,19.346457,-0.08027099
631.47784,19.143652,-0.07917649
634.0323,18.940886,-0.078199774
636.5898,18.740639,-0.07725779
639.15393,18.542908,-0.076358646
641.7191,18.346817,-0.07563214
644.2758,18.151865,-0.07511173
646.8363,17.958597,-0.07459839
649.395,17.766756,-0.074262075
651.95306,17.575521,-0.0740287
654.51,17.386053,-0.07375373
657.073,17.197464,-0.073629566
659.64154,17.00962,-0.07355448
662.20703,16.822502,-0.0733609
664.7715,16.632948,-0.073443405
667.3304,16.443703,-0.07320956
669.88715,16.255007,-0.07289984
672.44305,16.06635,-0.07282803
674.9969,15.879581,-0.07260815
677.55597,15.693892,-0.07245003
680.10925,15.507893,-0.07253136
682.662,15.321351,-0.07242791
685.2095,15.135742,-0.072036706
687.7623,14.950718,-0.07157712
690.3126,14.770409,-0.070656866
692.8656,14.589092,-0.07048514
695.41876,14.408355,-0.07039508
697.97064,14.228408,-0.07046621
700.53656,14.0506,-0.07025817
703.10455,13.871296,-0.0705481
705.66455,13.689099,-0.07113154
708.21985,13.5042,-0.07182314
710.768,13.318777,-0.07256039
713.32306,13.133518,-0.07312245
715.868,12.945138,-0.07411558
718.41187,12.754726,-0.07495314
720.9654,12.564781,-0.07543717
723.52106,12.373333,-0.07609509
726.0693,12.177955,-0.07706241
728.6168,11.97988,-0.07784327
731.1642,11.780267,-0.07866079
733.709,11.579567,-0.07956109
736.26056,11.376877,-0.080527
738.8065,11.171453,-0.081764124
741.35315,10.961392,-0.083292805
743.8932,10.747685,-0.084997475
746.43524,10.530736,-0.08645929
748.96643,10.308698,-0.08815214
751.49506,10.083539,-0.08964125
754.0267,9.856116,-0.09109893
756.5499,9.622732,-0.09337896
759.0497,9.380789,-0.096311904
761.5672,9.141669,-0.09685531
764.0979,8.901005,-0.09752231
766.6315,8.655458,-0.098879755
769.1813,8.407092,-0.09994202
771.73785,8.154583,-0.101390526
774.2871,7.895898,-0.10332228
776.8399,7.631215,-0.10509243
779.3883,7.36198,-0.10681861
781.93427,7.08868,-0.108316004
784.4861,6.813139,-0.10934234
787.03955,6.5340376,-0.11060388
789.59686,6.2508616,-0.11195337
792.15314,5.9652286,-0.11297011
794.71405,5.6757636,-0.11391372
797.27136,5.382654,-0.114972964
799.8268,5.0880895,-0.115661435
802.3829,4.7904963,-0.11647609
804.93646,4.491167,-0.117354564
807.4925,4.1911745,-0.11805393
810.0526,3.8881438,-0.11893682
812.6081,3.5827825,-0.11981203
815.16156,3.2738333,-0.120724745
817.7147,2.964346,-0.121347114
820.2667,2.652674,-0.12225502
822.821,2.3392918,-0.122882426
825.36566,2.0231452,-0.12358996
827.9064,1.705124,-0.1242403
830.4505,1.3872088,-0.12452124
832.99866,1.0705575,-0.12446955
835.55426,0.7527708,-0.124725305
838.1061,0.43326503,-0.1253769
840.65955,0.11234899,-0.12586467
843.2107,-0.21164422,-0.12646773
845.75555,-0.5360662,-0.12663476
848.30444,-0.8603865,-0.1263765
850.8497,-1.18535,-0.1264279
853.3949,-1.5088066,-0.12640585
855.94135,-1.8322563,-0.12667082
858.4928,-2.156064,-0.12694287
861.04266,-2.4810565,-0.12747286
863.58795,-2.8085093,-0.1282744
866.1316,-3.1377664,-0.12901908
868.67236,-3.4683092,-0.12966491
871.21204,-3.800034,-0.13010125
873.75433,-4.134362,-0.13110456
876.29297,-4.468887,-0.13202359
878.8284,-4.8062515,-0.13282248
881.35956,-5.146298,-0.13365197
883.88727,-5.488052,-0.1345339
886.4183,-5.829968,-0.13515432
888.9525,-6.173343,-0.1358531
891.48676,-6.5190983,-0.13672267
894.0272,-6.8659496,-0.13724135
896.57086,-7.215375,-0.13789874
899.10864,-7.569612,-0.13907757
901.6445,-7.924818,-0.13975643
904.1821,-8.280946,-0.14025201
906.7208,-8.638768,-0.1408397
909.2629,-8.997796,-0.14127731
911.80225,-9.3589735,-0.14186741
914.33923,-9.722408,-0.14260274
916.8819,-10.086936,-0.14306189
919.417,-10.453034,-0.14375596
921.94464,-10.821976,-0.14476776
924.4731,-11.191606,-0.14550488
927.0041,-11.561949,-0.14627591
929.5425,-11.933702,-0.14716157
932.0851,-12.309021,-0.14839782
934.6185,-12.688669,-0.1497757
937.1509,-13.072698,-0.15102091
939.6797,-13.457872,-0.15199983
942.2013,-13.847946,-0.15357083
944.7069,-14.2411785,-0.15525028
947.2386,-14.630055,-0.15497904
949.77325,-15.022491,-0.15579532
952.30914,-15.418828,-0.15662485
954.84753,-15.817863,-0.15733956
957.3875,-16.219507,-0.15797308
959.9249,-16.623358,-0.15845664
962.46344,-17.02866,-0.15875635
965.0077,-17.434996,-0.15894558
967.5417,-17.84317,-0.15955521
970.07166,-18.253584,-0.16015193
972.5956,-18.66388,-0.16065215
975.1175,-19.072697,-0.16086276
977.64417,-19.482058,-0.16102119
980.16956,-19.89216,-0.1611993
982.6917,-20.3034,-0.16137895
985.2093,-20.715199,-0.1614606
987.7271,-21.126848,-0.16134585
990.25903,-21.54123,-0.16128975
992.74115,-21.948349,-0.16124046
995.2406,-22.357725,-0.1608742
997.73615,-22.764328,-0.16016813
1000.227,-23.16959,-0.1597233
1002.7135,-23.572128,-0.15921354
1005.20087,-23.97285,-0.15900514
1007.69006,-24.373087,-0.15930957
1010.1721,-24.774511,-0.16033778
1012.65656,-25.178288,-0.16155958
1015.1266,-25.583855,-0.16325402
1017.60406,-25.991331,-0.16467744
1020.0814,-26.402304,-0.16633812
1022.5606,-26.817856,-0.16803741
1025.0476,-27.23515,-0.16908845
1027.5282,-27.660505,-0.17093559
1030.0002,-28.087355,-0.17150396
1032.4852,-28.51876,-0.17253338
1034.9752,-28.947823,-0.17336422
1037.4711,-29.379274,-0.17385152
1039.9584,-29.819445,-0.17562574
1042.4344,-30.264114,-0.1777687
1044.9088,-30.712204,-0.17989339
1047.377,-31.161928,-0.18200648
1049.8414,-31.618153,-0.18470694
1052.3058,-32.079906,-0.18733612
1054.7631,-32.547752,-0.19044943
1057.2212,-33.021626,-0.1935553
1059.6914,-33.502483,-0.19666621
1062.1575,-33.99358,-0.20048496
1064.6138,-34.493923,-0.20392548
1067.0758,-35.002487,-0.2069648
1069.5507,-35.518665,-0.21010678
1072.0148,-36.043858,-0.21395683
1074.4718,-36.579117,-0.21710119
1076.9167,-37.119884,-0.2192676
1079.3582,-37.666645,-0.2213722
1081.7916,-38.21705,-0.22371435
1084.2252,-38.7723,-0.22613704
1086.6554,-39.33154,-0.22846577
1089.099,-39.896133,-0.23030107
1091.5422,-40.465847,-0.23229045
1093.9863,-41.043434,-0.23454727
1096.4288,-41.62619,-0.23668945
1098.8752,-42.21541,-0.23898497
1101.32,-42.810925,-0.24140504
1103.769,-43.410973,-0.24310903
1106.2075,-44.016853,-0.24517867
1108.6458,-44.626705,-0.2466035
1111.0873,-45.2407,-0.24783231
1113.5212,-45.857433,-0.24914652
1115.9496,-46.476658,-0.2503075
1118.3738,-47.09788,-0.25130874
1120.805,-47.72147,-0.25198123
1123.2238,-48.346416,-0.2532016
1125.6401,-48.972862,-0.25402716
1128.0514,-49.601,-0.25497913
1130.4521,-50.23046,-0.2562501
1132.8481,-50.861217,-0.25743726
1135.2507,-51.49285,-0.25802532
1137.654,-52.12556,-0.25859863
1140.0555,-52.761196,-0.25917372
1142.4459,-53.396717,-0.25937745
1144.8483,-54.03227,-0.25886548
1147.2523,-54.667133,-0.2586099
1149.6539,-55.30269,-0.25871983
1152.058,-55.938805,-0.25862652
1154.4565,-56.57466,-0.25880247
1156.8553,-57.211147,-0.259253
1159.2505,-57.84675,-0.25959516
1161.639,-58.483013,-0.2601044
1164.0321,-59.119404,-0.26021188
1166.4263,-59.755856,-0.2603284
1168.8226,-60.394386,-0.26062042
1171.2126,-61.032536,-0.26096815
1173.6006,-61.671703,-0.26153684
1175.9852,-62.311752,-0.26229602
1178.3726,-62.95184,-0.2626252
1180.7634,-63.593872,-0.26310953
1183.1504,-64.23762,-0.2639911
1185.5281,-64.882256,-0.26509535
1187.9052,-65.528625,-0.2660433
1190.2778,-66.17671,-0.2671092
1192.6442,-66.826065,-0.26821926
1195.0117,-67.476814,-0.26904675
1197.3672,-68.12938,-0.27021617
1199.7233,-68.78175,-0.27053386
1202.0803,-69.435326,-0.2707422
1204.4348,-70.090034,-0.271158
1206.7954,-70.74611,-0.2716619
1209.1517,-71.40316,-0.27271682
1211.5083,-72.06182,-0.27363446
1213.862,-72.72288,-0.27459234
1216.2173,-73.38453,-0.2749245
1218.5762,-74.048416,-0.2748934
1220.9368,-74.7126,-0.2743876
1223.295,-75.37724,-0.27415708
1225.6481,-76.04032,-0.2739217
1227.9889,-76.70245,-0.2741242
1230.3226,-77.36292,-0.27427462
1232.6543,-78.020454,-0.27405402
1234.9832,-78.676765,-0.27414033
1237.3097,-79.3321,-0.2743895
1239.6399,-79.98719,-0.2743948
1241.9672,-80.64276,-0.2745538
1244.2957,-81.29951,-0.2747324
1246.621,-81.9552,-0.27489066
1248.9479,-82.61236,-0.27532926
1251.2664,-83.270134,-0.2762707
1253.5829,-83.927605,-0.27693778
1255.9087,-84.587494,-0.27770182
1258.2306,-85.250046,-0.27913147
1260.5493,-85.91419,-0.28026953
1262.8727,-86.58171,-0.2810428
1265.2051,-87.252,-0.28145978
1267.5372,-87.92425,-0.28215638
1269.8702,-88.60008,-0.28295487
1272.2062,-89.27779,-0.28330997
1274.5443,-89.95727,-0.28359157
1276.8821,-90.63755,-0.2839297
1279.2222,-91.320114,-0.28445068
1281.557,-92.003426,-0.28513926
1283.8855,-92.68809,-0.28612337
1286.2135,-93.37464,-0.28703985
1288.5377,-94.061356,-0.28785628
1290.8628,-94.750854,-0.28900155
1293.1904,-95.44155,-0.2899855
1295.516,-96.13516,-0.29122433
1297.841,-96.83344,-0.29285872
1300.1736,-97.53439,-0.29438826
1302.5121,-98.23964,-0.29598337
1304.8379,-98.95191,-0.298771
1307.1686,-99.66898,-0.30099803
1309.4895,-100.39067,-0.30347994
1311.8019,-101.11729,-0.30560443
1314.1938,-101.86501,-0.3057301
1316.4816,-102.580826,-0.30588853
1318.822,-103.31923,-0.30686122
1321.1636,-104.059135,-0.30735034
1323.5236,-104.80713,-0.30839115
1325.8737,-105.553635,-0.30989084
1328.2192,-106.30495,-0.3122003
1330.575,-107.06269,-0.31398287
1332.9536,-107.82853,-0.31470704
1335.3021,-108.59251,-0.3156966
1337.6544,-109.36287,-0.3162729
1340.022,-110.136314,-0.31649682
1342.3801,-110.908,-0.3175433
1344.7456,-111.68354,-0.3182113
1347.1163,-112.46217,-0.31865373
1349.4756,-113.24162,-0.31944028
1351.8456,-114.02341,-0.31940517
1354.208,-114.80646,-0.32011363
1356.5782,-115.590385,-0.3202504
1358.9529,-116.37435,-0.3201826
1361.3341,-117.16121,-0.32011378
1363.7194,-117.949776,-0.32015654
1366.1016,-118.73907,-0.32051656
1368.4823,-119.53094,-0.32132012
1370.8615,-120.32395,-0.3222079
1373.2377,-121.11839,-0.3232606
1375.6193,-121.91412,-0.32368794
1378.0073,-122.710846,-0.32352197
1380.4011,-123.51212,-0.32340983
1382.7764,-124.31089,-0.32369608
1385.1552,-125.1106,-0.32371694
1387.5366,-125.90862,-0.32333788
1389.9191,-126.70714,-0.32344225
1392.293,-127.50609,-0.32405144
1394.6665,-128.30516,-0.32437143
1397.035,-129.1038,-0.32510015
1399.4113,-129.90405,-0.32619604
1401.7866,-130.70625,-0.3276665
1404.1812,-131.51865,-0.3290053
1406.5492,-132.32594,-0.33046624
1408.9236,-133.1416,-0.33239272
1411.2921,-133.96175,-0.33446285
1413.6534,-134.78474,-0.33647826
1416.0237,-135.61252,-0.33830106
1418.387,-136.44592,-0.34132686
1420.7523,-137.28406,-0.3439117
1423.111,-138.13002,-0.34683767
1425.4739,-138.98036,-0.34830588
1427.8345,-139.83673,-0.35004398
1430.193,-140.69786,-0.3519789
1432.5598,-141.56384,-0.35355654
1434.9165,-142.4357,-0.356247
1437.276,-143.31291,-0.3585135
1439.6432,-144.1966,-0.36087966
1442.0079,-145.08731,-0.3636654
1444.376,-145.98434,-0.36527267
1446.7448,-146.88666,-0.36630303
1449.1077,-147.79427,-0.36763766
1451.4763,-148.70462,-0.36820883
1453.8405,-149.61794,-0.36957663
1456.2065,-150.5336,-0.3706981
1458.5732,-151.45229,-0.37206718
1460.9407,-152.37546,-0.37367564
1463.3103,-153.30263,-0.3747713
1465.674,-154.23157,-0.3756182
1468.0387,-155.16458,-0.37638634
1470.3961,-156.09782,-0.37687436
1472.7646,-157.0307,-0.37607604
1475.134,-157.96532,-0.37592262
1477.4976,-158.90054,-0.37622365
1479.8503,-159.83398,-0.3768901
1482.2102,-160.76805,-0.3771814
1484.5709,-161.70271,-0.3777136
1486.9342,-162.63948,-0.3784063
1489.2943,-163.57887,-0.37973318
1491.6519,-164.52145,-0.38148144
1493.9849,-165.46454,-0.38390103
1496.3292,-166.40909,-0.38406393
1498.6865,-167.35597,-0.38367483
1501.035,-168.30476,-0.38450393
1503.3925,-169.25726,-0.3852327
1505.7516,-170.21223,-0.38630605
1508.1145,-171.17099,-0.3872912
1510.4713,-172.13402,-0.38875708
1512.8269,-173.09868,-0.38971898
1515.1885,-174.06654,-0.3903768
1517.5428,-175.03584,-0.39130974
1519.8947,-176.00711,-0.39214894
1522.2384,-176.98035,-0.39330173
1524.5746,-177.95255,-0.3941215
1526.9172,-178.92722,-0.3946555
1529.2535,-179.90105,-0.39536667
1531.5781,-180.87477,-0.39664543
1533.9048,-181.85136,-0.39768767
1536.2255,-182.82907,-0.39903703
1538.5349,-183.80756,-0.40106332
1540.8464,-184.78922,-0.40293762
1543.1486,-185.77452,-0.40553698
1545.4526,-186.76244,-0.4074582
1547.7495,-187.75589,-0.40995368
1550.0393,-188.75304,-0.41205782
1552.3268,-189.75253,-0.413452
1554.6149,-190.75659,-0.41475138
1556.8972,-191.76167,-0.41586074
1559.1771,-192.76979,-0.4171723
1561.4513,-193.77974,-0.4184849
1563.7266,-194.79192,-0.41932005
1565.9951,-195.80397,-0.42013377
1568.2626,-196.81828,-0.42086023
1570.525,-197.83322,-0.42179072
1572.7751,-198.84712,-0.42313552
1575.027,-199.86172,-0.42413136
1577.2842,-200.88043,-0.42544445
1579.5535,-201.90347,-0.42645428
1581.8165,-202.93182,-0.42870978
1584.0725,-203.96426,-0.43098757
1586.3132,-204.99968,-0.43340293
1588.5585,-206.03754,-0.43453434
1590.8118,-207.0812,-0.43589875
1593.057,-208.12665,-0.437549
1595.3047,-209.1781,-0.43914348
1597.5464,-210.23158,-0.44091523
1599.773,-211.28712,-0.44325346
1602.0162,-212.34799,-0.44404712
1604.2578,-213.41212,-0.44545874
1606.4976,-214.48192,-0.44719177
1608.7274,-215.55354,-0.44920498
1610.9542,-216.6287,-0.4514446
1613.1735,-217.70851,-0.4543481
1615.3779,-218.7894,-0.45731142
1617.5665,-219.87152,-0.45992783
1619.7555,-220.95729,-0.46133777
1621.9395,-222.04509,-0.462907
1624.1158,-223.13374,-0.46488798
1626.2866,-224.22571,-0.4673412
1628.445,-225.31827,-0.46991143
1630.5885,-226.41245,-0.47251242
1632.7305,-227.50824,-0.47419342
1634.8667,-228.60495,-0.4758611
1637.0038,-229.70638,-0.47728556
1639.1215,-230.80742,-0.47962844
1641.2267,-231.9075,-0.48166513
1643.3347,-233.00854,-0.48260045
1645.4557,-234.1167,-0.48360536
1647.5742,-235.22928,-0.4857634
1649.6993,-236.34883,-0.48793697
1651.824,-237.47415,-0.4904947
1653.9402,-238.60603,-0.49371815
1656.04,-239.74152,-0.49764654
1658.1377,-240.882,-0.5009554
1660.2385,-242.0305,-0.5039908
1662.3363,-243.1864,-0.5071864
1664.4205,-244.34744,-0.5108722
1666.4901,-245.51216,-0.51476806
1668.5447,-246.67967,-0.5188093
1670.5721,-247.8463,-0.52325064
1672.6132,-249.02199,-0.5257958
1674.6448,-250.20065,-0.52875084
1676.6678,-251.3836,-0.5314285
1678.6876,-252.57243,-0.5338144
1680.6904,-253.76033,-0.53665334
1682.6824,-254.9498,-0.5396968
1684.6696,-256.14224,-0.54270035
1686.6394,-257.3354,-0.54622865
1688.6003,-258.53006,-0.5490736
1690.5557,-259.7275,-0.5514519
1692.4982,-260.92523,-0.55371904
1694.4374,-262.12558,-0.55551255
1696.3739,-263.32886,-0.55761033
1698.3141,-264.5381,-0.5597572
1700.2401,-265.7471,-0.5622991
1702.1594,-266.95856,-0.56463176
1704.081,-268.1756,-0.56698763
1706.0074,-269.4004,-0.5696492
1707.9304,-270.63193,-0.5728599
1709.8434,-271.86722,-0.57641274
1711.7416,-273.10443,-0.58017683
1713.6243,-274.3425,-0.5838195
1715.5055,-275.5868,-0.58705795
1717.3767,-276.83292,-0.5902723
1719.2362,-278.0813,-0.59359175
1721.0947,-279.3365,-0.59676164
1722.9513,-280.59738,-0.60009575
1724.8065,-281.86615,-0.6035522
1726.6522,-283.13922,-0.60711
1728.4972,-284.4199,-0.610116
1730.3228,-285.69894,-0.6131273
1732.1201,-286.97137,-0.616113
1733.9055,-288.23987,-0.61807245
1735.6837,-289.5082,-0.620409
1737.4515,-290.77472,-0.6232674
1739.2155,-292.0442,-0.62638265
1740.9725,-293.3169,-0.6298175
1742.7292,-294.59637,-0.63309723
1744.4839,-295.88364,-0.6366726
1746.2374,-297.17932,-0.6401979
1747.9882,-298.48245,-0.643736
1749.7223,-299.78653,-0.64778435
1751.4501,-301.0943,-0.6509371
1753.1561,-302.39874,-0.65440613
1754.8391,-303.69492,-0.657234
1756.5076,-304.98734,-0.65989435
1758.1686,-306.27927,-0.66262305
1759.8208,-307.5705,-0.66543454
1761.4701,-308.8655,-0.6682306
1763.1174,-310.16635,-0.67126626
1764.7413,-311.46033,-0.67489785
1766.3512,-312.75232,-0.6780524
1767.9501,-314.04272,-0.6808909
1769.565,-315.3483,-0.68332505
1771.1713,-316.6553,-0.6864679
1772.7825,-317.97348,-0.68921787
1774.3893,-319.2977,-0.6925319
1775.9852,-320.62335,-0.6961046
1777.576,-321.95337,-0.69944865
1779.1401,-323.27414,-0.7033822
1780.6956,-324.59616,-0.70668274
1782.2422,-325.9182,-0.7100122
1783.7844,-327.24625,-0.71372336
1785.3066,-328.56628,-0.7173931
1786.8267,-329.89334,-0.7209137
1788.3368,-331.2216,-0.7244727
1789.8441,-332.55597,-0.72800565
1791.3467,-333.8957,-0.7316558
1792.8335,-335.23306,-0.73562115
1794.3091,-336.5708,-0.7394924
1795.7756,-337.91,-0.7433764
1797.2296,-339.24908,-0.74757475
1798.6791,-340.5936,-0.7514754
1800.1215,-341.94147,-0.7552637
1801.5573,-343.2941,-0.7591792
1802.9883,-344.65375,-0.763115
1804.3997,-346.00357,-0.7662419
1805.7981,-347.35098,-0.7691233
1807.1993,-348.70776,-0.77143425
1808.5918,-350.06262,-0.77355444
1809.9741,-351.41376,-0.7758243
1811.3619,-352.7753,-0.7783193
1812.7467,-354.14212,-0.7817942
1814.1272,-355.51102,-0.7850718
1815.5028,-356.88684,-0.7890656
1816.867,-358.26282,-0.7932839
1818.2238,-359.64127,-0.79715407
1819.573,-361.02435,-0.8012599
1820.9113,-362.4065,-0.8052513
1822.2458,-363.79474,-0.80905724
1823.5793,-365.19232,-0.81239045
1824.881,-366.5693,-0.8153528
1826.1884,-367.95618,-0.8168129
1827.4894,-369.3413,-0.8178588
1828.7833,-370.72382,-0.81881326
1830.061,-372.09335,-0.8199386
1831.3273,-373.45395,-0.82094073
1832.5834,-374.80484,-0.8213703
1833.829,-376.14624,-0.8218002
1835.0753,-377.4885,-0.82199085
1836.3002,-378.81,-0.82246894
1837.5219,-380.12762,-0.8227425
1838.7369,-381.43933,-0.8229586
1839.945,-382.74353,-0.8230296
1841.1475,-384.04327,-0.8237976
1842.347,-385.3404,-0.825127
1843.5361,-386.6316,-0.82771856
1844.7096,-387.9131,-0.83117676
1845.87,-389.18896,-0.83553356
1847.0154,-390.45862,-0.84056634
1848.1415,-391.7203,-0.84572095
1849.2509,-392.9751,-0.8503972
1850.3514,-394.22903,-0.85395676
1851.4406,-395.48096,-0.8574936
1852.5221,-396.73306,-0.86154497
1853.5969,-397.98642,-0.8658389
1854.6581,-399.23615,-0.8708013
1855.7046,-400.4818,-0.8765901
1856.7238,-401.71304,-0.8843254
1857.7123,-402.92657,-0.89346063
1858.6754,-404.1299,-0.90379274
1859.6006,-405.31354,-0.91669285
1860.4938,-406.4856,-0.93153274
1861.3562,-407.6514,-0.9481706
1862.1896,-408.8161,-0.9661395
1862.9987,-409.98886,-0.9847391
1863.7792,-411.16602,-1.0033593
1864.5306,-412.34668,-1.0216827
1865.2539,-413.53018,-1.039706
1865.9537,-414.7226,-1.0573887
1866.6298,-415.92203,-1.0749354
1867.2761,-417.12036,-1.0931871
1867.8967,-418.3215,-1.111898
1868.4937,-419.53107,-1.1311201
1869.0623,-420.74365,-1.1516625
1869.6031,-421.95908,-1.1727082
1870.1155,-423.18073,-1.1947793
1870.5977,-424.40497,-1.2179946
1871.048,-425.6322,-1.2425015
1871.4691,-426.86853,-1.2673544
1871.8605,-428.11774,-1.2921696
1872.2213,-429.3789,-1.3172342
1872.5483,-430.64444,-1.3433902
1872.841,-431.91266,-1.3705624
1873.0961,-433.17395,-1.3979234
1873.3129,-434.42505,-1.4257939
1873.4948,-435.67722,-1.4544455
1873.6396,-436.92374,-1.4837428
1873.7483,-438.17105,-1.512855
1873.8201,-439.42004,-1.5427471
1873.855,-440.67374,-1.5735358
1873.8512,-441.92667,-1.6048799
1873.8088,-443.17535,-1.6359544
1873.7274,-444.42145,-1.6668003
1873.6072,-445.67126,-1.697971
1873.4469,-446.9267,-1.7300026
1873.2446,-448.18686,-1.7633723
1872.9984,-449.4449,-1.7990481
1872.708,-450.69717,-1.8353862
1872.3704,-451.9402,-1.873184
1871.9865,-453.17294,-1.911028
1871.555,-454.3928,-1.9485317
1871.076,-455.59982,-1.9861892
1870.5505,-456.79343,-2.0235724
1869.9813,-457.9632,-2.0609171
1869.3666,-459.1178,-2.0972888
1868.7069,-460.25583,-2.132193
1868.005,-461.37314,-2.1662652
1867.2623,-462.47195,-2.1991158
1866.4778,-463.5543,-2.2307224
1865.6545,-464.617,-2.261435
1864.7955,-465.65726,-2.2918463
1863.906,-466.66956,-2.3218284
1862.9904,-467.65118,-2.3506591
1862.0485,-468.60425,-2.3781545
1861.0809,-469.5307,-2.4046268
1860.0919,-470.42856,-2.4302247
1859.0824,-471.29916,-2.4549117
1858.0529,-472.14282,-2.4793048
1857.0033,-472.9613,-2.5035937
1855.9333,-473.75455,-2.5278726
1854.8477,-474.5181,-2.553214
1853.7424,-475.2547,-2.5798986
1852.6226,-475.959,-2.6071186
1851.4856,-476.6312,-2.6348658
1850.3301,-477.2724,-2.6630657
1849.1581,-477.88052,-2.6911697
1847.97,-478.45502,-2.7190807
1846.7681,-478.99603,-2.7462666
1845.5505,-479.5047,-2.7724774
1844.3186,-479.9819,-2.7977455
1843.0747,-480.4267,-2.8234706
1841.8232,-480.83862,-2.8495688
1840.559,-481.21832,-2.8761256
1839.2831,-481.56482,-2.903542
1837.999,-481.87567,-2.9320288
1836.7119,-482.149,-2.9610298
1835.4198,-482.38446,-2.990256
1834.1306,-482.58,-3.0199647
1832.8411,-482.73718,-3.0497816
1831.548,-482.85617,-3.079472
1830.252,-482.9369,-3.1089664
1828.9514,-482.97958,-3.1383646
1827.6517,-482.98352,-3.168009
1826.3475,-482.94882,-3.1983716
1825.0446,-482.87488,-3.2291672
1823.7396,-482.7609,-3.2597253
1822.4363,-482.60663,-3.2900577
1821.1337,-482.41217,-3.3202646
1819.8271,-482.1774,-3.3500962
1818.5236,-481.9028,-3.3792005
1817.2234,-481.5886,-3.407819
1815.9269,-481.23602,-3.4358788
1814.6295,-480.84406,-3.4636545
1813.333,-480.4131,-3.4907942
1812.0428,-479.94537,-3.516408
1810.7482,-479.43854,-3.5405252
1809.4557,-478.89587,-3.563767
1808.1661,-478.31808,-3.5864203
1806.8868,-477.70908,-3.6088245
1805.6155,-477.06885,-3.63068
1804.3563,-476.3999,-3.6516912
1803.1095,-475.70306,-3.6718524
1801.8737,-474.97928,-3.6915686
1800.6487,-474.22864,-3.7113314
1799.436,-473.45187,-3.7313478
1798.2427,-472.65335,-3.7511187
1797.0629,-471.82996,-3.7706327
1795.8954,-470.9807,-3.790478
1794.7413,-470.10565,-3.8108969
1793.6027,-469.20502,-3.8317342
1792.4818,-468.28027,-3.8524163
1791.3788,-467.3308,-3.8730838
1790.2968,-466.35956,-3.8936982
1789.2401,-465.36975,-3.9147
1788.2085,-464.36234,-3.935622
1787.2019,-463.3377,-3.9563148
1786.2168,-462.2926,-3.9769528
1785.2549,-461.2296,-3.997322
1784.3158,-460.1479,-4.0175853
1783.4005,-459.04953,-4.0377164
1782.5052,-457.9309,-4.0575223
1781.6366,-456.79913,-4.0772266
1780.7915,-455.6521,-4.096865
1779.9706,-454.4907,-4.116577
1779.1705,-453.3111,-4.1362967
1778.395,-452.1173,-4.1561275
1777.6422,-450.9071,-4.1755366
1776.9138,-449.68332,-4.194822
1776.2083,-448.4432,-4.214629
1775.5283,-447.19186,-4.2346683
1774.874,-445.92822,-4.2546163
1774.2479,-444.65628,-4.2743526
1773.6499,-443.379,-4.2934237
1773.0781,-442.09335,-4.312608
1772.5283,-440.79346,-4.331471
1772.0056,-439.4861,-4.350753
1771.5111,-438.17624,-4.370506
1771.0416,-436.85638,-4.390289
1770.6018,-435.53717,-4.4098673
1770.192,-434.21902,-4.429839
1769.8093,-432.89722,-4.450158
1769.4543,-431.57208,-4.4709864
1769.1296,-430.24704,-4.492858
1768.8367,-428.92743,-4.515529
1768.5759,-427.60995,-4.5394235
1768.3494,-426.30057,-4.564511
1768.1565,-424.9934,-4.59097
1767.9989,-423.6901,-4.6186953
1767.877,-422.38528,-4.6471925
1767.7922,-421.0782,-4.6764293
1767.7454,-419.7735,-4.7056384
1767.7369,-418.47122,-4.734697
1767.7666,-417.18527,-4.7635336
1767.8329,-415.90656,-4.79215
1767.935,-414.6387,-4.821208
1768.0729,-413.38068,-4.850341
1768.2458,-412.14145,-4.879376
1768.4535,-410.90808,-4.907633
1768.6974,-409.6734,-4.936038
1768.9763,-408.44653,-4.9646864
1769.2917,-407.22153,-4.993105
1769.6399,-406.01404,-5.021064
1770.0189,-404.82666,-5.048475
1770.4283,-403.65704,-5.0759254
1770.8683,-402.50357,-5.104206
1771.3384,-401.36996,-5.1345015
1771.8402,-400.2554,-5.166462
1772.3735,-399.16483,-5.1993284
1772.9382,-398.0998,-5.232579
1773.5363,-397.05463,-5.2649813
1774.1696,-396.02646,-5.2964363
1774.8359,-395.01663,-5.3265443
1775.534,-394.02545,-5.355497
1776.2585,-393.06,-5.38473
1777.0115,-392.11435,-5.4144545
1777.7927,-391.19028,-5.443991
1778.6017,-390.28973,-5.473769
1779.4395,-389.40686,-5.501215
1780.3099,-388.54318,-5.5288053
1781.1952,-387.7106,-5.55567
1782.107,-386.89862,-5.581945
1783.037,-386.11313,-5.608161
1783.986,-385.35263,-5.632926
1784.9506,-384.6201,-5.657967
1785.9451,-383.9001,-5.6823864
1786.9615,-383.2044,-5.7077518
1788.0046,-382.5292,-5.7358475
1789.0579,-381.8871,-5.7646747
1790.1383,-381.26666,-5.789361
1791.2396,-380.67352,-5.8125777
1792.353,-380.10724,-5.835745
1793.4845,-379.5643,-5.8592486
1794.6296,-379.04977,-5.8857956
1795.7814,-378.5649,-5.911712
1796.9518,-378.1073,-5.9348907
1798.1398,-377.6762,-5.9581723
1799.3453,-377.26892,-5.9812503
1800.5767,-376.8845,-6.00381
1801.8218,-376.52618,-6.0257106
1803.0831,-376.1935,-6.046974
1804.3419,-375.89105,-6.068333
1805.6024,-375.61612,-6.0893745
1806.8666,-375.3675,-6.109703
1808.138,-375.14438,-6.129418
1809.4176,-374.9465,-6.149793
1810.7058,-374.7733,-6.1704187
1812.0032,-374.62558,-6.19062
1813.3022,-374.50452,-6.210053
1814.604,-374.4089,-6.2288666
1815.9069,-374.33795,-6.2474155
1817.2286,-374.2904,-6.266067
1818.5397,-374.26746,-6.2847204
1819.8824,-374.26862,-6.3039904
1821.2352,-374.29532,-6.3226414
1822.591,-374.34836,-6.340868
1823.9617,-374.42694,-6.359148
1825.3424,-374.53183,-6.37808
1826.7039,-374.66165,-6.397555
1828.0789,-374.81946,-6.4176235
1829.4531,-375.00504,-6.4376493
1830.8309,-375.21906,-6.457624
1832.2135,-375.46225,-6.4776783
1833.5819,-375.73105,-6.4969325
1834.9512,-376.02805,-6.5158806
1836.3162,-376.35126,-6.534529
1837.7024,-376.70718,-6.5534554
1839.0298,-377.0745,-6.5714955
1840.3892,-377.47662,-6.5898447
