predicted_x,predicted_y,predicted_theta
-0.015178452,2.359973,1.5745591
-0.019096361,3.47197,1.5746838
-0.023226475,4.5619097,1.574124
-0.02662583,5.6270657,1.5732588
-0.029145109,6.6849847,1.5721679
-0.03080941,7.741011,1.5713296
-0.03174946,8.800042,1.5712745
-0.03242284,9.849012,1.5718383
-0.033529475,10.893977,1.5724894
-0.035164613,11.932678,1.5728716
-0.037242625,12.967654,1.5729129
-0.039456546,14.002274,1.5728687
-0.04151403,15.043208,1.5727344
-0.04350144,16.090996,1.5725834
-0.045238324,17.150867,1.572339
-0.046849955,18.21075,1.5720675
-0.048111193,19.268576,1.5716213
-0.049044814,20.323204,1.5711522
-0.049624283,21.376665,1.5710344
-0.0497013,22.429836,1.5708243
-0.049721144,23.49042,1.5704858
-0.049361367,24.564568,1.5702798
-0.048923954,25.623753,1.5702729
-0.04855861,26.671568,1.570433
-0.048279125,27.721294,1.5708213
-0.048277494,28.773073,1.5712473
-0.048800964,29.79849,1.5716856
-0.04968363,30.824293,1.5721128
-0.05109829,31.838562,1.5726352
-0.05299644,32.857258,1.5732769
-0.055873755,33.87817,1.574512
-0.059783462,34.90108,1.5762726
-0.06546833,35.93188,1.578283
-0.073171124,36.966892,1.5804415
-0.083164684,38.004086,1.5826732
-0.09529066,39.05126,1.5845609
-0.109557964,40.103207,1.5860835
-0.12550752,41.152805,1.5873268
-0.1427805,42.198845,1.5883876
-0.1606281,43.239994,1.5886173
-0.17870232,44.27285,1.5878053
-0.19612718,45.307884,1.58636
-0.21193798,46.34615,1.5841653
-0.2257101,47.381927,1.5814788
-0.23659371,48.414173,1.578518
-0.24441652,49.436993,1.575404
-0.2490827,50.44987,1.5724322
-0.25084507,51.46282,1.5697792
-0.2497152,52.47263,1.5671192
-0.24578458,53.477867,1.5640689
-0.23911647,54.48791,1.5609609
-0.22891232,55.499958,1.5574794
-0.21534105,56.50419,1.553481
-0.1983275,57.514168,1.550089
-0.17728361,58.534874,1.5471277
-0.15322562,59.55632,1.5442878
-0.12633297,60.579865,1.5419421
-0.097038634,61.604366,1.5402832
-0.06595613,62.624783,1.5390314
-0.033588525,63.6456,1.5379722
-0.00014420199,64.66322,1.5369434
0.034224145,65.677055,1.5358344
0.06945734,66.68444,1.5347015
0.10513687,67.67346,1.5336641
0.14106123,68.64409,1.5329207
0.17690285,69.59063,1.5324032
0.21263036,70.52112,1.5319101
0.24826735,71.4405,1.5315561
0.28422743,72.36147,1.5316021
0.32000595,73.27957,1.5322539
0.35493413,74.1887,1.5332791
0.38878536,75.08553,1.5339518
0.4218821,75.98276,1.5342878
0.4546342,76.881256,1.5347297
0.48732504,77.78991,1.5354608
0.5195441,78.70097,1.536309
0.5507894,79.60892,1.5372837
0.5809098,80.50583,1.538288
0.6100982,81.39565,1.5388546
0.6387072,82.28843,1.5389903
0.66730654,83.194916,1.5393957
0.6958676,84.10607,1.5400892
0.7239343,85.02369,1.5410199
0.7515542,85.9528,1.5420262
0.7784831,86.89546,1.5431571
0.8046285,87.8433,1.5443347
0.8297231,88.79479,1.5456324
0.85375637,89.75402,1.5470343
0.8764676,90.72021,1.5486867
0.8978244,91.69051,1.550584
0.9173422,92.66466,1.5528023
0.9348573,93.63699,1.5551062
0.95015854,94.610664,1.5573949
0.96308506,95.58772,1.5598533
0.97385716,96.568855,1.5622872
0.9822589,97.54794,1.5645287
0.98847795,98.525986,1.5665956
0.9926132,99.50601,1.568507
0.99476504,100.490685,1.5704775
-0.26618317,121.44506,1.5905869
-0.28744224,122.51989,1.594048
-0.3115424,123.56222,1.5974789
-0.3388683,124.5962,1.6004571
-0.36932063,125.63207,1.602742
-0.40226015,126.66205,1.6047791
-0.43745303,127.69789,1.6068331
-0.4752906,128.74304,1.6090695
-0.5154561,129.78996,1.6115319
-0.5581665,130.83615,1.6141648
-0.6031709,131.87802,1.6165727
-0.65079147,132.91986,1.6186612
-0.7008527,133.96985,1.6202359
-0.75385267,135.0366,1.6217109
-0.80851597,136.11113,1.6230187
-0.8648787,137.19432,1.6237578
-0.92234945,138.28033,1.6240683
-0.9802312,139.36208,1.6245804
-1.038706,140.44742,1.6253458
-1.0979737,141.53429,1.6260452
-1.1580008,142.62045,1.62662
-1.2186645,143.70435,1.6272799
-1.2801303,144.78941,1.6281674
-1.3425121,145.87416,1.6292874
-1.4061366,146.96211,1.6303765
-1.4713851,148.05928,1.631166
-1.5383912,149.17061,1.6316799
-1.6071066,150.29971,1.632051
-1.676395,151.43124,1.6322465
-1.7459866,152.55959,1.6325897
-1.8159584,153.6889,1.633218
-1.8863475,154.81352,1.6340615
-1.95747,155.93272,1.635274
-2.0294192,157.0463,1.6367004
-2.1031086,158.16249,1.6381844
-2.1782944,159.27829,1.6395301
-2.255104,160.39636,1.6405519
-2.3332531,161.51993,1.6409568
-2.4121027,162.64795,1.6404955
-2.4904697,163.77405,1.6393238
-2.5675702,164.89891,1.6377741
-2.6437745,166.02739,1.6368594
-2.7183676,167.1546,1.6364294
-2.7924483,168.28024,1.6361507
-2.865866,169.4036,1.6358057
-2.938986,170.52676,1.6353551
-3.0115328,171.64876,1.6349199
-3.0835097,172.76898,1.634554
-3.155297,173.89397,1.6341741
-3.2268867,175.02405,1.6336001
-3.2984805,176.16035,1.6331195
-3.3694909,177.29758,1.6328173
-3.44019,178.43587,1.6325637
-3.510956,179.5756,1.6327049
-3.581811,180.71872,1.6330737
-3.6527267,181.85849,1.6332146
-3.723289,182.98996,1.6330016
-3.793214,184.11057,1.6328417
-3.8619158,185.21532,1.6329211
-3.9306192,186.31898,1.6331483
-3.9997091,187.42601,1.6333853
-4.068345,188.52332,1.633396
-4.1366863,189.61586,1.6330405
-4.2043433,190.70352,1.6323348
-4.2707944,191.78218,1.6314652
-4.334317,192.82741,1.6305974
-4.3965077,193.86618,1.6296883
-4.457573,194.90042,1.6288892
-4.5176578,195.93155,1.6283422
-4.5771694,196.95946,1.628358
-4.636603,197.98909,1.6288258
-4.696536,199.01944,1.6295342
-4.7568083,200.0418,1.6305175
-4.8172865,201.05353,1.631516
-4.8787203,202.06828,1.6320125
-4.940563,203.08147,1.6318516
-5.0013285,204.08514,1.6304199
-5.06068,205.08713,1.6275824
-5.1174994,206.09377,1.6235727
-5.1693926,207.07416,1.6194315
-5.2154217,208.02547,1.6155232
-5.2562203,208.94678,1.6111938
-5.2922173,209.8424,1.606584
-5.3235145,210.72394,1.6016284
-5.3500013,211.59573,1.5958083
-5.370337,212.43729,1.5886353
-5.384469,213.24907,1.5809613
-5.3921456,214.03929,1.5730112
-5.393415,214.80045,1.5645844
-5.388537,215.54636,1.5558584
-5.377483,216.28102,1.5469459
-5.360268,217.00386,1.5383826
-5.3375387,217.70676,1.5305053
-5.310099,218.3872,1.5233452
-5.27827,219.05725,1.5164648
-5.2420707,219.72293,1.5096431
-5.2017164,220.38062,1.502699
-5.1583996,221.01945,1.4964011
-5.112427,221.63922,1.491109
-2.417088,235.67485,1.6077006
-2.440561,236.31013,1.6030135
-2.4602969,236.92761,1.597724
-2.4766524,237.53725,1.5917554
-2.4892616,238.13301,1.5859079
-2.4983497,238.71758,1.5807883
-2.5042088,239.295,1.5762897
-2.5074108,239.8713,1.5719912
-2.508077,240.45363,1.5677578
-2.50637,241.04085,1.563818
-2.5022194,241.63843,1.5602216
-2.4957073,242.24553,1.5566527
-2.486975,242.85786,1.5527887
-2.4756536,243.47829,1.5484968
-2.4614458,244.1093,1.5437274
-2.4442496,244.74039,1.5385376
-2.4233856,245.3741,1.532004
-2.3979497,246.00475,1.5222504
-2.3678584,246.6283,1.5111824
-2.3313,247.24298,1.5008684
-2.288302,247.85843,1.4910679
-2.2396533,248.47028,1.482209
-2.1854756,249.07825,1.4734195
-2.124893,249.70029,1.4644961
-2.0560794,250.35008,1.4566913
-1.9814589,251.00313,1.4500351
-1.9024624,251.6549,1.4443794
-1.8193648,252.31056,1.4392852
-1.7327368,252.96603,1.4346893
-1.6422268,253.62791,1.4305006
-1.547822,254.29573,1.4257365
-1.4497818,254.96486,1.419951
-1.3469422,255.64148,1.413343
-1.2391335,256.3227,1.4071107
-1.1264937,257.00552,1.40179
-1.008482,257.69797,1.3966732
-0.8851087,258.39902,1.391104
-0.7571124,259.1042,1.3852799
-0.62459236,259.81027,1.3794988
-0.486525,260.524,1.3736622
-0.3434806,261.24017,1.367615
-0.19597515,261.9564,1.3616557
-0.044239476,262.67145,1.3558382
0.11245002,263.38977,1.3502786
0.27432132,264.11224,1.3447307
0.44220442,264.84293,1.3392383
0.6148207,265.57465,1.3333892
0.7912297,266.30328,1.3272867
0.97230244,267.03174,1.3208474
1.159269,267.7642,1.3140231
1.3496431,268.48865,1.3069779
1.5425428,269.2025,1.3000491
1.7375757,269.9048,1.2932335
1.9330668,270.591,1.287
2.1318076,271.2727,1.2813909
2.3351746,271.95618,1.2762283
2.5412076,272.63562,1.2715797
2.7450783,273.29648,1.2671415
2.9472718,273.942,1.2627345
3.1500113,274.57996,1.2589545
3.3570707,275.22293,1.256052
3.566985,275.86807,1.2539239
3.77154,276.49203,1.2519616
3.9638548,277.07504,1.249694
4.1446667,277.61993,1.247679
4.3136644,278.12616,1.2465589
4.4733987,278.6027,1.2461095
4.624232,279.05246,1.2469407
4.769058,279.48456,1.2483863
4.906456,279.89636,1.2499536
5.041533,280.30295,1.251235
5.1821694,280.7277,1.2530788
5.332972,281.1866,1.2564323
5.490534,281.67627,1.2667018
5.6467338,282.179,1.2861121
5.794276,282.6872,1.3126298
5.928362,283.19794,1.344042
6.0446587,283.70453,1.3786651
6.140522,284.20062,1.4161127
6.2161903,284.687,1.4551767
6.272182,285.16614,1.4930644
6.308052,285.6324,1.5309352
6.3262634,286.08426,1.5686787
6.3273473,286.52313,1.6047332
6.3127513,286.94748,1.6404514
6.283702,287.36188,1.6769884
6.240053,287.76508,1.7161711
6.1826243,288.16113,1.7548583
6.110745,288.5497,1.789488
6.0267477,288.93164,1.8187354
5.9322,289.30542,1.8447062
5.829069,289.66867,1.8744965
5.7166367,290.02576,1.9094561
5.595475,290.37036,1.9443095
5.4667172,290.69986,1.9760696
5.33349,291.01016,2.0059803
5.19863,291.29654,2.042823
5.0610714,291.56244,2.0931814
4.9164543,291.8129,2.1514082
-9.634922,300.3904,3.0325477
-9.97553,300.42834,3.0784652
-10.317297,300.45145,3.1114862
-10.676656,300.46393,3.131673
-11.047306,300.46786,-3.1371303
-11.412909,300.46613,-3.1231866
-11.757449,300.45917,-3.10695
-12.089791,300.44693,-3.0859113
-12.411981,300.42902,-3.0635762
-12.72903,300.4047,-3.0438466
-13.091166,300.36908,-3.0224676
-13.509923,300.3199,-3.0016925
-13.96283,300.25714,-2.9860191
-14.431675,300.18362,-2.9725866
-14.913285,300.10205,-2.9609528
-15.4177265,300.01004,-2.9508054
-15.925342,299.912,-2.9409716
-16.403856,299.81467,-2.9313788
-16.875248,299.7141,-2.921672
-17.39292,299.59836,-2.911321
-17.970074,299.46277,-2.8991668
-18.601982,299.30676,-2.8863764
-19.267956,299.133,-2.8736148
-19.957113,298.9436,-2.8601477
-20.658117,298.74097,-2.8463912
-21.353601,298.5297,-2.8332787
-22.047268,298.3093,-2.8215399
-22.738384,298.08038,-2.8108752
-23.44101,297.83975,-2.8015676
-24.179317,297.57916,-2.7941341
-24.96058,297.29666,-2.7884982
-25.781776,296.9945,-2.7845995
-26.632122,296.67786,-2.7825727
-27.504852,296.35083,-2.782371
-28.397203,296.01602,-2.783532
-29.313196,295.67313,-2.785221
-30.239693,295.32825,-2.7872126
-31.167364,294.98502,-2.7893796
-32.099472,294.6423,-2.7913876
-33.0347,294.30063,-2.7932546
-33.982376,293.95624,-2.7948787
-34.937195,293.61133,-2.7967565
-35.904865,293.26337,-2.7985504
-36.874752,292.91693,-2.800298
-37.8554,292.56848,-2.8021045
-38.851448,292.21643,-2.8039887
-39.858223,291.86258,-2.805624
-40.887863,291.50253,-2.8069448
-41.939724,291.1362,-2.8080537
-43.015415,290.76294,-2.8090184
-44.09999,290.38803,-2.8099935
-45.18757,290.01337,-2.8108442
-46.26108,289.64508,-2.8118274
-47.331196,289.27878,-2.8126218
-48.393467,288.91605,-2.8129675
-49.459225,288.55267,-2.813133
-50.536713,288.18555,-2.8136332
-51.611732,287.82037,-2.8152244
-52.697746,287.4531,-2.8178704
-53.806854,287.08115,-2.8214667
-54.917248,286.713,-2.8256884
-56.02507,286.35068,-2.8296406
-57.11916,285.99792,-2.8331134
-58.20731,285.65118,-2.8361208
-59.291298,285.30927,-2.8386075
-60.37003,284.9721,-2.8407524
-61.443657,284.63895,-2.8425138
-62.5156,284.30838,-2.8439085
-63.59444,283.97733,-2.8451755
-64.66793,283.6495,-2.8464723
-65.752106,283.31976,-2.847633
-66.837265,282.9913,-2.8488948
-67.930756,282.66193,-2.8505445
-69.032166,282.33197,-2.852499
-70.14927,281.99942,-2.8543334
-71.2718,281.66772,-2.856156
-72.40215,281.33612,-2.858307
-73.53832,281.00534,-2.8607962
-74.68509,280.67456,-2.8635466
-75.83615,280.34613,-2.8668418
-76.994576,280.0194,-2.87036
-78.15957,279.69495,-2.8735344
-79.32565,279.3741,-2.8758874
-80.49216,279.0565,-2.8775923
-81.659134,278.74097,-2.8790588
-82.81441,278.43042,-2.8801067
-83.965,278.12274,-2.8808026
-85.11954,277.81476,-2.8815916
-86.2775,277.5068,-2.8827193
-87.433846,277.20096,-2.8844836
-88.59504,276.89587,-2.8869464
-89.760826,276.5925,-2.8899117
-90.929955,276.29175,-2.8929613
-92.09587,275.9957,-2.8958712
-93.256905,275.70456,-2.8985343
-94.41469,275.41748,-2.9008634
-95.567345,275.13446,-2.902709
-96.72159,274.85352,-2.9044156
-97.88079,274.5733,-2.906312
-18.562769,189.73831,-1.5104066
-18.484226,188.43701,-1.5101098
-18.408953,187.19058,-1.510166
-18.33604,185.97694,-1.5109208
-18.264833,184.78229,-1.512039
-18.194225,183.57936,-1.5132252
-18.125568,182.38441,-1.5147626
-18.059298,181.1983,-1.5163283
-17.996046,180.02815,-1.517941
-17.935009,178.86723,-1.5194094
-17.87578,177.71051,-1.5207775
-17.819504,176.57314,-1.522373
-17.764547,175.43245,-1.5242099
-17.71235,174.30432,-1.5265007
-17.663294,173.19012,-1.5288472
-17.61719,172.08559,-1.5311266
-17.573643,170.9861,-1.5333124
-17.53296,169.8946,-1.535637
-17.494892,168.81006,-1.5380296
-17.45989,167.73935,-1.5402781
-17.428062,166.69104,-1.5423273
-17.398806,165.65819,-1.5442836
-17.371843,164.63918,-1.5461937
-17.347141,163.63092,-1.5481803
-17.32455,162.6313,-1.5502343
-17.304686,161.66025,-1.5523629
-17.287716,160.7276,-1.554773
-17.27334,159.8317,-1.5571172
-17.261606,158.96333,-1.5593659
-17.25223,158.1335,-1.5615379
-17.244957,157.33199,-1.5636022
-17.239525,156.55696,-1.5658026
-17.23569,155.81032,-1.567698
-17.23331,155.09259,-1.5689303
-17.231895,154.40279,-1.569603
-17.230993,153.73665,-1.5699035
-17.230358,153.08788,-1.5700881
-17.229925,152.45274,-1.570457
-17.229698,151.8409,-1.5711485
-17.229923,151.24536,-1.5723639
-17.23053,150.67302,-1.5732644
-17.231789,150.10205,-1.5736785
-17.233047,149.53856,-1.5727637
-17.23376,148.9907,-1.570562
-17.233326,148.45728,-1.5673124
-17.23126,147.93925,-1.5632843
-17.227217,147.42581,-1.5585653
-17.220854,146.90855,-1.553229
-17.211897,146.40123,-1.5478454
-17.199764,145.86911,-1.5422624
-17.183905,145.31242,-1.535406
-17.164078,144.7496,-1.528576
-17.140284,144.18488,-1.5220753
-17.112913,143.62233,-1.5158945
-17.082348,143.06334,-1.5103383
-17.048595,142.50328,-1.5055144
-17.012718,141.95331,-1.5013001
-16.975134,141.41492,-1.497043
-16.936045,140.88966,-1.491884
-16.895508,140.37436,-1.4869803
-16.852211,139.85832,-1.4827094
-16.806484,139.33981,-1.4787102
-16.75833,138.81662,-1.4753054
-16.708097,138.29193,-1.4722813
-16.655855,137.76364,-1.4691838
-16.601547,137.2322,-1.4656098
-16.545311,136.69792,-1.462285
-16.485258,136.14543,-1.4595438
-16.419184,135.55011,-1.4579082
-16.347666,134.91798,-1.4571095
-16.272429,134.25737,-1.4569232
-16.194704,133.57759,-1.4570758
-16.11618,132.88701,-1.45812
-16.036379,132.18248,-1.4595501
-15.956227,131.4659,-1.4606885
-15.874947,130.73085,-1.4617202
-15.793226,129.98495,-1.462722
-15.710645,129.22449,-1.4635705
-15.627025,128.44861,-1.4641567
-15.542795,127.66093,-1.4648268
-15.4570875,126.85536,-1.4655684
-15.372886,126.058,-1.4662572
-15.289054,125.25944,-1.4669437
-15.204817,124.45148,-1.4674538
-15.11988,123.63351,-1.4675469
-15.035406,122.81935,-1.4671946
-14.949783,121.99624,-1.4666183
-14.862039,121.15642,-1.4656388
-14.771187,120.293915,-1.4642774
-14.676469,119.40279,-1.4629459
-14.578168,118.489914,-1.4616799
-14.476934,117.56024,-1.4607645
-14.372769,116.61149,-1.4603877
-14.265473,115.63792,-1.4603301
-14.156053,114.64688,-1.4603821
-14.045383,113.6461,-1.460541
-13.933653,112.63455,-1.4608505
-13.821318,111.61478,-1.4613444
-13.707579,110.57708,-1.4620371
-17.250603,87.18247,-1.4945073
-17.161253,86.01474,-1.4960978
-17.075964,84.8763,-1.4972576
-16.992878,83.74929,-1.4982024
-16.910717,82.61997,-1.4990335
-16.828371,81.47286,-1.500021
-16.746386,80.31084,-1.5017427
-16.665703,79.13868,-1.5045087
-16.587387,77.95979,-1.5077413
-16.513905,76.79128,-1.5113564
-16.443745,75.60266,-1.5161765
-16.37866,74.41762,-1.5214105
-16.320042,73.232605,-1.5262944
-16.268133,72.06236,-1.5311241
-16.220377,70.877,-1.5350661
-16.177395,69.68682,-1.538117
-16.13855,68.49669,-1.5410072
-16.10337,67.315895,-1.5438287
-16.070805,66.12852,-1.5458362
-16.041443,64.95053,-1.5473938
-16.013494,63.76521,-1.5486337
-15.98753,62.589283,-1.5498345
-15.9626045,61.41181,-1.5506448
-15.938892,60.23825,-1.5511012
-15.915926,59.070717,-1.5514385
-15.893518,57.903893,-1.5519494
-15.871637,56.733433,-1.5528687
-15.8507395,55.56249,-1.5541078
-15.831313,54.391697,-1.5555968
-15.81378,53.2286,-1.5573422
-15.798081,52.070637,-1.558934
-15.784373,50.910416,-1.5604314
-15.772471,49.755,-1.5620313
-15.762467,48.594563,-1.5639288
-15.754632,47.42737,-1.5663314
-15.74948,46.26429,-1.5690128
-15.74745,45.107197,-1.5716848
-15.748396,43.94699,-1.5741667
-15.752079,42.796726,-1.5761653
-15.758309,41.65796,-1.5777887
-15.766199,40.522915,-1.5791129
-15.77567,39.39424,-1.5802902
-15.786375,38.270008,-1.5814161
-15.798291,37.150166,-1.5824937
-15.811348,36.036163,-1.5835203
-15.825459,34.92635,-1.5844674
-15.84031,33.820225,-1.584956
-15.85588,32.72034,-1.5851592
-15.871735,31.623114,-1.5854977
-15.887656,30.537956,-1.5859048
-15.903902,29.458382,-1.5862639
-15.920615,28.378956,-1.5866301
-15.937699,27.30715,-1.5871964
-15.955346,26.241812,-1.5881429
-15.974222,25.15629,-1.5893294
-15.994607,24.060398,-1.5907538
-16.016562,22.960966,-1.5923288
-16.040096,21.863712,-1.5937936
-16.065409,20.765263,-1.5952406
-16.091957,19.675066,-1.5965334
-16.11988,18.587135,-1.5975348
-16.148993,17.499605,-1.5984792
-16.179125,16.412073,-1.599469
-16.210443,15.322773,-1.6005923
-16.243135,14.229859,-1.6019616
-16.277527,13.127064,-1.6034433
-16.313643,12.023015,-1.6049916
-16.35158,10.913308,-1.606558
-16.391464,9.800938,-1.6082382
-16.433245,8.683129,-1.6098926
-16.476946,7.560842,-1.6112275
-16.522589,6.4338307,-1.6125343
-16.569828,5.305116,-1.6140928
-16.619066,4.1690197,-1.615856
-16.670269,3.0319707,-1.6176609
-16.723288,1.896691,-1.6191045
-16.778389,0.76219714,-1.6206771
-16.83505,-0.37204257,-1.6225259
-16.893257,-1.4950289,-1.6243601
-16.953606,-2.6220803,-1.6260091
-17.016094,-3.751401,-1.6277444
-17.080574,-4.882211,-1.6296142
-17.14706,-6.0110507,-1.6315243
-17.21603,-7.1451516,-1.6334896
-17.2879,-8.289024,-1.6357015
-17.363096,-9.445477,-1.6382933
-17.441715,-10.609011,-1.6412302
-17.52359,-11.769934,-1.6443193
-17.609127,-12.932149,-1.6473205
-17.697557,-14.085646,-1.6501373
-17.7892,-15.23837,-1.6525813
-17.883432,-16.38766,-1.6548681
-17.979788,-17.532995,-1.6567738
-18.078503,-18.677485,-1.6584877
-18.17886,-19.81717,-1.6603537
-18.28127,-20.956017,-1.6624094
-18.385338,-22.08811,-1.6645286
-18.491726,-23.219433,-1.666623
-18.599928,-24.345058,-1.6686381
-15.15959,-54.503555,-1.49938
-15.0705385,-55.753647,-1.5009096
-14.987034,-56.951237,-1.5029764
-14.908393,-58.11467,-1.5050766
-14.833209,-59.262333,-1.5072649
-14.761343,-60.39675,-1.5096407
-14.6925,-61.52247,-1.5119629
-14.6264715,-62.64288,-1.5139785
-14.563169,-63.75536,-1.5156666
-14.50218,-64.86158,-1.5171751
-14.443132,-65.962875,-1.5186688
-14.385522,-67.06823,-1.5202689
-14.329554,-68.176125,-1.522045
-14.275628,-69.28336,-1.5240316
-14.223653,-70.39404,-1.5261371
-14.174122,-71.501686,-1.5282049
-14.127279,-72.59896,-1.5300153
-14.082973,-73.68348,-1.5313789
-14.0400715,-74.769684,-1.5323892
-13.998184,-75.85885,-1.533304
-13.95716,-76.953995,-1.534333
-13.917118,-78.05246,-1.5355176
-13.878556,-79.14494,-1.5367228
-13.841606,-80.23042,-1.5379579
-13.806068,-81.314186,-1.5393097
-13.772077,-82.40076,-1.5410635
-13.739875,-83.48557,-1.543122
-13.709903,-84.56694,-1.5451638
-13.682033,-85.65261,-1.5471058
-13.65641,-86.73122,-1.5488898
-13.632799,-87.80761,-1.5504682
-13.6107855,-88.88643,-1.5518761
-13.59049,-89.95638,-1.5530672
-13.571777,-91.01121,-1.5539485
-13.554134,-92.062454,-1.5547402
-13.537406,-93.1117,-1.5557402
-13.521704,-94.1582,-1.5569246
-13.507107,-95.20327,-1.5580093
-13.4936495,-96.24262,-1.5587548
-13.481131,-97.27197,-1.5592036
-13.469138,-98.29752,-1.5594877
-13.457623,-99.31873,-1.5598209
-13.446452,-100.339905,-1.5603005
-13.435826,-101.36936,-1.5610592
-13.425885,-102.39572,-1.5620028
-13.416946,-103.42449,-1.563167
-13.409151,-104.4589,-1.5645462
-13.402735,-105.497154,-1.566087
-13.397946,-106.53196,-1.5678242
-13.394856,-107.565735,-1.5696042
-13.39375,-108.57733,-1.5713974
-13.394273,-109.5934,-1.5729743
-13.396416,-110.60973,-1.5743691
-13.400022,-111.61946,-1.5756269
-13.404818,-112.6252,-1.5766802
-13.410627,-113.6204,-1.5774693
-13.417246,-114.6093,-1.578074
-13.424472,-115.59253,-1.5787084
-13.432413,-116.57249,-1.5796394
-13.44111,-117.54133,-1.5808885
-13.450855,-118.49331,-1.582339
-13.462008,-119.4187,-1.5844648
-13.47457,-120.30753,-1.5874724
-13.488998,-121.17154,-1.5907478
-13.505293,-122.00281,-1.5933964
-13.523368,-122.812195,-1.595341
-13.542169,-123.5915,-1.5965668
-13.560849,-124.33359,-1.5969516
-13.579331,-125.05472,-1.5966357
-13.596774,-125.74474,-1.5956683
-13.612894,-126.41048,-1.5941536
-13.627351,-127.055786,-1.5913719
-13.639778,-127.68219,-1.5873294
-13.649689,-128.29814,-1.5824945
-13.656615,-128.90213,-1.5773585
-13.660179,-129.52516,-1.5703241
-13.657805,-130.15231,-1.5562268
-13.647142,-130.77141,-1.5343465
-13.622778,-131.37733,-1.5038563
-13.581498,-131.96736,-1.4650809
-13.518905,-132.54305,-1.4193941
-13.432621,-133.09839,-1.3674504
-13.323709,-133.62386,-1.3126187
-13.191457,-134.12437,-1.2577864
-13.034484,-134.60611,-1.2004735
-12.852732,-135.0718,-1.1386229
-12.646055,-135.51933,-1.0747435
-12.41429,-135.94545,-1.0077862
-12.159313,-136.34698,-0.93506575
-11.881428,-136.72346,-0.8600203
-11.581671,-137.07167,-0.7861196
-11.262384,-137.39236,-0.71580464
-10.922332,-137.68916,-0.6504289
-10.5816345,-137.94804,-0.58959365
-10.237244,-138.18018,-0.5356868
-9.929078,-138.36243,-0.49120286
-9.647539,-138.51463,-0.4567987
-9.361601,-138.65582,-0.430072
-9.033988,-138.80571,-0.3997577
-6.794279,-156.74951,-0.073954105
-6.4092717,-156.77707,-0.0126766255
-6.067794,-156.7795,0.05662823
-5.766975,-156.76279,0.12498481
-5.4522634,-156.72525,0.1846511
-5.0898924,-156.65775,0.24130969
-4.7499576,-156.57373,0.2957666
-4.438388,-156.48076,0.3404792
-4.102283,-156.36232,0.37765747
-3.7432482,-156.22054,0.41154462
-3.383286,-156.06305,0.44488454
-3.0067558,-155.88368,0.4803639
-2.5962803,-155.67075,0.512687
-2.1819441,-155.43803,0.5403774
-1.7805556,-155.1967,0.56826353
-1.3745513,-154.93774,0.5971705
-0.9523529,-154.65103,0.6242368
-0.520252,-154.34132,0.64628
-0.07812785,-154.00966,0.66049
0.37587655,-153.65822,0.66831386
0.8221156,-153.3065,0.6724531
1.2552162,-152.96196,0.67522234
1.6965917,-152.60844,0.6777622
2.1674378,-152.22922,0.6801338
2.6739082,-151.81905,0.6826711
3.2086248,-151.3839,0.6854908
3.768561,-150.9255,0.68880314
4.3576913,-150.44055,0.69164723
4.9549007,-149.94646,0.69310087
5.5493164,-149.45294,0.6937654
6.155475,-148.94894,0.69398993
6.778825,-148.43044,0.69383675
7.417676,-147.89903,0.6935648
8.077079,-147.35081,0.69332504
8.763268,-146.78064,0.6929636
9.475457,-146.18925,0.6923656
10.198754,-145.58925,0.6917577
10.92793,-144.9853,0.6911304
11.665174,-144.37526,0.69061357
12.414049,-143.75623,0.6903808
13.174026,-143.12827,0.69044065
13.940997,-142.49458,0.6906816
14.719106,-141.85172,0.6906076
15.507532,-141.20042,0.6900051
16.308308,-140.53973,0.68891156
17.10395,-139.88461,0.68750334
17.905184,-139.2267,0.68599993
18.718596,-138.5605,0.6847236
19.533224,-137.89514,0.68380314
20.35425,-137.22598,0.6830594
21.182184,-136.55247,0.68201864
22.021585,-135.8709,0.6807006
22.870993,-135.18297,0.67933226
23.730188,-134.48924,0.67778033
24.597202,-133.79103,0.67637545
25.457373,-133.10045,0.6753328
26.332027,-132.3998,0.6744664
27.213669,-131.6947,0.6738017
28.088953,-130.99591,0.6731682
28.960423,-130.30095,0.6725301
29.832739,-129.60632,0.67183363
30.720158,-128.90073,0.67093915
31.623352,-128.18365,0.6701099
32.542458,-127.45504,0.6696651
33.46351,-126.7258,0.669446
34.38308,-125.998344,0.6689884
35.31483,-125.26177,0.66829294
36.243633,-124.52825,0.66784996
37.17584,-123.793076,0.6674551
38.115826,-123.052444,0.66677165
39.053127,-122.314705,0.6660383
40.00315,-121.56782,0.6656929
40.95267,-120.821884,0.66585624
41.909065,-120.07087,0.66592145
42.873302,-119.313805,0.6652927
43.834408,-118.55966,0.66437703
44.78821,-117.812775,0.6634493
45.74021,-117.068825,0.66237074
46.695843,-116.32323,0.6614833
47.651966,-115.57876,0.6609086
48.59726,-114.84361,0.6606315
49.544197,-114.107925,0.660324
50.486095,-113.37637,0.6599695
51.418617,-112.652756,0.6596291
52.345333,-111.93435,0.6589974
53.272453,-111.21646,0.6580261
54.196785,-110.50209,0.6568663
55.128338,-109.78368,0.6557303
56.06731,-109.0613,0.65462995
57.00964,-108.33802,0.6535174
57.96414,-107.6071,0.652344
58.914185,-106.88131,0.6512089
59.86471,-106.15693,0.65007305
60.81178,-105.43687,0.64890325
61.75784,-104.719406,0.64761937
62.704956,-104.003044,0.6461692
63.65002,-103.290344,0.64461434
64.59098,-102.58295,0.6431012
65.526215,-101.882034,0.64174616
0.3303727,-45.025154,1.5926121
0.30282187,-43.758377,1.5908387
0.27876043,-42.55171,1.5885677
0.25771326,-41.37673,1.586231
0.2394138,-40.20048,1.5841378
0.22372146,-39.03236,1.5823113
0.2103314,-37.86524,1.5804853
0.19907352,-36.710182,1.5787151
0.18979277,-35.56265,1.577294
0.18176706,-34.40594,1.5767585
0.17469242,-33.242283,1.5768358
0.16769609,-32.07242,1.5769317
0.16064613,-30.905758,1.5768325
0.15361136,-29.750097,1.5766927
0.14680359,-28.596779,1.5765822
0.14010385,-27.435583,1.5764536
0.13354588,-26.27568,1.5763186
0.12719642,-25.118307,1.5761153
0.121249534,-23.961126,1.5755767
0.11563125,-22.806467,1.57499
0.11084906,-21.65718,1.5744295
0.1067239,-20.513292,1.573776
0.10353452,-19.374102,1.5727822
0.101419605,-18.23378,1.5713751
0.10064434,-17.093409,1.5699968
0.10143214,-15.957743,1.5689108
0.103475295,-14.834397,1.5681233
0.106283486,-13.709854,1.5677946
0.10960509,-12.59481,1.5677478
0.11300692,-11.477585,1.5677891
0.11646404,-10.358288,1.567683
0.120034076,-9.227773,1.5673568
0.12407437,-8.096602,1.5667026
0.1288044,-6.9693103,1.5657556
0.13451739,-5.858054,1.5645967
0.14135496,-4.7520766,1.5634371
0.14948107,-3.651542,1.5622952
0.15881631,-2.5570478,1.5611256
0.1691223,-1.4775277,1.5601864
0.18029822,-0.38588098,1.559975
0.19184098,0.6988455,1.5604508
0.20305996,1.7800761,1.5610025
0.21384262,2.861349,1.5611931
0.22416058,3.9330516,1.5610958
0.23488396,5.0125723,1.5605297
0.2459313,6.099174,1.5600246
0.25776458,7.191723,1.5596398
0.270052,8.288048,1.5592111
0.28270778,9.378366,1.5587
0.2959555,10.476352,1.5582117
0.30951673,11.573249,1.5581684
0.32363382,12.671606,1.5579991
0.33775565,13.776726,1.5577173
0.35217932,14.8850975,1.5576681
0.3661125,15.968013,1.5579511
0.37998125,17.051456,1.5582969
0.3935265,18.14097,1.5588161
0.40636855,19.222628,1.5595744
0.4185098,20.301964,1.5603532
0.42926592,21.357561,1.5614096
0.438717,22.395958,1.5629394
0.4466434,23.434906,1.5649405
0.4527135,24.479218,1.5672857
0.45645547,25.530935,1.5697808
0.45770296,26.5857,1.572174
0.45633435,27.641247,1.5743939
0.45281738,28.70116,1.5761832
0.4472809,29.763512,1.577536
0.44010654,30.821905,1.5787657
0.43200713,31.884985,1.5794635
0.42324418,32.9343,1.5792125
0.4147048,33.984722,1.5780206
0.4072792,35.038574,1.5762509
0.40170303,36.093895,1.5740222
0.39841208,37.146755,1.5714417
0.39765102,38.192814,1.5689356
0.39949542,39.227577,1.5667971
0.40368488,40.26165,1.5647873
0.41004682,41.292965,1.5624889
0.4186386,42.319828,1.5599861
0.42989308,43.352753,1.5572839
0.4439448,44.38504,1.5542449
0.46085015,45.417625,1.5513846
0.48102102,46.455135,1.5486474
0.50387084,47.49275,1.5460143
0.5294,48.530033,1.5438216
0.5571715,49.567215,1.5421681
0.58657545,50.599396,1.5410098
0.61746615,51.63798,1.5400894
0.6492716,52.67235,1.5391778
0.68181914,53.70293,1.5382988
0.714872,54.720936,1.5375067
0.7477819,55.71362,1.536904
0.7807247,56.68798,1.5364655
0.8132249,57.639816,1.5362878
0.84535813,58.57297,1.5362177
0.87702686,59.492924,1.5362402
0.9087609,60.412956,1.5363734
0.94030476,61.332268,1.5367892
-1.4076164,86.689514,1.5793453
-1.4156095,87.61419,1.578669
-1.4227816,88.5051,1.5783122
-1.4295276,89.38547,1.5782726
-1.4360421,90.266045,1.5782212
-1.4425242,91.13494,1.5781133
-1.4488118,91.995865,1.5779591
-1.4548731,92.85397,1.5775982
-1.46066,93.7111,1.5770433
-1.46599,94.56638,1.5764086
-1.4710085,95.430336,1.5760876
-1.4755692,96.30063,1.5759113
-1.4798632,97.17141,1.5753776
-1.4837795,98.04751,1.5744575
-1.486903,98.92267,1.5732527
-1.4891983,99.80359,1.572183
-1.4905504,100.69632,1.571408
-1.4912444,101.58691,1.5709682
-1.4915426,102.480316,1.5710249
-1.4918325,103.377815,1.5713277
-1.4925096,104.289375,1.5719335
-1.4937718,105.21588,1.5728223
-1.495907,106.14845,1.574133
-1.4991378,107.08099,1.5759
-1.5041771,108.01648,1.5782531
-1.5114378,108.95262,1.5813696
-1.5214435,109.89008,1.5849558
-1.5346615,110.836784,1.5881996
-1.5510567,111.78306,1.5908117
-1.5699434,112.72574,1.5935243
-1.5912863,113.665245,1.5963104
-1.615187,114.60259,1.5991467
-1.6417158,115.54015,1.6018689
-1.6713153,116.49198,1.6044449
-1.7035887,117.45349,1.6067668
-1.7384472,118.42765,1.6086439
-1.7757043,119.41338,1.6102357
-1.8150222,120.40921,1.6118735
-1.8566899,121.41857,1.613957
-1.9009231,122.436806,1.6167836
-1.9484261,123.46857,1.6200151
-1.9995263,124.50843,1.6230862
-2.053869,125.54992,1.6257336
-2.110914,126.58603,1.628323
-2.1712008,127.631035,1.6311398
-2.2353787,128.69241,1.6339726
-2.3030167,129.76663,1.6361673
-2.373319,130.84882,1.6371471
-2.4462564,131.94672,1.6375465
-2.520678,133.05553,1.638326
-2.59537,134.16032,1.6393433
-2.6714845,135.27142,1.6401036
-2.7484422,136.38083,1.640678
-2.8266478,137.49773,1.6412721
-2.905947,138.62004,1.6420884
-2.9865081,139.75014,1.6428695
-3.0685377,140.88962,1.6433117
-3.1523886,142.04587,1.6435237
-3.236927,143.2098,1.6433824
-3.3219795,144.37788,1.6432335
-3.4069002,145.54552,1.6434771
-3.4918208,146.70981,1.6440858
-3.577261,147.87267,1.6448863
-3.6634407,149.03252,1.6458349
-3.7503052,150.1878,1.6468287
-3.838483,151.3476,1.6475743
-3.927516,152.50868,1.6478143
-4.0167885,153.67076,1.6472663
-4.1052,154.82848,1.6459565
-4.1920066,155.9805,1.64442
-4.277911,157.14047,1.6434085
-4.362403,158.30269,1.6426705
-4.445448,159.45491,1.6419991
-4.5272703,160.60072,1.6414723
-4.6080365,161.74092,1.6410288
-4.6882167,162.88081,1.640556
-4.7680073,164.02348,1.6400026
-4.847493,165.17126,1.6393332
-4.9263544,166.31868,1.6387595
-5.0047574,167.46884,1.6384361
-5.0831685,168.62332,1.6385064
-5.161941,169.78336,1.6389102
-5.2408,170.94144,1.6392106
-5.319709,172.09532,1.6391525
-5.398078,173.2387,1.6390564
-5.4755273,174.37056,1.6390897
-5.552843,175.50053,1.6391816
-5.6303587,176.63339,1.6391805
-5.707266,177.75867,1.6388636
-5.783806,178.88254,1.6382533
-5.859059,179.9991,1.637282
-5.9321637,181.09468,1.6363059
-6.0031977,182.17726,1.6353805
-6.073059,183.2569,1.6344428
-6.1419864,184.33525,1.6338257
-6.210329,185.41212,1.6339592
-6.278421,186.48737,1.6345679
-6.346945,187.5584,1.6354029
-6.4155107,188.61673,1.6363965
-1.8092668,214.91388,1.5841818
-1.824151,216.04143,1.582803
-1.8368016,217.12123,1.580529
-1.8467727,218.15881,1.5778478
-1.8535659,219.16403,1.5748321
-1.8571981,220.14186,1.5712035
-1.8573426,221.11198,1.566963
-1.853119,222.06052,1.5616776
-1.8439248,222.96812,1.5549281
-1.8293233,223.8436,1.5472001
-1.8087791,224.68573,1.5387851
-1.7821292,225.50604,1.5300465
-1.7492813,226.30374,1.5211092
-1.7105249,227.08118,1.5124638
-1.6668738,227.82549,1.5043192
-1.6189061,228.54466,1.4967918
-1.5670124,229.24431,1.4896736
-1.5111285,229.92928,1.4824393
-1.4525766,230.58997,1.4752394
-1.3916012,231.22835,1.4687893
-1.3266991,231.86185,1.4625005
-1.2581902,232.49312,1.4564528
-1.1867057,233.1175,1.4511935
-1.1125827,233.73532,1.4465959
-1.0357635,234.34984,1.4418902
-0.9562249,234.96385,1.4371139
-0.87358445,235.57886,1.4326435
-0.78802943,236.19472,1.4285305
-0.6998919,236.81032,1.4246681
-0.60998535,237.42133,1.4209343
-0.5178588,238.03151,1.4172381
-0.42327055,238.64252,1.4135027
-0.32747862,239.24683,1.409907
-0.22927672,239.85101,1.4059695
-0.12738986,240.46219,1.4011678
-0.020367932,241.08633,1.3957008
0.09208912,241.71675,1.3877246
0.20735505,242.33653,1.3767153
0.32791585,242.95244,1.3659574
0.45603287,243.57004,1.3566729
0.5894682,244.18259,1.3472092
0.7277538,244.79013,1.3369974
0.8726059,245.40012,1.3275768
1.0276626,246.02731,1.3201721
1.1908691,246.66542,1.3137866
1.358002,247.30156,1.3077978
1.5313897,247.94643,1.3023419
1.7126955,248.60643,1.2968402
1.898523,249.26859,1.2918551
2.088011,249.93015,1.2873986
2.2792494,250.58575,1.2822609
2.4741538,251.2427,1.2769752
2.6750834,251.90692,1.2714435
2.8806722,252.57329,1.2658045
3.0918067,253.24388,1.2600397
3.309912,253.92355,1.2541118
3.5326996,254.60327,1.2480501
3.7593176,255.28113,1.2422513
3.9909766,255.96143,1.2370342
4.2285285,256.6467,1.232045
4.47051,257.33368,1.2270172
4.7175126,258.0238,1.2220926
4.9691586,258.71606,1.217017
5.2272444,259.41525,1.2119305
5.4917536,260.12024,1.2063224
5.7596397,260.82202,1.200179
6.0342417,261.5283,1.1933392
6.315118,262.23657,1.1856613
6.603124,262.94736,1.1779253
6.896101,263.6543,1.1702613
7.1892977,264.3464,1.1628077
7.484459,265.02972,1.1561353
7.7796974,265.70087,1.1504995
8.073212,266.35806,1.1458584
8.370112,267.01465,1.1419817
8.671496,267.67416,1.1387563
8.970109,268.3222,1.1361384
9.267023,268.96216,1.1340822
9.565592,269.6022,1.1327004
9.860404,270.23163,1.1316849
10.139249,270.82523,1.1303883
10.403342,271.3865,1.1295398
10.656155,271.92236,1.1295712
10.8969,272.4327,1.1302124
11.124255,272.9155,1.1313305
11.3420515,273.37894,1.1323756
11.556333,273.83615,1.133421
11.769775,274.293,1.1351001
11.98468,274.75427,1.1367198
12.206992,275.23306,1.137414
12.426224,275.70694,1.1378182
12.639502,276.16824,1.1377077
12.848931,276.62137,1.1376574
13.057563,277.0727,1.1379924
13.265612,277.52292,1.1383455
13.482396,277.9925,1.1384814
13.708492,278.48212,1.138025
13.941001,278.98514,1.1369311
14.178709,279.49783,1.1352296
