predicted_x,predicted_y,predicted_theta
0.017989723,0.56897175,1.5712732
0.017833713,0.83131474,1.5605531
0.020334113,1.082575,1.5511419
0.024941627,1.3269249,1.5438945
0.03142462,1.5716956,1.53848
0.039671756,1.8295215,1.5338665
0.049640074,2.1053898,1.5307387
0.060924638,2.3925471,1.5298301
0.07264372,2.6838646,1.5312095
0.083949916,2.9807715,1.5362723
0.09422465,3.283004,1.5442457
0.10218344,3.5919335,1.5544049
0.10739151,3.9108033,1.565798
0.10909447,4.2407856,1.5771793
0.10707074,4.5764527,1.5878314
0.10140738,4.918636,1.5973691
0.09235004,5.2758484,1.6044714
0.08015168,5.645338,1.6091031
0.0655192,6.03717,1.6113843
0.04929744,6.4415393,1.6116217
0.03214323,6.862401,1.6110594
0.014651535,7.293973,1.6107714
-0.0032050563,7.7437625,1.6100919
-0.021610152,8.21054,1.6090815
-0.03908685,8.692944,1.6044326
-0.05632663,9.180569,1.6001935
-0.07103336,9.674154,1.5984846
-0.085076176,10.178433,1.5973474
-0.098746955,10.69269,1.596333
-0.1120179,11.213982,1.5951567
-0.124790825,11.7367525,1.5939863
-0.137114,12.266782,1.5929552
-0.1491181,12.805921,1.5921203
-0.16047974,13.340153,1.5913067
-0.17196885,13.892481,1.5908976
-0.18277448,14.423084,1.5912354
-0.19415504,14.973272,1.5922573
-0.2063442,15.5378,1.5937406
-0.21965212,16.117607,1.5953363
-0.23411459,16.705345,1.5969949
-0.24986736,17.300152,1.5991869
-0.26727152,17.906376,1.6021998
-0.2866971,18.519157,1.6060125
-0.30980748,19.165012,1.6111487
-0.33645457,19.81785,1.6174668
-0.36806402,20.493849,1.6244199
-0.40478858,21.176672,1.6315806
-0.44674674,21.867802,1.6386216
-0.49376723,22.564257,1.6447501
-0.54402333,23.248318,1.6493304
-0.5962897,23.920378,1.6518507
-0.64978874,24.585136,1.6521778
-0.70534056,25.268677,1.6511594
-0.76163524,25.967949,1.6495391
-0.8177037,26.676537,1.6481485
-0.87544656,27.412796,1.6483347
-0.9318931,28.144764,1.6484052
-0.98810077,28.86914,1.6477411
-1.047584,29.629793,1.648609
-1.1095539,30.415222,1.6519116
-1.1744223,31.20907,1.656807
-1.2429562,31.999752,1.662945
-1.3135947,32.7643,1.6696857
-1.3892859,33.527622,1.6766999
-1.4704629,34.289974,1.6839856
-1.5576996,35.05659,1.6916642
-1.6514271,35.8277,1.6995648
-1.7526608,36.607285,1.708136
-1.8621507,37.398388,1.7173138
-1.9817733,38.20917,1.7264986
-2.1113236,39.03399,1.735463
-2.2499084,39.865776,1.7450445
-2.3929198,40.675934,1.7558038
-2.5409815,41.46587,1.7678821
-2.700362,42.264324,1.7807026
-2.8666394,43.045223,1.7929057
-3.0434902,43.829502,1.8049607
-3.2363067,44.638683,1.8158336
-3.4298906,45.41408,1.8250672
-3.6327627,46.194363,1.8352265
-3.8466113,46.983704,1.8452374
-4.0762434,47.79858,1.8552812
-4.3197517,48.63148,1.8643901
-4.573652,49.470776,1.8730671
-4.833769,50.304977,1.8816346
-5.101422,51.13812,1.8903059
-5.3661003,51.938114,1.8994008
-5.6307344,52.715378,1.9090316
-5.902644,53.489086,1.918743
-6.184699,54.266747,1.9280127
-6.4752107,55.04648,1.9359719
-6.7781873,55.840157,1.9420296
-7.0928698,56.649105,1.9463114
-7.411164,57.457367,1.949273
-7.729323,58.258026,1.9509007
-8.057953,59.081924,1.9506369
-8.388991,59.911385,1.9488865
-8.720951,60.7476,1.9462794
-9.051265,61.583927,1.9443816
-38.62265,71.01109,2.3629723
-39.293785,71.67348,2.3698826
-39.94358,72.306175,2.3761694
-40.59073,72.92854,2.3816874
-41.242527,73.54846,2.3860383
-41.89843,74.166954,2.388778
-42.56296,74.78935,2.3908412
-43.233044,75.41494,2.3919828
-43.910732,76.04567,2.3923512
-44.586807,76.67471,2.3922286
-45.2402,77.2819,2.3940501
-45.8747,77.87057,2.3981938
-46.516365,78.46039,2.403116
-47.163017,79.048515,2.408481
-47.80678,79.62693,2.4162998
-48.46661,80.21117,2.426483
-49.15315,80.80789,2.4354694
-49.870075,81.41962,2.4415247
-50.606045,82.03974,2.4450269
-51.3514,82.66395,2.4461076
-52.097824,83.28776,2.4447656
-52.8453,83.91393,2.441576
-53.589207,84.54057,2.4376686
-54.33581,85.174385,2.433696
-55.081116,85.81257,2.4288983
-55.823116,86.45452,2.4227233
-56.567142,87.10568,2.4155595
-57.30608,87.761765,2.407681
-58.035896,88.419785,2.400248
-58.767982,89.08932,2.3941445
-59.501045,89.76835,2.3880975
-60.234985,90.4565,2.3819473
-60.96259,91.14749,2.375704
-61.69158,91.84849,2.3693829
-62.417744,92.55557,2.362499
-63.130184,93.26067,2.3544564
-63.824436,93.958755,2.3454056
-64.51142,94.661865,2.3348703
-65.20854,95.390045,2.3233552
-65.83149,96.05772,2.3121736
-66.45585,96.741875,2.3008401
-67.05641,97.41486,2.2899423
-67.66471,98.109146,2.2797198
-68.2804,98.824554,2.2687995
-68.892075,99.55252,2.2573214
-69.502525,100.296,2.2457428
-70.112206,101.05625,2.2340777
-70.70902,101.82025,2.221908
-71.29587,102.58997,2.210524
-71.8655,103.35631,2.1999454
-72.42049,104.119774,2.1900692
-72.962906,104.88132,2.1806905
-73.49685,105.645386,2.1719928
-74.02132,106.40994,2.1641653
-74.53503,107.17217,2.156697
-75.03974,107.933395,2.1490161
-75.53455,108.69223,2.1410692
-76.01917,109.44898,2.1325433
-76.49694,110.20888,2.1229777
-76.96722,110.97291,2.1121802
-77.42525,111.736176,2.0997698
-77.87675,112.50935,2.0857465
-78.32676,113.305214,2.0692935
-78.76777,114.115,2.0511417
-79.18627,114.92028,2.0316176
-79.587204,115.72921,2.011017
-79.96883,116.54082,1.9894997
-80.32301,117.34185,1.9650203
-80.64673,118.12648,1.9358785
-80.9379,118.89362,1.9038441
-81.20086,119.65674,1.8706752
-81.43543,120.416534,1.8375037
-81.65272,121.20173,1.8088006
-81.85587,122.024536,1.7879912
-82.04624,122.87708,1.7729901
-82.223404,123.73839,1.7604575
-82.3906,124.607796,1.7488546
-82.54769,125.48037,1.7374659
-82.69251,126.34053,1.7269297
-82.82505,127.183754,1.7172321
-82.94636,128.00829,1.7076889
-83.05761,128.81728,1.6981583
-83.15969,129.61653,1.6882405
-83.25263,130.4073,1.677476
-83.33666,131.1955,1.6655365
-83.409706,131.97157,1.6518207
-83.471146,132.73534,1.6361505
-83.520226,133.49121,1.619031
-83.556694,134.24832,1.6012135
-83.57927,134.97963,1.5846928
-83.590065,135.71744,1.5698085
-83.58959,136.45483,1.5563946
-83.57909,137.18633,1.5436006
-83.559166,137.91199,1.5306093
-83.529396,138.6448,1.5164973
-83.488655,139.38281,1.5002252
-83.436584,140.1113,1.4818418
-83.372154,140.82959,1.4620348
-83.294106,141.54231,1.4412944
-127.312584,133.66068,2.103787
-127.691635,134.30356,2.0849662
-128.04337,134.92638,2.066105
-128.37987,135.54816,2.0486045
-128.70009,136.16743,2.0312374
-129.01709,136.80588,2.0136123
-129.32321,137.45201,1.9959688
-129.61894,138.10507,1.9778799
-129.89993,138.75723,1.9595444
-130.17377,139.42572,1.9406871
-130.4376,140.1065,1.92147
-130.69315,140.80481,1.9019877
-130.94333,141.53204,1.8824241
-131.18555,142.28508,1.861998
-131.4183,143.06143,1.8408217
-131.63693,143.85033,1.8200802
-131.83965,144.64528,1.800341
-132.0312,145.46284,1.7816776
-132.20102,146.25476,1.7649499
-132.36029,147.06573,1.7478799
-132.5068,147.88692,1.7294523
-132.64285,148.73628,1.7099956
-132.76598,149.61523,1.6898005
-132.87477,150.52316,1.6689724
-132.96605,151.44704,1.6481649
-133.03926,152.38579,1.6277773
-133.09364,153.33737,1.6073062
-133.12866,154.29514,1.5864929
-133.1437,155.25252,1.5656033
-133.1386,156.20673,1.5446624
-133.1137,157.15517,1.5237895
-133.06885,158.10744,1.5026262
-133.00311,159.06396,1.48008
-132.9158,160.02313,1.4563687
-132.80496,160.98845,1.4320629
-132.66982,161.95694,1.4072706
-132.50935,162.93095,1.3821504
-132.32217,163.91426,1.3570403
-132.10724,164.90651,1.3316493
-131.86513,165.90076,1.3060585
-131.59662,166.8928,1.280907
-131.30281,167.87817,1.2562715
-130.98317,168.86177,1.2318789
-130.63437,169.85283,1.2068245
-130.25577,170.84808,1.1806965
-129.84547,171.8467,1.1533095
-129.40285,172.84526,1.1245393
-128.92964,173.83397,1.094288
-128.42499,174.8116,1.0632682
-127.89053,175.77232,1.0317434
-127.32385,176.72035,1.0001603
-126.72485,177.65427,0.96845704
-126.09617,178.569,0.93713707
-125.43485,179.4704,0.90662223
-124.7386,180.36102,0.8759609
-124.01172,181.23305,0.84407234
-123.25496,182.08412,0.81122315
-122.466736,182.91481,0.77780646
-121.64555,183.72432,0.74391717
-120.79602,184.50644,0.71003544
-119.91779,185.26192,0.6767129
-119.012276,185.98944,0.6434066
-118.083954,186.68542,0.60988593
-117.13033,187.35191,0.57636094
-116.155945,187.98528,0.5425713
-115.158104,188.58699,0.5085294
-114.14159,189.15334,0.47400802
-113.10676,189.68378,0.4386726
-112.053795,190.17738,0.4022292
-110.98065,190.63399,0.3649306
-109.88627,191.05222,0.32694834
-108.77745,191.42836,0.28806636
-107.650856,191.76216,0.24839756
-106.50623,192.05309,0.20853065
-105.3487,192.29868,0.1690488
-104.18261,192.49792,0.13055153
-103.01927,192.65016,0.09320256
-101.85585,192.75804,0.05591065
-100.70236,192.82173,0.018686937
-99.568565,192.84038,-0.019050734
-98.4354,192.81892,-0.056423485
-97.308945,192.75505,-0.09365504
-96.18083,192.65044,-0.1286651
-95.056145,192.50548,-0.1614388
-93.945274,192.32396,-0.19370927
-92.84992,192.10835,-0.22610193
-91.77437,191.86029,-0.25802824
-90.71605,191.58067,-0.28871918
-89.679214,191.27238,-0.31788626
-88.66234,190.93709,-0.34569782
-87.66748,190.5786,-0.37161112
-86.69948,190.20091,-0.395033
-85.7633,189.80928,-0.41627914
-84.85133,189.40434,-0.43708062
-83.96003,188.9874,-0.45763466
-83.076866,188.55252,-0.47753644
-82.19714,188.09776,-0.49701205
-81.32324,187.62402,-0.51645184
-80.46415,187.1359,-0.5357803
-87.2981,232.98544,2.935381
-88.335014,233.20294,2.918683
-89.324844,233.428,2.9017832
-90.29512,233.66556,2.8850815
-91.24217,233.91405,2.8694835
-92.16543,234.17165,2.8560758
-93.05853,234.43378,2.8454287
-93.93661,234.70204,2.8370721
-94.76044,234.96147,2.8300562
-95.57883,235.22517,2.8236291
-96.38563,235.49054,2.8181283
-97.17397,235.75456,2.8138964
-97.95868,236.021,2.8108475
-98.744705,236.29082,2.808303
-99.5303,236.56259,2.8062203
-100.311226,236.83467,2.8045673
-101.08301,237.1049,2.803363
-101.849045,237.3743,2.8024306
-102.610825,237.64262,2.802335
-103.38165,237.91457,2.8029068
-104.16737,238.19101,2.8043177
-104.96574,238.47105,2.8060694
-105.76758,238.7506,2.8078873
-106.5748,239.03018,2.810247
-107.37443,239.30508,2.8132038
-108.157745,239.5713,2.8175194
-108.927734,239.82991,2.8226206
-109.68877,240.0812,2.827798
-110.45443,240.3294,2.833554
-111.22011,240.57271,2.8401988
-111.99278,240.813,2.8470604
-112.780624,241.05208,2.8538074
-113.577255,241.28801,2.8603647
-114.374405,241.51828,2.8667948
-115.17334,241.7437,2.8729022
-115.96877,241.96259,2.8790357
-116.75966,242.1752,2.8852272
-117.541885,242.38031,2.891247
-118.3231,242.57986,2.8976502
-119.12264,242.77946,2.9032326
-119.940834,242.97868,2.9072285
-120.768715,243.17639,2.910488
-121.59964,243.37154,2.9142897
-122.425255,243.56235,2.9188118
-123.246284,243.74817,2.923945
-124.05861,243.92802,2.92897
-124.863884,244.1021,2.933431
-125.66202,244.27078,2.9375103
-126.467766,244.43805,2.9405618
-127.28681,244.60518,2.9425561
-128.11453,244.77231,2.9439082
-128.94481,244.93832,2.9455197
-129.77716,245.10326,2.9481695
-130.60913,245.26578,2.9521017
-131.43767,245.42416,2.9575305
-132.25458,245.576,2.964073
-133.07057,245.7225,2.9708164
-133.88904,245.86374,2.977246
-134.69951,245.9979,2.984025
-135.49684,246.12476,2.990826
-136.29173,246.24545,2.9975963
-137.07463,246.35898,3.00432
-137.85698,246.46733,3.0104523
-138.63731,246.57007,3.01657
-139.40009,246.66599,3.0226126
-140.15947,246.75665,3.0287182
-140.91197,246.84206,3.034588
-141.67268,246.9239,3.0400598
-142.44586,247.00291,3.0449092
-143.23117,247.07924,3.0491161
-144.02171,247.15254,3.0530872
-144.80655,247.22252,3.0563395
-145.58916,247.28957,3.058832
-146.37933,247.35533,3.0606296
-147.19313,247.42142,3.061832
-148.01657,247.4871,3.0629187
-148.84325,247.55205,3.0644925
-149.66808,247.61613,3.0656009
-150.49695,247.67961,3.0655065
-151.33934,247.7442,3.0639825
-152.21255,247.81273,3.0601375
-153.09065,247.88448,3.054765
-153.94827,247.95877,3.0504045
-154.78647,248.03519,3.0477273
-155.6221,248.11378,3.045992
-156.43858,248.1919,3.044947
-157.27022,248.27216,3.0448048
-158.10562,248.35303,3.045388
-158.94087,248.43372,3.0460968
-159.76073,248.5122,3.0469596
-160.57396,248.5894,3.0481381
-161.37189,248.6642,3.0495403
-162.1576,248.73666,3.0514088
-162.9442,248.80801,3.053054
-163.7357,248.87857,3.0537398
-164.53162,248.94858,3.0541298
-165.34598,249.02052,3.0532756
-166.18822,249.0959,3.0494766
-167.03949,249.17459,3.04397
9.031416,254.51367,2.5826538
8.316278,254.96129,2.578988
7.625288,255.39705,2.5749183
6.9473205,255.82822,2.5715451
6.2769523,256.2576,2.5693302
5.602978,256.69153,2.5679076
4.926465,257.12845,2.5669158
4.254031,257.564,2.5660799
3.5775964,258.0026,2.565635
2.9074247,258.43805,2.564958
2.2171354,258.88757,2.5627496
1.5227752,259.34103,2.559997
0.8237787,259.8003,2.5579903
0.12177709,260.2634,2.5568995
-0.5887855,260.73325,2.556977
-1.3012363,261.2046,2.557741
-2.0198324,261.67932,2.5587118
-2.7387784,262.15326,2.5598102
-3.458704,262.62656,2.5613177
-4.1736217,263.0952,2.563063
-4.88721,263.56128,2.5647736
-5.6033244,264.0273,2.566279
-6.3145857,264.48843,2.5678442
-7.0180464,264.94308,2.5694506
-7.7216387,265.396,2.5713372
-8.429947,265.85025,2.5734506
-9.152961,266.31183,2.5755513
-9.862339,266.76254,2.577591
-10.583434,267.2186,2.5797744
-11.311542,267.67703,2.5818853
-12.039224,268.13303,2.5837295
-12.782781,268.59717,2.585195
-13.513037,269.05145,2.5862231
-14.250097,269.509,2.5869343
-14.949588,269.9426,2.5872378
-15.656405,270.38037,2.5871167
-16.35645,270.8142,2.5863311
-17.068245,271.256,2.584788
-17.792555,271.70694,2.5828166
-18.524937,272.1647,2.5809927
-19.22899,272.60675,2.5793643
-19.888737,273.02252,2.5780008
-20.562399,273.4486,2.5760257
-21.250357,273.88544,2.573197
-21.9567,274.33682,2.5695646
-22.667933,274.79504,2.565004
-23.38377,275.26074,2.5597103
-24.093088,275.72748,2.5540175
-24.778545,276.18423,2.5482678
-25.451567,276.63788,2.543081
-26.12074,277.09406,2.5385144
-26.800928,277.56235,2.5341763
-27.496277,278.04565,2.5297134
-28.198391,278.53833,2.5251215
-28.906652,279.04022,2.5203938
-29.623627,279.55328,2.5155647
-30.333666,280.06662,2.510853
-31.038866,280.58173,2.506141
-31.741833,281.1003,2.5010903
-32.45799,281.63416,2.4954982
-33.174995,282.17493,2.48943
-33.892494,282.7229,2.4830651
-34.607456,283.27652,2.4759698
-35.332047,283.8453,2.4683712
-36.06313,284.428,2.460906
-36.785797,285.013,2.4539416
-37.524998,285.62012,2.4467416
-38.268967,286.2397,2.4396372
-39.015038,286.87006,2.4333181
-39.75683,287.5051,2.4276695
-40.49319,288.143,2.4224608
-41.213703,288.77356,2.4181318
-41.91698,289.3945,2.4151585
-42.616158,290.0155,2.4131632
-43.30887,290.63364,2.4112937
-43.996906,291.24966,2.4095435
-44.686447,291.86948,2.4076421
-45.37927,292.49457,2.4052927
-46.07444,293.12476,2.4025419
-46.767307,293.75616,2.399647
-47.45739,294.3886,2.3969433
-48.13944,295.01703,2.3946984
-48.82135,295.64813,2.3930066
-49.505703,296.2837,2.3916545
-50.194515,296.92532,2.3903317
-50.877045,297.56265,2.389164
-51.5573,298.19977,2.3878255
-52.230427,298.83173,2.3861978
-52.901146,299.46384,2.3839984
-53.572685,300.09918,2.3812509
-54.255306,300.74835,2.3782673
-54.94699,301.41034,2.374694
-55.633717,302.0722,2.3706653
-56.321117,302.7395,2.3671956
-56.999786,303.4038,2.3636346
-57.663532,304.0586,2.3593316
-58.31934,304.71048,2.3547645
-58.97588,305.36877,2.350258
-59.62991,306.03046,2.3458579
73.23407,335.10645,1.8692718
72.95286,336.0221,1.8674134
72.68113,336.91278,1.8637991
72.41578,337.79388,1.8589404
72.157326,338.6671,1.853141
71.905624,339.53503,1.8470408
71.66181,340.39532,1.8409976
71.426,341.24756,1.8348236
71.198326,342.0908,1.8282738
70.97913,342.92294,1.8219488
70.76847,343.74396,1.8162066
70.56423,344.55646,1.8122394
70.36538,345.36224,1.8102429
70.16948,346.1646,1.8089484
69.97562,346.96246,1.8080739
69.784325,347.75418,1.8071716
69.59592,348.53702,1.8058074
69.413414,349.29996,1.8040231
69.23935,350.03223,1.802479
69.07443,350.73013,1.8019292
68.907646,351.43872,1.8019414
68.73378,352.17908,1.8008608
68.55417,352.9462,1.7987484
68.38004,353.6982,1.7958498
68.20908,354.44525,1.7926891
68.03261,355.2273,1.7891067
67.84949,356.0529,1.784522
67.66865,356.88684,1.7789956
67.49161,357.72275,1.7741183
67.32404,358.5337,1.7709197
67.16239,359.33084,1.7686962
67.0071,360.10635,1.7663774
66.853485,360.8814,1.7641453
66.69919,361.67245,1.7606589
66.54587,362.4728,1.7552869
66.39135,363.3024,1.7483813
66.238365,364.1583,1.7394
66.09022,365.03064,1.7285689
65.950165,365.91125,1.7169207
65.822075,366.78513,1.7043495
65.70651,367.6456,1.6918106
65.60353,368.4941,1.6797194
65.512054,369.33432,1.6672843
65.43056,370.1781,1.6541756
65.358925,371.0343,1.6403767
65.29808,371.90588,1.6258962
65.24793,372.8025,1.6115001
65.20989,373.72095,1.5975008
65.18288,374.67404,1.5852075
65.167625,375.64948,1.5749402
65.16311,376.62344,1.5663028
65.16748,377.58566,1.5585974
65.17933,378.54932,1.5510964
65.19838,379.50592,1.5432229
65.224686,380.46057,1.5354826
65.257965,381.41684,1.5286571
65.29832,382.37405,1.5222534
65.34497,383.32602,1.5153066
65.398026,384.27112,1.5073097
65.458,385.21176,1.4986588
65.52576,386.15897,1.4909868
65.60107,387.11224,1.4853399
65.682724,388.07187,1.4813671
65.769516,389.04065,1.4777703
65.85997,390.00632,1.4734738
65.9543,390.97327,1.4689407
66.052536,391.93454,1.4645697
66.15466,392.89346,1.4606073
66.26123,393.85382,1.4562405
66.37107,394.80698,1.4513333
66.48353,395.7397,1.4459876
66.598076,396.65494,1.4413848
66.71478,397.55176,1.4378436
66.83451,398.44672,1.4346585
66.957634,399.34973,1.4323423
67.08329,400.25574,1.4315622
67.21099,401.1701,1.4320985
67.33929,402.0907,1.433276
67.468124,403.01965,1.433955
67.59716,403.95187,1.4328424
67.7297,404.89273,1.4272261
67.865746,405.83133,1.418436
68.00857,406.75757,1.4085491
68.15871,407.67557,1.3988081
68.31788,408.59286,1.3897016
68.48515,409.50647,1.3807939
68.660324,410.41495,1.371358
68.84416,411.32312,1.360986
69.039696,412.24164,1.3498619
69.24723,413.16608,1.3383334
69.466576,414.09268,1.3265837
69.697136,415.01816,1.3147523
69.93862,415.94034,1.3029093
70.18983,416.8583,1.2923769
70.44729,417.75928,1.2833197
70.708694,418.64166,1.2744602
70.97689,419.51822,1.2647222
71.25294,420.38968,1.2534001
71.5389,421.2583,1.2403688
64.80018,436.77142,1.8485111
64.53473,437.70377,1.8408924
64.284004,438.60986,1.8328543
64.04211,439.51096,1.8253013
63.809593,440.40564,1.8177766
63.5887,441.28442,1.8094193
63.375084,442.1642,1.8000867
63.171856,443.03766,1.7893579
62.976093,443.91385,1.780115
62.78759,444.7951,1.7743602
62.603554,445.68372,1.7709471
62.42221,446.57568,1.7687345
62.242683,447.47034,1.7670032
62.0664,448.3578,1.7652555
61.89288,449.24048,1.7630204
61.72177,450.12033,1.7603525
61.554024,450.99622,1.75712
61.389732,451.86792,1.7536592
61.22818,452.74142,1.7502551
61.070133,453.61072,1.7475415
60.91634,454.4713,1.7455904
60.76538,455.32544,1.7441981
60.617336,456.17203,1.7426878
60.47279,457.00732,1.7402847
60.33164,457.8356,1.7365015
60.19428,458.65875,1.7316139
60.06144,459.47763,1.7265131
59.93444,460.2835,1.7226268
59.814934,461.06464,1.7198912
59.69944,461.8344,1.7172824
59.58525,462.61154,1.7135465
59.472973,463.39664,1.7078952
59.366707,464.17032,1.7006369
59.26805,464.93073,1.6917479
59.175747,465.6942,1.6810309
59.0906,466.46375,1.6694425
59.01386,467.2357,1.6584512
58.945602,468.00717,1.6489283
58.88674,468.75842,1.6406211
58.835968,469.48343,1.6332822
58.792126,470.18393,1.6266465
58.75392,470.86957,1.6200457
58.720478,471.54434,1.6138649
58.691868,472.2118,1.6077346
58.667454,472.86984,1.601733
58.647266,473.52304,1.5959293
58.631443,474.16833,1.5891693
58.619896,474.81094,1.5811191
58.61364,475.4482,1.5718733
58.613266,476.08755,1.5612491
58.619373,476.73538,1.5501784
58.633137,477.39444,1.5386308
58.654667,478.05487,1.5260932
58.684486,478.72113,1.5129721
58.72355,479.39404,1.4994397
58.77206,480.0701,1.485212
58.83061,480.74506,1.469128
58.90047,481.42438,1.4505194
58.98458,482.11606,1.429412
59.085056,482.81845,1.40593
59.20237,483.52176,1.3808137
59.33648,484.21823,1.3549523
59.48735,484.90762,1.3296221
59.65496,485.59088,1.3058672
59.838036,486.26715,1.283854
60.036392,486.9402,1.2630081
60.25056,487.6167,1.2442763
60.48215,488.30206,1.2275696
60.731342,489.0011,1.2124276
60.996773,489.70993,1.1978594
61.27252,490.4141,1.1828381
61.55858,491.1132,1.1667892
61.85515,491.80527,1.148948
62.163353,492.49155,1.1297914
62.48646,493.17505,1.1092479
62.827187,493.85974,1.0873911
63.184402,494.54047,1.0653514
63.555676,495.21225,1.0444111
63.943268,495.87888,1.02358
64.34373,496.53668,1.0030484
64.75161,497.17554,0.9825881
65.16215,497.79126,0.96267986
65.58032,498.39136,0.94265914
66.00903,498.98102,0.92134154
66.45693,499.5713,0.8995369
66.92801,500.16458,0.8776247
67.41563,500.75204,0.8561518
67.90773,501.31992,0.8366249
68.40593,501.87238,0.8189404
68.91149,502.41266,0.8012495
69.42312,502.93942,0.7811969
69.942566,503.4538,0.7585912
70.47289,503.95667,0.7356178
71.02025,504.45288,0.7139411
71.58518,504.94223,0.6924899
72.16902,505.42657,0.67020804
72.76149,505.89688,0.6489853
73.35092,506.344,0.62974256
73.943596,506.77573,0.610899
64.10439,519.2081,2.4090545
63.541275,519.71454,2.3947158
63.005695,520.2103,2.3813689
62.49607,520.69617,2.3665383
61.997547,521.1847,2.3500733
61.521523,521.66754,2.332212
61.066257,522.14496,2.3142536
60.632908,522.61676,2.2963877
60.216797,523.086,2.2782428
59.806587,523.56573,2.259718
59.39123,524.0698,2.2408297
58.972954,524.5978,2.2214851
58.558548,525.1416,2.2024915
58.150524,525.69904,2.1841059
57.73858,526.28357,2.1662138
57.326374,526.8916,2.1487813
56.915318,527.52075,2.132308
56.501965,528.1768,2.1169877
56.090546,528.85297,2.1025138
55.68733,529.5391,2.0876484
55.287556,530.2436,2.070848
54.88889,530.97406,2.051847
54.4954,531.7277,2.0318396
54.11381,532.4959,2.01155
53.74571,533.2764,1.9908723
53.396362,534.0599,1.9691197
53.066208,534.84485,1.9467494
52.75517,535.6324,1.9248145
52.463425,536.42285,1.9027205
52.188816,537.2201,1.8798686
51.929485,538.0329,1.8557838
51.68655,538.8622,1.8303565
51.461235,539.70874,1.8049049
51.250824,540.5851,1.7811635
51.059547,541.4796,1.7583836
50.88709,542.3826,1.737371
50.732502,543.29346,1.7201958
50.59355,544.2094,1.7066184
50.46793,545.12836,1.6943733
50.35386,546.05304,1.6806234
50.25312,546.97784,1.6636174
50.16956,547.8912,1.642735
50.105537,548.79504,1.618501
50.064823,549.66876,1.5924003
50.045574,550.5478,1.566107
50.048332,551.4486,1.541528
50.074306,552.36993,1.5192481
50.12189,553.30994,1.4985204
50.19015,554.2639,1.4792563
50.277252,555.21423,1.4609815
50.380333,556.1439,1.4429718
50.494663,557.022,1.4245849
50.623512,557.89813,1.4062262
50.766552,558.75726,1.3875675
50.92915,559.6442,1.3711951
51.118145,560.58887,1.3576574
51.33058,561.57666,1.3461658
51.560017,562.5784,1.3338358
51.794662,563.55066,1.3219429
52.033615,564.4855,1.3103571
52.291325,565.44617,1.2960683
52.536846,566.31537,1.2801592
52.8152,567.2473,1.2620331
53.11557,568.19556,1.2466183
53.440372,569.1658,1.2340856
53.779476,570.1355,1.2224511
54.131863,571.1057,1.2110544
54.50202,572.08875,1.197983
54.88791,573.0756,1.1835643
55.28164,574.04047,1.1692379
55.68867,574.9988,1.1552172
56.109417,575.9517,1.14073
56.5499,576.9124,1.125809
57.010326,577.8786,1.1105918
57.48741,578.8414,1.0953289
57.984146,579.80725,1.0804857
58.498653,580.7707,1.0651764
59.029766,581.72986,1.0490344
59.57225,582.673,1.0326729
60.124924,583.59906,1.0170268
60.6953,584.52216,1.0019948
61.270508,585.4217,0.98759264
61.84981,586.29926,0.97442704
62.44999,587.1835,0.9611334
63.076393,588.08136,0.946733
63.72928,588.98895,0.9314495
64.40964,589.90533,0.91554445
65.09866,590.802,0.89962363
65.81571,591.70667,0.884832
66.55654,592.6131,0.8702114
67.3076,593.5039,0.85578525
68.07553,594.38855,0.841592
68.86955,595.28,0.828733
69.67876,596.1634,0.8170075
70.49817,597.0366,0.8057106
71.32501,597.89935,0.796338
72.1549,598.7464,0.78741544
73.007034,599.6031,0.7782436
73.87747,600.4627,0.7695065
170.1929,492.88174,-0.47569948
171.3147,492.3028,-0.4818093
172.38264,491.74286,-0.49006718
173.42442,491.18555,-0.50010145
174.4498,490.62448,-0.5115841
175.4843,490.04343,-0.5243017
176.51466,489.44818,-0.5372582
177.51662,488.85074,-0.5497402
178.51459,488.23917,-0.5620026
179.494,487.622,-0.57449454
180.4673,486.99265,-0.5861889
181.4334,486.35263,-0.59549785
182.38441,485.70844,-0.60298556
183.31555,485.06586,-0.61121416
184.2333,484.42133,-0.6214504
185.14684,483.7671,-0.63266957
186.05727,483.09985,-0.6438656
186.96895,482.41568,-0.65532815
187.87404,481.71988,-0.6674299
188.77989,481.00677,-0.67945915
189.6692,480.28827,-0.69111025
190.56113,479.54987,-0.70368814
191.4502,478.7961,-0.71722865
192.33289,478.02713,-0.7299778
193.20486,477.24768,-0.7413768
194.06183,476.46347,-0.7510502
194.9023,475.67825,-0.7600824
195.7331,474.88754,-0.76986134
196.54637,474.09793,-0.7810203
197.33534,473.31485,-0.7925033
198.09937,472.5388,-0.8039538
198.84564,471.7635,-0.81550574
199.57675,470.9864,-0.82741964
200.29028,470.20947,-0.83967674
200.98091,469.43927,-0.8511267
201.63515,468.69193,-0.8605155
202.26353,467.96033,-0.8679057
202.879,467.23355,-0.87488854
203.48224,466.51065,-0.8823426
204.07523,465.78876,-0.8911477
204.6593,465.06592,-0.9006353
205.221,464.3568,-0.90963435
205.7735,463.64798,-0.9163989
206.31459,462.94485,-0.9192841
206.83432,462.26428,-0.91826123
207.32971,461.6171,-0.913872
207.8106,460.99414,-0.90687436
208.28586,460.3871,-0.89853317
208.7745,459.7727,-0.8903121
209.28195,459.1447,-0.8843438
209.79369,458.52054,-0.8792704
210.30127,457.90796,-0.8729438
210.81372,457.29782,-0.8646294
211.32764,456.69565,-0.8550261
211.85716,456.08652,-0.8452638
212.3947,455.4808,-0.83546346
212.92943,454.89032,-0.8244354
213.45367,454.32358,-0.81261826
213.97566,453.77203,-0.8011571
214.49292,453.23856,-0.789746
215.01242,452.71436,-0.7784725
215.53853,452.19495,-0.7682176
216.06364,451.68707,-0.759461
216.60056,451.17688,-0.75182664
217.13132,450.68106,-0.7440789
217.66159,450.19287,-0.73621094
218.18732,449.71695,-0.7278662
218.71411,449.24725,-0.7196865
219.23865,448.787,-0.71289206
219.7701,448.32736,-0.7069885
220.31377,447.8632,-0.7004003
220.87111,447.39322,-0.6932568
221.4555,446.90744,-0.6860931
222.05704,446.4149,-0.6788964
222.67976,445.91257,-0.6713531
223.31163,445.41122,-0.66267174
223.96329,444.9027,-0.6531192
224.59143,444.422,-0.6440832
225.2184,443.952,-0.633307
225.88416,443.46426,-0.61980075
226.60109,442.9541,-0.6047758
227.33994,442.44476,-0.58823556
228.07802,441.95364,-0.5686314
228.81142,441.48523,-0.5465097
229.53363,441.04523,-0.5243241
230.2453,440.63193,-0.5049837
230.97739,440.2257,-0.4895815
231.75224,439.81143,-0.47846276
232.56184,439.38974,-0.47233716
233.3945,438.9633,-0.47024655
234.23767,438.53394,-0.47088468
235.09471,438.09723,-0.47328562
235.96288,437.65268,-0.4764535
236.83702,437.20184,-0.47946003
237.72298,436.7417,-0.481869
238.58049,436.29352,-0.4831696
239.44682,435.8395,-0.48251742
240.32437,435.3795,-0.4825145
241.21895,434.9099,-0.48519647
273.85037,479.76688,2.3973608
273.03952,480.51398,2.3967476
272.2337,481.25812,2.3940012
271.43866,481.99722,2.3881443
270.6513,482.73615,2.380809
269.88086,483.471,2.3723502
269.13083,484.19632,2.3652966
268.39368,484.92032,2.3603194
267.67303,485.6356,2.3557374
266.98434,486.32648,2.3513305
266.31335,487.00507,2.347141
265.6787,487.6547,2.3404388
265.0793,488.27505,2.3320813
264.51892,488.86456,2.323659
263.99326,489.42816,2.3135154
263.4916,489.97568,2.3014307
263.01352,490.51053,2.287794
262.5553,491.03702,2.272832
262.11624,491.5571,2.256579
261.69907,492.06747,2.2398202
261.3135,492.5551,2.2246728
260.9502,493.0297,2.210785
260.59842,493.50085,2.1993752
260.25464,493.9734,2.190526
259.91196,494.45508,2.179645
259.56647,494.95193,2.164288
259.22363,495.46024,2.146665
258.89362,495.96927,2.1279995
258.57858,496.47427,2.1102316
258.27728,496.97748,2.0937366
257.9871,497.48105,2.0773933
257.71716,497.9674,2.0621974
257.45816,498.4499,2.0502415
257.1995,498.9469,2.0398064
256.94257,499.45334,2.0302746
256.68863,499.96753,2.0196412
256.44104,500.48276,2.0065744
256.2001,501.0001,1.9926735
255.96336,501.52817,1.9777588
255.72224,502.08655,1.9623381
255.48239,502.6695,1.9442742
255.24901,503.26608,1.9230968
255.0319,503.8582,1.8999951
254.83423,504.437,1.876998
254.6498,505.01938,1.8551292
254.47943,505.60272,1.8334576
254.32259,506.18497,1.8128877
254.17656,506.77567,1.7929887
254.0394,507.3822,1.772922
253.91623,507.98447,1.7525004
253.81165,508.55554,1.7326746
253.72354,509.09818,1.7129353
253.64963,509.6165,1.69302
253.58614,510.12967,1.6746693
253.53084,510.65692,1.6576521
253.48157,511.21918,1.6404957
253.43953,511.81873,1.6220201
253.40764,512.4377,1.6030025
253.38762,513.0631,1.5834036
253.37967,513.68646,1.5638262
253.38388,514.2973,1.5455254
253.39899,514.902,1.5289307
253.42416,515.5091,1.5133011
253.46036,516.1184,1.4946984
253.50792,516.7183,1.4686164
253.56705,517.2921,1.4397955
253.63654,517.806,1.4107676
253.71162,518.268,1.3826581
253.79573,518.7143,1.3586146
253.88893,519.1446,1.336427
253.98724,519.5572,1.3158046
254.09567,519.9737,1.295987
254.2151,520.3994,1.2776954
254.35062,520.8503,1.2611986
254.5086,521.34564,1.2439919
254.68529,521.8669,1.2256489
254.87428,522.3928,1.2069924
255.07574,522.92267,1.189098
255.29214,523.4603,1.1693735
255.5217,524.0039,1.1511537
255.7614,524.5425,1.1368861
256.0129,525.0837,1.1216497
256.28085,525.638,1.1022166
256.56445,526.1977,1.0800761
256.86472,526.7599,1.0571992
257.1791,527.31726,1.0343091
257.50735,527.86945,1.0116322
257.84943,528.4163,0.98942137
258.20425,528.9567,0.9680907
258.57156,529.4903,0.9468496
258.9561,530.0231,0.9229834
259.35907,530.55505,0.8964128
259.78488,531.08795,0.86900187
260.23502,531.6209,0.8419012
260.70062,532.14264,0.8156434
261.17157,532.643,0.7903912
261.64972,533.1263,0.76619124
262.1381,533.5961,0.742279
262.63818,534.05505,0.7185066
325.90335,466.6194,-1.3335854
326.0808,465.88626,-1.3467147
326.24716,465.1589,-1.3573145
326.40598,464.42728,-1.3662649
326.55783,463.6961,-1.3744231
326.7058,462.9536,-1.3818786
326.84875,462.2063,-1.3890456
326.98587,461.4603,-1.3959943
327.11804,460.71274,-1.4025804
327.24606,459.96014,-1.4085623
327.3693,459.20825,-1.4138976
327.48856,458.4543,-1.418952
327.60507,457.69296,-1.4241152
327.71802,456.9283,-1.4294604
327.82678,456.1628,-1.435254
327.93243,455.38956,-1.4409492
328.03604,454.5959,-1.4466236
328.1365,453.79102,-1.452409
328.23257,452.98328,-1.4582026
328.3242,452.17523,-1.4635144
328.4124,451.35718,-1.4683504
328.49722,450.5324,-1.4730234
328.5781,449.7051,-1.4781973
328.65613,448.86728,-1.4833586
328.72897,448.03537,-1.4883447
328.79825,447.19897,-1.4931179
328.86386,446.35892,-1.4973447
328.92615,445.51788,-1.5004641
328.98538,444.6811,-1.502457
329.0429,443.84433,-1.5035422
329.10013,442.99286,-1.504632
329.15625,442.1421,-1.5064104
329.21045,441.29272,-1.5096008
329.26248,440.44595,-1.5131853
329.3115,439.59772,-1.5163801
329.35675,438.76282,-1.519819
329.39944,437.92603,-1.5234754
329.43924,437.08157,-1.5276529
329.4754,436.23593,-1.5328889
329.50772,435.3854,-1.5384741
329.53537,434.53333,-1.5438088
329.55862,433.68326,-1.5484058
329.57703,432.84467,-1.553242
329.59143,432.01642,-1.5587575
329.60165,431.18185,-1.5641397
329.6071,430.35513,-1.5694257
329.60797,429.53156,-1.5753081
329.6047,428.70255,-1.5805521
329.59628,427.8788,-1.5858972
329.58347,427.05246,-1.5924569
329.56573,426.2238,-1.5990059
329.54245,425.39618,-1.6051291
329.51346,424.55777,-1.6117438
329.47906,423.7223,-1.6190838
329.4387,422.8867,-1.6265593
329.3924,422.05545,-1.6338341
329.34015,421.22922,-1.6408937
329.28122,420.39264,-1.6484865
329.21744,419.57385,-1.6563421
329.1473,418.7558,-1.6640124
329.07095,417.93854,-1.6711651
328.98874,417.12146,-1.6781735
328.89932,416.29224,-1.6855457
328.80115,415.4377,-1.6932349
328.69714,414.59003,-1.700157
328.58936,413.75977,-1.7054691
328.47562,412.92218,-1.7108909
328.3571,412.08478,-1.7177202
328.2342,411.25867,-1.7262502
328.10968,410.46698,-1.7359096
327.98264,409.7028,-1.7443815
327.8522,408.96317,-1.7529807
327.71722,408.23047,-1.7621024
327.57364,407.48685,-1.770659
327.41913,406.72574,-1.7801937
327.25864,405.97015,-1.7906384
327.0912,405.21753,-1.7985461
326.9165,404.4615,-1.8041966
326.73468,403.69385,-1.8075869
326.5519,402.9361,-1.8098668
326.3648,402.17075,-1.8121325
326.18552,401.4445,-1.8164679
326.00058,400.70914,-1.8225942
325.81293,399.98166,-1.8308961
325.62396,399.2662,-1.8360097
325.43488,398.56433,-1.8340987
325.2508,397.88123,-1.8285549
325.07306,397.20947,-1.8239754
324.9003,396.54688,-1.8234963
324.7295,395.8869,-1.8259535
324.5567,395.2247,-1.8291394
324.38382,394.56992,-1.8320407
324.21106,393.92365,-1.8346052
324.03934,393.2877,-1.836966
323.874,392.68127,-1.8391818
323.71655,392.11017,-1.8422356
323.56824,391.5789,-1.8468857
323.42496,391.0771,-1.8551645
323.28494,390.59915,-1.8660867
320.22192,374.39618,-1.3006427
320.35962,373.896,-1.3249681
320.4842,373.3976,-1.3541647
320.59732,372.88525,-1.3841387
320.69412,372.36703,-1.4170501
320.77277,371.85358,-1.4549227
320.8307,371.34714,-1.4973634
320.868,370.84433,-1.5403129
320.88263,370.34525,-1.5839044
320.8758,369.86316,-1.6285726
320.8483,369.38818,-1.673145
320.799,368.90286,-1.7172499
320.72696,368.40402,-1.7567524
320.62802,367.87537,-1.7946662
320.50363,367.33234,-1.8363101
320.35312,366.77893,-1.8814764
320.17142,366.2114,-1.9277492
319.95642,365.6332,-1.9737482
319.70505,365.04184,-2.0194378
319.43088,364.4699,-2.0607135
319.13147,363.90707,-2.0982587
318.81677,363.36636,-2.132562
318.48486,362.83847,-2.1650774
318.13098,362.31277,-2.1947927
317.75125,361.78363,-2.2212558
317.34262,361.24377,-2.2433007
316.90643,360.694,-2.2608595
316.4478,360.137,-2.2753716
315.97748,359.5837,-2.2888222
315.49295,359.0285,-2.3017194
314.99213,358.46964,-2.3142104
314.47913,357.91153,-2.3266451
313.95764,357.3578,-2.3384538
313.4222,356.80103,-2.3470633
312.87125,356.23865,-2.3522055
312.30328,355.66562,-2.355706
311.72516,355.0866,-2.3585024
311.13434,354.49838,-2.3609684
310.54126,353.91083,-2.3632689
309.9491,353.327,-2.3654408
309.3375,352.72668,-2.3678584
308.72498,352.12906,-2.3715246
308.11868,351.54108,-2.3757892
307.51257,350.958,-2.3795624
306.88736,350.36188,-2.3841248
306.2478,349.75632,-2.3886032
305.60052,349.15106,-2.3944232
304.94568,348.54507,-2.402567
304.2855,347.94315,-2.410994
303.61935,347.3457,-2.4182708
302.9498,346.75436,-2.4246984
302.27695,346.1675,-2.4303625
301.59467,345.5791,-2.4350417
300.9024,344.9875,-2.4385755
300.21255,344.4032,-2.4418604
299.51913,343.81915,-2.4449995
298.82703,343.24084,-2.448737
298.13892,342.66846,-2.4511514
297.44162,342.09125,-2.4505646
296.7545,341.52243,-2.4478583
296.0775,340.95926,-2.443696
295.39392,340.386,-2.439401
294.73425,339.82822,-2.4357564
294.11536,339.30087,-2.431048
293.48657,338.7598,-2.425673
292.87253,338.2248,-2.4199862
292.26443,337.68954,-2.4112525
291.64722,337.13602,-2.4021945
291.01294,336.55573,-2.3895314
290.36584,335.94952,-2.374456
289.72552,335.33105,-2.357092
289.1111,334.7169,-2.3367841
288.52567,334.10837,-2.3145547
287.96994,333.50394,-2.291159
287.42798,332.88657,-2.2666512
286.9009,332.25613,-2.2437582
286.3913,331.61902,-2.2242897
285.89212,330.9696,-2.2108386
285.38834,330.2961,-2.2048252
284.86755,329.58963,-2.2059004
284.34015,328.87494,-2.2113569
283.81787,328.1751,-2.2180247
283.2942,327.48242,-2.2248964
282.73724,326.75537,-2.2326
282.14514,325.99545,-2.2429583
281.53955,325.23404,-2.2546585
280.9277,324.4835,-2.2660725
280.2987,323.7289,-2.2771862
279.6444,322.96194,-2.2893844
278.9708,322.1918,-2.303134
278.2861,321.43082,-2.3179812
277.59604,320.687,-2.3341727
276.89017,319.94922,-2.3509886
276.16772,319.2187,-2.368179
275.42438,318.49197,-2.384797
274.6728,317.78238,-2.4010577
273.92133,317.0963,-2.416569
273.14883,316.411,-2.4316838
272.3612,315.734,-2.4476943
271.59763,296.36545,-1.1293508
272.06976,295.36368,-1.1425403
272.52142,294.37265,-1.1581378
272.95776,293.37595,-1.1742672
273.37698,292.37335,-1.1914243
273.77957,291.36188,-1.2102102
274.16443,290.3404,-1.2313755
274.52957,289.30548,-1.2543296
274.87262,288.2604,-1.277359
275.19492,287.19757,-1.2985078
275.4947,286.12497,-1.3194972
275.77255,285.04428,-1.3396882
276.0288,283.9528,-1.3613584
276.26114,282.85806,-1.3847579
276.46817,281.75546,-1.4094532
276.6463,280.65314,-1.4369129
276.79465,279.5507,-1.4652679
276.91333,278.44543,-1.4904287
277.0038,277.33566,-1.5115583
277.0718,276.213,-1.5295457
277.11813,275.09128,-1.5465733
277.14563,273.96475,-1.563013
277.15375,272.83994,-1.5807601
277.14252,271.71967,-1.5988995
277.11035,270.61612,-1.6167072
277.05923,269.5252,-1.6346792
276.9906,268.43332,-1.6511183
276.9029,267.3281,-1.6656665
276.79816,266.22867,-1.6795485
276.6787,265.1325,-1.6924016
276.54596,264.04666,-1.7044903
276.40298,262.9882,-1.7154187
276.2504,261.93805,-1.7249321
276.0872,260.8895,-1.7344662
275.91098,259.81873,-1.7442477
275.72253,258.74234,-1.7547096
275.5236,257.6746,-1.7651314
275.31378,256.60745,-1.7752695
275.08762,255.5192,-1.7871763
274.84576,254.41588,-1.8004202
274.5858,253.2987,-1.8126075
274.30994,252.178,-1.8238853
274.01978,251.05688,-1.8351234
273.71497,249.9304,-1.8473248
273.39627,248.8036,-1.8585141
273.06708,247.69212,-1.868081
272.72983,246.59222,-1.8767289
272.38205,245.49254,-1.8861248
272.02557,244.39897,-1.8959751
271.65775,243.30809,-1.9050075
271.27512,242.20741,-1.9159827
270.8789,241.10727,-1.9297546
270.46527,240.00548,-1.945213
270.03088,238.90457,-1.9647099
269.5712,237.80463,-1.991853
269.08176,236.70792,-2.0217116
268.56323,235.63649,-2.048351
268.01294,234.56892,-2.07076
267.42908,233.49544,-2.0915365
266.81985,232.43495,-2.1137998
266.1878,231.3881,-2.137232
265.528,230.3512,-2.1625762
264.84103,229.32722,-2.1879933
264.12634,228.32039,-2.2135763
263.3921,227.34119,-2.2391925
262.63916,226.38899,-2.263628
261.86472,225.45569,-2.2865071
261.0725,224.54698,-2.3107283
260.25302,223.64705,-2.3346193
259.40588,222.75998,-2.3577404
258.53513,221.89116,-2.3800454
257.65237,221.0502,-2.4008756
256.75616,220.23024,-2.4187303
255.8481,219.42978,-2.4356527
254.93675,218.65436,-2.452298
254.00508,217.88506,-2.468078
253.05635,217.12692,-2.4841967
252.09375,216.38281,-2.4983974
251.11311,215.64693,-2.5123928
250.10394,214.90976,-2.5267649
249.07727,214.18501,-2.544494
248.03271,213.47452,-2.5633688
246.9764,212.78615,-2.5842524
245.91873,212.1276,-2.603303
244.8519,211.49011,-2.6182566
243.7669,210.86314,-2.6323853
242.67572,210.25421,-2.648112
241.57253,209.66017,-2.6625392
240.4632,209.08438,-2.676787
239.34981,208.52693,-2.6918232
238.23857,207.99136,-2.706759
237.12573,207.47516,-2.7199647
236.00099,206.97023,-2.733835
234.87267,206.48378,-2.749396
233.73932,206.01419,-2.7635326
232.61917,205.57095,-2.7761126
231.50107,205.14398,-2.7862325
230.37778,204.72719,-2.7967644
229.2454,204.3204,-2.8080993
196.89589,178.16853,-1.0812316
197.49144,177.0463,-1.0893407
198.05711,175.95831,-1.1020017
198.59969,174.8841,-1.1153015
199.12973,173.80234,-1.128139
199.6445,172.71672,-1.1409518
200.14783,171.61995,-1.15286
200.64046,170.5119,-1.1648613
201.12477,169.38663,-1.17828
201.59889,168.2446,-1.1934602
202.05531,167.09174,-1.2100391
202.49437,165.92622,-1.2294945
202.90521,164.76299,-1.253527
203.28555,163.60226,-1.2756662
203.63963,162.43726,-1.2957922
203.96764,161.27303,-1.3146819
204.27274,160.10799,-1.3314426
204.55746,158.94272,-1.3455707
204.82423,157.77745,-1.3581957
205.0746,156.61469,-1.3704472
205.30817,155.45915,-1.3828899
205.5265,154.30476,-1.3961068
205.73003,153.14241,-1.4133949
205.91473,151.97868,-1.4342974
206.07433,150.81671,-1.4535329
206.2132,149.63676,-1.474388
206.32771,148.45393,-1.498829
206.41425,147.26932,-1.5205913
206.47452,146.07791,-1.5402174
206.51219,144.88066,-1.5597059
206.52635,143.67865,-1.577517
206.51917,142.47664,-1.5932811
206.4924,141.27135,-1.6076177
206.4479,140.06738,-1.6222202
206.38478,138.86868,-1.6384279
206.30266,137.68161,-1.6570892
206.19887,136.50433,-1.6789945
206.07062,135.34157,-1.703823
205.9155,134.18456,-1.7293574
205.73154,133.02637,-1.7536716
205.51903,131.87735,-1.7768166
205.28058,130.73453,-1.7972933
205.0185,129.60046,-1.8183409
204.7329,128.47101,-1.8402084
204.42305,127.349335,-1.8626508
204.08707,126.2255,-1.8840332
203.72244,125.089966,-1.9022158
203.33142,123.9499,-1.9195226
202.92114,122.82432,-1.9379531
202.49559,121.71806,-1.9537781
202.05452,120.623436,-1.9666137
201.60043,119.535446,-1.9771984
201.1327,118.449036,-1.9882146
200.65239,117.365105,-1.999982
200.1612,116.29209,-2.010838
199.65921,115.22869,-2.0226123
199.14735,114.17573,-2.035951
198.62617,113.140366,-2.05113
198.08492,112.09943,-2.0663478
197.52333,111.060234,-2.0832717
196.94377,110.03036,-2.1010735
196.34541,109.00887,-2.118356
195.72852,107.99801,-2.1363127
195.09901,107.00708,-2.1545317
194.44604,106.01716,-2.1720219
193.78242,105.05421,-2.1926892
193.10661,104.114006,-2.2159443
192.41649,103.19975,-2.2415006
191.70766,102.30755,-2.2679036
190.96518,101.4198,-2.2955308
190.20508,100.56346,-2.3258278
189.43352,99.742645,-2.352698
188.63351,98.93349,-2.3731563
187.80551,98.1321,-2.3926616
186.95143,97.335365,-2.4115524
186.0909,96.56612,-2.430058
185.21193,95.80744,-2.4469502
184.3231,95.066734,-2.463394
183.42813,94.34619,-2.4794002
182.51456,93.63234,-2.4937446
181.57906,92.920555,-2.504129
180.63942,92.2246,-2.5121486
179.70297,91.544304,-2.5208542
178.76765,90.87708,-2.5318582
177.80833,90.2061,-2.543679
176.8279,89.53734,-2.5557888
175.85098,88.89011,-2.5686045
174.8657,88.25475,-2.581576
173.8547,87.61941,-2.5943928
172.84622,87.006004,-2.6080556
171.82146,86.39984,-2.6212344
170.77777,85.80067,-2.6336586
169.7051,85.20146,-2.644635
168.61777,84.610275,-2.6539624
167.51569,84.025856,-2.6632245
166.4101,83.45222,-2.6726518
165.31131,82.89578,-2.6812801
164.21632,82.35353,-2.689569
163.10933,81.81578,-2.697819
116.99458,59.99586,-0.78614867
117.8817,59.107533,-0.78544533
118.72056,58.26699,-0.7837214
119.546875,57.439953,-0.7845254
120.364494,56.621754,-0.7888519
121.18779,55.792507,-0.79463047
122.006294,54.956722,-0.8040185
122.834625,54.09817,-0.815574
123.666435,53.217,-0.8282949
124.50177,52.31051,-0.83991176
125.33406,51.384846,-0.8501094
126.15794,50.446873,-0.8606565
126.96042,49.510914,-0.87265533
127.75812,48.562176,-0.88327956
128.54776,47.60126,-0.8930559
129.32658,46.633236,-0.90322936
130.09792,45.653683,-0.9150907
130.85492,44.66768,-0.92949677
131.59172,43.678387,-0.9458922
132.30989,42.681137,-0.96330655
132.9958,41.6912,-0.981157
133.65851,40.699734,-0.9970312
134.30707,39.697346,-1.0105966
134.93903,38.690533,-1.02242
135.55537,37.681816,-1.0323944
136.15964,36.66908,-1.0419853
136.75565,35.64923,-1.0516157
137.33623,34.630753,-1.0623535
137.91083,33.600124,-1.073788
138.48149,32.550285,-1.0857472
139.03645,31.496471,-1.0989498
139.58992,30.41646,-1.1113482
140.13318,29.320683,-1.124323
140.6612,28.217709,-1.138017
141.1821,27.093065,-1.1518985
141.67929,25.97085,-1.16898
142.14789,24.8628,-1.1875411
142.59496,23.751827,-1.2046993
143.0293,22.623053,-1.2208695
143.44891,21.473804,-1.2384392
143.84715,20.31921,-1.2576847
144.22285,19.160912,-1.2755239
144.57214,18.011147,-1.2911516
144.90723,16.849977,-1.3033583
145.224,15.691183,-1.3155639
145.52528,14.53328,-1.3283484
145.80998,13.376923,-1.3427471
146.07848,12.216648,-1.3591992
146.32585,11.060719,-1.3772092
146.54823,9.918825,-1.3964113
146.75583,8.751528,-1.4144125
146.94615,7.5542054,-1.4316238
147.119,6.331575,-1.447517
147.27223,5.1061053,-1.460885
147.40509,3.896351,-1.4726305
147.52148,2.713288,-1.4826859
147.62799,1.518379,-1.4907925
147.72275,0.3336757,-1.4985919
147.80814,-0.8445578,-1.5053306
147.88461,-2.0199165,-1.5125629
147.95294,-3.1981533,-1.5209574
148.01085,-4.376262,-1.531048
148.05728,-5.547205,-1.5418402
148.09192,-6.7262077,-1.5521265
148.11421,-7.9031954,-1.5616292
148.12503,-9.076636,-1.5704446
148.12538,-10.239178,-1.5788041
148.11531,-11.385123,-1.5876608
148.09567,-12.523877,-1.5972782
148.065,-13.66622,-1.6079849
148.02242,-14.810084,-1.6194007
147.96689,-15.963694,-1.6303022
147.89842,-17.099594,-1.641581
147.81853,-18.233437,-1.6520802
147.72728,-19.356503,-1.6613419
147.62769,-20.438063,-1.6702536
147.522,-21.487642,-1.6789598
147.41042,-22.512138,-1.6874187
147.28987,-23.538048,-1.6962966
147.16086,-24.55749,-1.7063167
147.02147,-25.578299,-1.7169656
146.87186,-26.587595,-1.7294431
146.71254,-27.585817,-1.7419541
146.54446,-28.55827,-1.7531837
146.37007,-29.503489,-1.7636509
146.1859,-30.44215,-1.7756135
145.98949,-31.384983,-1.7896348
145.78728,-32.298275,-1.8025538
145.58183,-33.168793,-1.8142906
145.37207,-34.01176,-1.8268055
145.15607,-34.838505,-1.8391461
144.93918,-35.62798,-1.8504229
144.73027,-36.355427,-1.8613199
144.52579,-37.0413,-1.8706331
144.32094,-37.70319,-1.8791682
144.10901,-38.366917,-1.889195
143.88574,-39.042774,-1.9015148
143.65285,-39.71635,-1.9184535
143.41637,-40.358856,-1.9452847
20.854034,-38.214096,-0.65731966
21.340029,-38.589756,-0.6970561
21.796713,-38.97262,-0.73807395
22.227383,-39.36388,-0.77755475
22.637735,-39.7679,-0.81537724
23.029243,-40.183224,-0.8520537
23.398287,-40.605885,-0.8886997
23.74972,-41.03834,-0.9255575
24.081337,-41.47767,-0.9590972
24.389704,-41.917908,-0.9907614
24.679367,-42.361443,-1.0250157
24.950956,-42.809605,-1.0621551
25.203268,-43.266262,-1.1068088
25.437155,-43.735367,-1.159011
25.648085,-44.218956,-1.2144395
25.832977,-44.712643,-1.267067
25.988567,-45.206306,-1.3130165
26.11728,-45.691734,-1.3521258
26.225279,-46.17294,-1.3845104
26.31598,-46.645924,-1.4078239
26.392448,-47.10946,-1.4253397
26.459703,-47.569393,-1.4422584
26.519896,-48.034523,-1.4594219
26.571941,-48.51073,-1.4811764
26.614403,-49.00134,-1.5121104
26.643297,-49.499203,-1.5484762
26.654188,-49.99744,-1.5864686
26.64625,-50.491066,-1.6253408
26.618938,-50.987156,-1.6657276
26.570484,-51.501194,-1.7067213
26.498703,-52.028915,-1.7468466
26.405867,-52.559532,-1.7815516
26.294998,-53.08676,-1.8064922
26.168686,-53.61494,-1.825414
26.03119,-54.144363,-1.8425351
25.887606,-54.6604,-1.8579935
25.73907,-55.163612,-1.8723694
25.57952,-55.678455,-1.8851215
25.402435,-56.22467,-1.8960797
25.210972,-56.793648,-1.9054109
25.00998,-57.372147,-1.9137498
24.80183,-57.9553,-1.9217253
24.587416,-58.540863,-1.9297413
24.367546,-59.127087,-1.9376476
24.141785,-59.715027,-1.9450816
23.908922,-60.308064,-1.9521002
23.667952,-60.909237,-1.958878
23.419937,-61.51617,-1.9652767
23.16679,-62.12453,-1.9711984
22.910952,-62.72929,-1.9766293
22.650902,-63.334293,-1.9820943
22.387825,-63.937454,-1.9876422
22.125177,-64.53034,-1.9934769
21.858496,-65.12347,-1.9993566
21.585342,-65.72149,-2.0048928
21.304585,-66.327065,-2.0103722
21.017351,-66.93781,-2.0159085
20.725525,-67.54999,-2.0210228
20.430412,-68.161316,-2.0250251
20.130575,-68.775734,-2.028143
19.827383,-69.39247,-2.030308
19.524864,-70.00442,-2.0313492
19.231031,-70.59691,-2.03174
18.94489,-71.172935,-2.0322895
18.662582,-71.74001,-2.033749
18.373817,-72.31775,-2.0365553
18.08172,-72.89936,-2.039236
17.793236,-73.46971,-2.0413425
17.511599,-74.023506,-2.0433714
17.235704,-74.56318,-2.045515
16.972824,-75.07488,-2.0476725
16.723171,-75.55832,-2.04971
16.480085,-76.02675,-2.0513482
16.247652,-76.47385,-2.0510051
16.02346,-76.90483,-2.0486755
15.797397,-77.33971,-2.0482633
15.580393,-77.76043,-2.0475392
15.377159,-78.15458,-2.0442653
15.181918,-78.535774,-2.0399911
14.991952,-78.9102,-2.036117
14.810412,-79.27209,-2.0320537
14.6289215,-79.63763,-2.0268068
14.442491,-80.01795,-2.0206113
14.2535,-80.40966,-2.0135622
14.064087,-80.80882,-2.0066254
13.875351,-81.213646,-2.0006769
13.686706,-81.62482,-1.9955841
13.496002,-82.04633,-1.9908266
13.30275,-82.478615,-1.9867432
