predicted_x,predicted_y,predicted_theta
-0.004892828,0.13778728,1.5712445
-0.0048797727,0.13474268,1.5505354
-0.0051332517,0.12105988,1.5282052
-0.005926226,0.10201405,1.5082625
-0.006875045,0.08712512,1.4915783
-0.006983514,0.086111695,1.4785198
-0.0057624956,0.099568695,1.4690261
-0.0032100335,0.12478376,1.4623927
0.00075944484,0.16173384,1.4600878
0.0061532385,0.2106901,1.4630877
0.01196622,0.26492658,1.4701823
0.017503295,0.32003412,1.479707
0.022578249,0.37621358,1.4918225
0.027216295,0.4348111,1.505747
0.03172203,0.5037697,1.5212064
0.036189213,0.5912522,1.5368598
0.040154956,0.70670414,1.5543184
0.042457387,0.8506593,1.5765293
0.04137817,1.0224411,1.6045122
0.034724586,1.2201889,1.6367489
0.019981025,1.4423381,1.6728157
-0.0051127737,1.6910938,1.7101355
-0.04325539,1.9619837,1.7494062
-0.091881074,2.2316422,1.7888107
-0.14862745,2.4888835,1.8254615
-0.2114445,2.731508,1.857904
-0.28269675,2.975333,1.8852023
-0.3645982,3.228848,1.9077145
-0.45599613,3.4897523,1.9291178
-0.5576638,3.7611802,1.9515316
-0.6744185,4.0550766,1.9710623
-0.80246437,4.357214,1.9893895
-0.9359444,4.656319,2.0101569
-1.0763874,4.9536133,2.035223
-1.2231189,5.2458386,2.0635169
-1.3795402,5.537582,2.092089
-1.5511765,5.8374767,2.1186955
-1.7436669,6.1554255,2.139554
-1.9574946,6.4915857,2.154371
-2.1883447,6.8419228,2.166114
-2.4323342,7.2026153,2.1763885
-2.689402,7.5742126,2.185786
-2.9591982,7.95653,2.194305
-3.2390451,8.345945,2.20186
-3.525364,8.738024,2.2085395
-3.8166332,9.131283,2.2145035
-4.108716,9.520664,2.2199526
-4.4046583,9.910866,2.224838
-4.7057476,10.303735,2.2292402
-5.010575,10.698039,2.2329583
-5.3241262,11.100544,2.2357833
-5.6472244,11.512653,2.2381456
-5.9769115,11.931154,2.2402802
-6.3254194,12.372209,2.2410717
-6.6948814,12.839079,2.2396317
-7.080243,13.326899,2.2369046
-7.462833,13.814236,2.233082
-7.839142,14.296826,2.2286806
-8.21462,14.782557,2.2245557
-8.593377,15.275937,2.2221913
-8.977257,15.779593,2.2205627
-9.364983,16.28964,2.2191026
-9.7546835,16.803705,2.218414
-10.153153,17.330223,2.2184172
-10.560555,17.868864,2.2185094
-10.977323,18.419876,2.218271
-11.409786,18.991583,2.2181067
-11.850499,19.57414,2.2186682
-12.292239,20.15745,2.2200575
-12.728488,20.7328,2.2209206
-13.169155,21.312492,2.2210455
-13.616379,21.900139,2.2214503
-14.066355,22.491241,2.2221293
-14.513856,23.078337,2.222727
-14.960135,23.663023,2.2233312
-15.411094,24.253347,2.2236357
-15.866465,24.848698,2.2239041
-16.305767,25.42302,2.2241075
-16.737316,25.986862,2.2242308
-17.158194,26.536375,2.2246225
-17.569092,27.07242,2.2254887
-17.971714,27.596455,2.2271917
-18.379824,28.12643,2.229035
-18.79997,28.669703,2.2308738
-19.230951,29.22516,2.2325444
-19.671926,29.791418,2.2339494
-20.115269,30.358759,2.2355719
-20.56732,30.935768,2.2370515
-21.014896,31.504961,2.23845
-21.464983,32.076157,2.239488
-21.905752,32.633587,2.2407854
-22.341415,33.183624,2.2423055
-22.77724,33.73233,2.2432952
-23.209108,34.274643,2.2440205
-23.639614,34.814175,2.2451668
-24.069149,35.351116,2.247134
-24.502096,35.89101,2.2487614
-24.941088,36.437096,2.2485769
-25.377832,36.980766,2.245879
-52.161224,1.3455805,-0.09491248
-51.455498,1.278363,-0.09768141
-50.7699,1.2109306,-0.10118419
-50.09909,1.1429247,-0.10479658
-49.425957,1.0721625,-0.1081748
-48.76298,1.000263,-0.11120585
-48.10938,0.92740566,-0.113768406
-47.47788,0.8553507,-0.11584203
-46.87669,0.7856318,-0.11712351
-46.291016,0.7168594,-0.11764585
-45.70754,0.6480042,-0.11763956
-45.141624,0.58138293,-0.116722666
-44.59656,0.51765996,-0.114830144
-44.05929,0.45576438,-0.11239986
-43.516083,0.39447337,-0.10973847
-42.968315,0.33404166,-0.10723488
-42.43219,0.27640554,-0.10471727
-41.897892,0.22046572,-0.10144892
-41.374237,0.16586445,-0.101735696
-40.864086,0.113233656,-0.10633828
-40.368103,0.05873599,-0.11704691
-39.88975,0.0018291895,-0.1332196
-39.43784,-0.060071744,-0.1551601
-39.006336,-0.1286938,-0.18422464
-38.59127,-0.20735653,-0.22091468
-38.18996,-0.29829168,-0.2643356
-37.7941,-0.40563914,-0.31134248
-37.395744,-0.533619,-0.35901973
-37.000546,-0.68167925,-0.40519646
-36.614098,-0.84740776,-0.4501433
-36.23765,-1.0298207,-0.4967534
-35.864494,-1.2313195,-0.5426309
-35.488125,-1.4563183,-0.5803135
-35.110165,-1.703466,-0.6112163
-34.750164,-1.9573058,-0.6447643
-34.417904,-2.2078533,-0.6824831
-34.101955,-2.4644763,-0.720761
-33.801266,-2.7305331,-0.7643933
-33.504547,-3.0151117,-0.8143018
-33.21562,-3.321964,-0.8673898
-32.9373,-3.6483598,-0.9181973
-32.664207,-4.003304,-0.9603642
-32.400333,-4.379906,-0.99708265
-32.139885,-4.7806396,-1.0293046
-31.885183,-5.2022724,-1.0553937
-31.632252,-5.647189,-1.0772411
-31.380001,-6.1134915,-1.0938878
-31.131071,-6.5930433,-1.1046704
-30.886837,-7.0771155,-1.1113117
-30.641905,-7.571393,-1.1158298
-30.393652,-8.078539,-1.1193794
-30.142977,-8.595508,-1.122548
-29.892315,-9.116398,-1.1251788
-29.64188,-9.640311,-1.127089
-29.38983,-10.170768,-1.1289139
-29.139011,-10.70093,-1.1308012
-28.887718,-11.234728,-1.1327063
-28.631664,-11.781379,-1.1346128
-28.371588,-12.339146,-1.1361936
-28.105373,-12.9127655,-1.1376411
-27.830818,-13.506365,-1.1388184
-27.548307,-14.1196575,-1.1401894
-27.257725,-14.752689,-1.142069
-26.964827,-15.393767,-1.1443237
-26.672247,-16.03794,-1.1469378
-26.380466,-16.684778,-1.1498376
-26.086052,-17.341536,-1.1520673
-25.79329,-17.998264,-1.1527839
-25.504044,-18.648546,-1.1521018
-25.214983,-19.296627,-1.1495706
-24.926477,-19.937527,-1.1434256
-24.633701,-20.579082,-1.1342996
-24.336185,-21.216047,-1.1237229
-24.036802,-21.844156,-1.1163656
-23.736689,-22.460955,-1.1138197
-23.442474,-23.060453,-1.1140897
-23.158237,-23.639647,-1.1159863
-22.88016,-24.208538,-1.1186916
-22.6001,-24.785282,-1.1216615
-22.316187,-25.374065,-1.1242863
-22.025251,-25.981903,-1.1268915
-21.72402,-26.615345,-1.1297827
-21.425795,-27.247427,-1.1330727
-21.1332,-27.87348,-1.1371554
-20.842697,-28.501936,-1.1428076
-20.554432,-29.1341,-1.1493982
-20.276375,-29.754148,-1.1557481
-20.002726,-30.373878,-1.1606013
-19.729393,-31.001972,-1.1643401
-19.457388,-31.633556,-1.1675684
-19.185013,-32.271233,-1.1699522
-18.913305,-32.912445,-1.1722151
-18.641575,-33.558437,-1.1753706
-18.370266,-34.208275,-1.1792009
-18.100227,-34.862255,-1.1832801
-17.830616,-35.522423,-1.1875505
-17.561169,-36.190422,-1.1920822
-17.295092,-36.85935,-1.19723
-17.03363,-37.52621,-1.2019773
-79.57162,49.728077,1.6447685
-79.6276,50.486237,1.6416861
-79.68088,51.227833,1.6402005
-79.7323,51.97183,1.6392368
-79.78333,52.720047,1.6370333
-79.83365,53.476852,1.6342889
-79.88256,54.2431,1.631425
-79.92975,55.01784,1.6284441
-79.973724,55.78351,1.6251919
-80.01531,56.54536,1.6222978
-80.05475,57.308777,1.6197659
-80.09227,58.0719,1.617597
-80.12738,58.826954,1.6151403
-80.16015,59.568974,1.6122097
-80.19068,60.306225,1.6092036
-80.2188,61.039265,1.6061728
-80.24496,61.77545,1.6032999
-80.26865,62.50284,1.6007004
-80.28891,63.193268,1.5978862
-80.30716,63.86682,1.5955745
-80.32406,64.54089,1.5939666
-80.33981,65.210236,1.5932819
-80.35527,65.892006,1.5931869
-80.37076,66.579315,1.5933384
-80.38615,67.266556,1.5933508
-80.401085,67.933754,1.592978
-80.415375,68.587,1.5919825
-80.42897,69.22584,1.5908431
-80.44204,69.86894,1.5902091
-80.454994,70.52467,1.590418
-80.46759,71.182335,1.5902543
-80.480255,71.842514,1.5891641
-80.49317,72.503334,1.5897275
-80.505135,73.16418,1.5901504
-80.51742,73.82118,1.5885916
-80.52866,74.47216,1.5854625
-80.53796,75.11439,1.5814925
-80.54449,75.75239,1.576589
-80.54833,76.39723,1.5714129
-80.54873,77.0272,1.5665693
-80.54638,77.655754,1.5626506
-80.54127,78.28526,1.5592679
-80.53407,78.91129,1.5560129
-80.52473,79.53307,1.5524482
-80.51363,80.14905,1.5492215
-80.50077,80.762474,1.5473546
-80.48696,81.371765,1.5474156
-80.472595,81.98711,1.5483586
-80.45813,82.61613,1.5484304
-80.443756,83.25209,1.5475416
-80.42885,83.88943,1.546187
-80.41292,84.51985,1.5436321
-80.395615,85.15454,1.5402173
-80.375984,85.79723,1.5367532
-80.353584,86.44262,1.5322528
-80.328705,87.08598,1.5268953
-80.29996,87.730865,1.5203402
-80.26683,88.38254,1.5124426
-80.22848,89.03468,1.5034927
-80.18482,89.68464,1.4945623
-80.13558,90.32734,1.4856541
-80.08133,90.961876,1.4764693
-80.0219,91.58977,1.4672444
-79.9581,92.19995,1.4573888
-79.889305,92.80161,1.4464748
-79.81433,93.4045,1.436072
-79.73268,94.006065,1.4260062
-79.64484,94.6092,1.4159856
-79.55048,95.21433,1.4062477
-79.45119,95.81317,1.3971525
-79.34785,96.40334,1.3890675
-79.24382,96.97099,1.3826069
-79.13923,97.52219,1.378239
-79.03201,98.074,1.3757198
-78.919174,98.64676,1.3745741
-78.7989,99.25207,1.3738099
-78.67669,99.86549,1.3735474
-78.55472,100.47753,1.3745835
-78.434265,101.085724,1.3773593
-78.316956,101.685486,1.3812793
-78.20499,102.26972,1.3855945
-78.09693,102.84717,1.3902853
-77.99235,103.42158,1.395794
-77.88795,104.00487,1.3983649
-77.791985,104.55918,1.4001235
-77.7029,105.07456,1.4016396
-77.618996,105.562386,1.4006057
-77.53702,106.03715,1.3970237
-77.45532,106.49953,1.3908304
-77.37271,106.951454,1.382122
-77.28783,107.39456,1.3715823
-77.199554,107.83245,1.3609121
-77.10839,108.257095,1.3482544
-77.01774,108.655304,1.3321868
-76.92656,109.02905,1.3142263
-76.833824,109.38206,1.2957867
-76.73926,109.71709,1.2776349
-76.64123,110.04121,1.2589145
-76.53825,110.360466,1.2393682
-101.68037,117.65586,2.1737306
-101.83781,117.88512,2.1676083
-101.989174,118.10863,2.1558936
-102.13897,118.33539,2.1393647
-102.28666,118.56659,2.1207092
-102.42728,118.79636,2.1009152
-102.55773,119.019775,2.078103
-102.673935,119.22992,2.050806
-102.77474,119.42388,2.0212765
-102.860016,119.60016,1.993002
-102.93382,119.76452,1.9660721
-103.001434,119.92619,1.9407723
-103.06655,120.09357,1.9178629
-103.12893,120.26602,1.8959442
-103.18886,120.443146,1.8756601
-103.24691,120.62695,1.8580706
-103.303246,120.81702,1.8429569
-103.35735,121.01006,1.8307523
-103.41069,121.20946,1.8220592
-103.46496,121.41971,1.8169528
-103.519615,121.63663,1.8143883
-103.57406,121.855,1.8137977
-103.628555,122.074295,1.8150481
-103.68498,122.300125,1.8178196
-103.74487,122.53638,1.8233467
-103.80826,122.78118,1.8316005
-103.87597,123.034,1.8423723
-103.94933,123.29674,1.8553919
-104.02908,123.56844,1.8708947
-104.11574,123.8478,1.8886851
-104.20991,124.132866,1.9094132
-104.31091,124.41722,1.9358739
-104.41904,124.697365,1.9706029
-104.538055,124.97801,2.0113516
-104.67011,125.257195,2.055706
-104.81738,125.537094,2.101229
-104.98167,125.81672,2.1478987
-105.1703,126.107635,2.194542
-105.38041,126.40123,2.2356446
-105.61168,126.69725,2.2730036
-105.88169,127.01804,2.30752
-106.18821,127.35901,2.3340838
-106.523346,127.709366,2.3575892
-106.88276,128.069,2.3794951
-107.26348,128.43439,2.3962853
-107.665825,128.80728,2.4079642
-108.09685,129.19757,2.41513
-108.54993,129.60107,2.4191105
-109.02007,130.0167,2.420059
-109.50428,130.44305,2.4191723
-109.99608,130.87663,2.417797
-110.49669,131.31906,2.4164224
-111.007904,131.7725,2.414497
-111.52931,132.23643,2.412197
-112.06036,132.71115,2.4098768
-112.59556,133.19183,2.4074745
-113.13611,133.67978,2.4047751
-113.67608,134.16975,2.4018118
-114.21255,134.65941,2.3987043
-114.74315,135.14682,2.3953645
-115.2661,135.63022,2.3920515
-115.78381,136.11206,2.3888357
-116.30103,136.59682,2.385212
-116.81686,137.0837,2.3810933
-117.337746,137.57964,2.3761916
-117.869354,138.09026,2.3710868
-118.40691,138.61157,2.3668127
-118.95141,139.14426,2.3635125
-119.501724,139.68655,2.360569
-120.05999,140.2401,2.357432
-120.62373,140.80257,2.354026
-121.18783,141.36896,2.3507526
-121.74871,141.93593,2.3477075
-122.30954,142.50621,2.3449304
-122.87204,143.08171,2.3420308
-123.429565,143.65492,2.3394673
-123.99452,144.23892,2.33741
-124.55815,144.82434,2.3352523
-125.11847,145.40886,2.3325706
-125.67394,145.99153,2.3292441
-126.23134,146.58044,2.3247461
-126.78804,147.17355,2.3193364
-127.33541,147.76315,2.3133302
-127.88249,148.35962,2.3065379
-128.4183,148.95152,2.2995
-128.94145,149.53755,2.2928023
-129.45663,150.12244,2.2865632
-129.96709,150.70984,2.2799535
-130.4738,151.30034,2.2730296
-130.97295,151.89018,2.2662935
-131.46376,152.47835,2.2596219
-131.9573,153.07768,2.2529254
-132.44704,153.68056,2.2463107
-132.93497,154.28926,2.2400799
-133.41405,154.89465,2.2343934
-133.88875,155.50171,2.229087
-134.35503,156.10458,2.2240517
-134.82292,156.71568,2.2193332
-135.291,157.33324,2.214787
-151.91583,85.127106,-0.69877386
-151.28645,84.59813,-0.70120525
-150.68355,84.089005,-0.7039942
-150.08847,83.58359,-0.7070286
-149.50223,83.08285,-0.70991373
-148.91824,82.58116,-0.71235174
-148.32964,82.073044,-0.7142821
-147.74197,81.563705,-0.7157132
-147.15509,81.05329,-0.71715915
-146.56926,80.54236,-0.71879125
-145.98116,80.02773,-0.7205856
-145.39706,79.51476,-0.7225461
-144.82018,79.006195,-0.72458535
-144.24937,78.50083,-0.72676516
-143.68231,77.99647,-0.7293122
-143.11694,77.491035,-0.7323059
-142.55074,76.98206,-0.73532057
-141.98068,76.46607,-0.73883635
-141.41104,75.947,-0.7429599
-140.84538,75.4274,-0.74727213
-140.28455,74.90771,-0.75170267
-139.72517,74.384796,-0.7562231
-139.16362,73.85508,-0.7608147
-138.60744,73.32565,-0.765297
-138.06488,72.804375,-0.7698103
-137.53273,72.28875,-0.77413523
-137.00525,71.77286,-0.7785574
-136.48204,71.256615,-0.7833746
-135.96312,70.73965,-0.78859913
-135.45624,70.22958,-0.79383916
-134.96274,69.72837,-0.7979152
-134.47737,69.23076,-0.80121773
-134.0007,68.739235,-0.8037099
-133.5304,68.25132,-0.8058411
-133.06592,67.76778,-0.8075376
-132.60803,67.28947,-0.8084494
-132.15915,66.820335,-0.8075306
-131.71098,66.35259,-0.80445474
-131.26357,65.88859,-0.7992349
-130.81583,65.42924,-0.79151136
-130.39189,65.00077,-0.7821945
-129.98116,64.59411,-0.77011186
-129.58086,64.20581,-0.75704485
-129.18422,63.831306,-0.743871
-128.79033,63.46887,-0.7305984
-128.39565,63.114964,-0.718043
-128.00539,62.77361,-0.70709956
-127.62716,62.44998,-0.69811726
-127.26774,62.14786,-0.69143736
-126.922,61.861122,-0.68712115
-126.5947,61.592342,-0.6844687
-126.27391,61.330315,-0.68270344
-125.9556,61.07132,-0.6819842
-125.63948,60.81507,-0.6800983
-125.331116,60.566402,-0.67493
-125.02707,60.323742,-0.6657704
-124.71264,60.07713,-0.65394425
-124.40383,59.840595,-0.6412126
-124.11729,59.62745,-0.6261537
-123.855064,59.438236,-0.60845757
-123.61053,59.26864,-0.587157
-123.360306,59.102566,-0.56132793
-123.09533,58.936264,-0.5323633
-122.8171,58.771465,-0.5059544
-122.52321,58.60808,-0.48437282
-122.21344,58.444897,-0.46482393
-121.86814,58.271454,-0.4459506
-121.494896,58.094357,-0.42266527
-121.121216,57.927006,-0.39296174
-120.760826,57.77846,-0.3585118
-120.41522,57.64908,-0.32148826
-120.077065,57.53675,-0.28316265
-119.73506,57.436962,-0.24487557
-119.37528,57.346985,-0.2070403
-118.99826,57.267242,-0.17113788
-118.60769,57.198734,-0.14063211
-118.213234,57.142002,-0.11666725
-117.83908,57.097828,-0.097646825
-117.48691,57.063206,-0.08099454
-117.147865,57.03558,-0.06562397
-116.83162,57.01463,-0.05200438
-116.52345,56.9978,-0.042870432
-116.20411,56.983524,-0.03970701
-115.87605,56.970234,-0.04015664
-115.54103,56.956707,-0.042067263
-115.20336,56.942535,-0.04411345
-114.86964,56.92785,-0.045707706
-114.53129,56.912476,-0.04657322
-114.18294,56.896255,-0.047380783
-113.80795,56.878395,-0.04906227
-113.39174,56.857838,-0.052867316
-112.96487,56.83527,-0.05783078
-112.53641,56.810375,-0.06294798
-112.0994,56.782825,-0.068901
-111.65333,56.752018,-0.075427
-111.18967,56.71689,-0.08334008
-110.69909,56.67612,-0.092402786
-110.18283,56.62859,-0.10147745
-109.63356,56.57331,-0.109314956
-177.72687,35.316307,-0.88985795
-177.31598,34.808727,-0.8983018
-176.91866,34.30954,-0.90786994
-176.52357,33.803944,-0.9170119
-176.12206,33.280025,-0.92605114
-175.72296,32.74974,-0.9345526
-175.32866,32.215477,-0.9432699
-174.94215,31.68284,-0.95205206
-174.55717,31.14326,-0.95889527
-174.16125,30.579203,-0.9652867
-173.76,29.999855,-0.97205484
-173.35808,29.411652,-0.97769594
-172.95961,28.820234,-0.98306
-172.55923,28.219378,-0.9887529
-172.16095,27.613298,-0.9958508
-171.76611,27.002752,-1.0052557
-171.37204,26.38113,-1.0169092
-170.98146,25.748837,-1.0306684
-170.588,25.09326,-1.0453253
-170.21413,24.44799,-1.0599774
-169.84694,23.793623,-1.0734732
-169.48357,23.124914,-1.0863091
-169.12447,22.442678,-1.0989777
-168.77151,21.751059,-1.1117518
-168.42616,21.051914,-1.1249708
-168.09657,20.361475,-1.1388856
-167.77829,19.669308,-1.1545974
-167.47342,18.978603,-1.1720644
-167.18776,18.300169,-1.1899629
-166.9144,17.61738,-1.2080365
-166.64989,16.921497,-1.2255108
-166.40329,16.237217,-1.2409396
-166.16457,15.542337,-1.2538972
-165.93504,14.843141,-1.2650484
-165.71114,14.134539,-1.27546
-165.49304,13.418696,-1.285032
-165.28394,12.706454,-1.294309
-165.08107,11.992809,-1.302816
-164.88245,11.269483,-1.3110064
-164.68842,10.536645,-1.3212641
-164.49876,9.7886715,-1.3353776
-164.31523,9.022282,-1.3523722
-164.14468,8.253272,-1.3704108
-163.98827,7.484098,-1.3880534
-163.84627,6.7172403,-1.4046772
-163.7203,5.967964,-1.4193408
-163.60689,5.227396,-1.4320263
-163.50276,4.4810157,-1.4444679
-163.40901,3.7384093,-1.458296
-163.32579,3.0014155,-1.4727749
-163.25613,2.2901187,-1.4871227
-163.19711,1.58953,-1.5005611
-163.14877,0.90699184,-1.5122703
-163.10855,0.22982308,-1.5217584
-163.07318,-0.47590387,-1.5292274
-163.04257,-1.212765,-1.5364361
-163.01675,-1.9485217,-1.5426474
-162.99666,-2.6594563,-1.5473553
-162.97961,-3.399696,-1.552924
-162.96657,-4.1147985,-1.5584247
-162.95743,-4.839826,-1.5627159
-162.95103,-5.591221,-1.5667605
-162.94753,-6.376692,-1.5702884
-162.94655,-7.1824164,-1.5727652
-162.94786,-7.999776,-1.5741335
-162.95065,-8.837974,-1.5754796
-162.95444,-9.70183,-1.5767695
-162.96016,-10.580852,-1.5790896
-162.96765,-11.469872,-1.5825053
-162.97845,-12.371077,-1.5868139
-162.99258,-13.273877,-1.5910492
-163.01115,-14.178208,-1.595357
-163.03426,-15.073703,-1.6018442
-163.0622,-15.9653015,-1.6098754
-163.09665,-16.855618,-1.6174406
-163.13705,-17.70236,-1.6250138
-163.18092,-18.495024,-1.6324836
-163.22899,-19.269209,-1.639573
-163.28178,-20.040308,-1.646161
-163.33974,-20.803059,-1.6527462
-163.40324,-21.578148,-1.6596875
-163.47331,-22.364277,-1.6675119
-163.54965,-23.151978,-1.6754214
-163.63234,-23.944897,-1.6819707
-163.72083,-24.742476,-1.6869806
-163.81696,-25.567087,-1.6921724
-163.9202,-26.415981,-1.69825
-164.02623,-27.238085,-1.7052714
-164.13683,-28.055061,-1.7109281
-164.25424,-28.888948,-1.7172232
-164.37715,-29.72262,-1.7240583
-164.50598,-30.558855,-1.7301849
-164.6425,-31.412561,-1.7351172
-164.78253,-32.257133,-1.7395461
-164.92606,-33.09906,-1.7437587
-165.07181,-33.92922,-1.7490394
-165.21794,-34.738743,-1.7548968
-165.36656,-35.535717,-1.760547
-165.5189,-36.32965,-1.765914
-148.09395,-50.51642,-1.5057844
-148.03786,-51.382763,-1.5082086
-147.98587,-52.21924,-1.5118192
-147.938,-53.034363,-1.5159662
-147.89462,-53.835945,-1.5208675
-147.856,-54.610928,-1.5257372
-147.82065,-55.38734,-1.5291073
-147.7874,-56.177162,-1.5320442
-147.7579,-56.955654,-1.5360359
-147.73097,-57.720665,-1.5395994
-147.70824,-58.454765,-1.5423257
-147.68803,-59.1702,-1.5448916
-147.66957,-59.885796,-1.5477769
-147.65343,-60.613823,-1.5523825
-147.64043,-61.353954,-1.5596788
-147.63382,-62.07443,-1.5709352
-147.63528,-62.764694,-1.5864314
-147.64613,-63.429035,-1.6037472
-147.66803,-64.08875,-1.6215545
-147.70126,-64.74657,-1.6392072
-147.74504,-65.385956,-1.6551963
-147.79654,-65.99193,-1.6690363
-147.8554,-66.59161,-1.6810869
-147.92052,-67.1847,-1.6911725
-147.98839,-67.74642,-1.6981115
-148.05702,-68.28007,-1.7038141
-148.1261,-68.79801,-1.708663
-148.19582,-69.29639,-1.7142459
-148.2655,-69.77683,-1.7213644
-148.33748,-70.24727,-1.7307884
-148.41278,-70.70918,-1.74394
-148.48752,-71.13003,-1.7613574
-148.56451,-71.52502,-1.7828608
-148.64883,-71.917854,-1.8055562
-148.74423,-72.322914,-1.822385
-148.84424,-72.7134,-1.8329298
-148.93861,-73.06414,-1.8401839
-149.02852,-73.38815,-1.8483229
-149.11742,-73.702095,-1.8548504
-149.1951,-73.97243,-1.8522041
-149.24605,-74.14863,-1.8446288
-149.27415,-74.24762,-1.8398927
-149.28723,-74.29616,-1.8338243
-149.28859,-74.301094,-1.8244542
-149.28438,-74.284996,-1.8154039
-149.27042,-74.22927,-1.8046672
-149.24985,-74.14306,-1.7925452
-149.22644,-74.0396,-1.7806029
-149.19876,-73.909775,-1.7673012
-149.17094,-73.77006,-1.7532896
-149.14485,-73.62862,-1.7389718
-149.12344,-73.50248,-1.7264225
-149.10776,-73.40288,-1.7181838
-149.09439,-73.312805,-1.711965
-149.08218,-73.22648,-1.7050452
-149.06836,-73.12503,-1.6977202
-149.05309,-73.00627,-1.6922917
-149.03682,-72.87176,-1.6845777
-149.0179,-72.70692,-1.6725905
-148.99702,-72.503914,-1.6586554
-148.97606,-72.26725,-1.6431316
-148.95694,-72.005,-1.6265653
-148.94157,-71.728806,-1.608792
-148.93167,-71.466515,-1.5918118
-148.9265,-71.21362,-1.5740724
-148.92561,-70.978745,-1.5584139
-148.92825,-70.75899,-1.5460641
-148.93323,-70.5554,-1.5365263
-148.93994,-70.359276,-1.5284415
-148.94878,-70.14724,-1.520127
-148.95973,-69.929085,-1.5133054
-148.97153,-69.71976,-1.5107334
-148.98334,-69.52222,-1.5118802
-148.99464,-69.333015,-1.5130712
-149.00615,-69.13812,-1.5099763
-149.0171,-68.962425,-1.5042237
-149.02924,-68.78132,-1.4951862
-149.04474,-68.57816,-1.4816909
-149.0617,-68.388115,-1.4689744
-149.08293,-68.17926,-1.4554632
-149.11087,-67.937744,-1.4394865
-149.14372,-67.68802,-1.4239215
-149.18428,-67.41345,-1.4068655
-149.23093,-67.13134,-1.3893902
-149.28204,-66.85263,-1.3724198
-149.33873,-66.57062,-1.3551179
-149.39996,-66.291214,-1.3379686
-149.46506,-66.01696,-1.3207179
-149.53412,-65.74743,-1.301899
-149.60172,-65.50285,-1.2832451
-149.66125,-65.302086,-1.2664148
-149.71576,-65.1279,-1.253685
-149.76663,-64.97282,-1.2452252
-149.8178,-64.821686,-1.2356967
-149.86963,-64.67295,-1.2242882
-149.92683,-64.51397,-1.2134552
-149.99095,-64.34199,-1.2039409
-150.05373,-64.17908,-1.1944294
-150.10896,-64.03969,-1.1844779
-146.49306,-82.03971,-1.4899864
-146.5087,-81.84637,-1.4741431
-146.52974,-81.62852,-1.4571576
-146.55766,-81.38336,-1.4383361
-146.59142,-81.12993,-1.418955
-146.62971,-80.87937,-1.4002587
-146.67181,-80.635124,-1.382097
-146.714,-80.41385,-1.3667916
-146.76216,-80.18079,-1.3509507
-146.8173,-79.933876,-1.3340403
-146.87914,-79.67737,-1.3165216
-146.94827,-79.41093,-1.2989321
-147.02379,-79.13985,-1.2818178
-147.1055,-78.864975,-1.2646363
-147.1929,-78.58878,-1.2465289
-147.28152,-78.32552,-1.2282115
-147.36993,-78.07809,-1.2095928
-147.4559,-77.8509,-1.1912653
-147.53986,-77.640594,-1.1733494
-147.61716,-77.456535,-1.1576755
-147.69032,-77.28953,-1.1441001
-147.76349,-77.12853,-1.131769
-147.8383,-76.96935,-1.119082
-147.90921,-76.823524,-1.1056882
-147.96785,-76.70668,-1.0943302
-148.01837,-76.60848,-1.0871835
-148.06895,-76.51182,-1.0847
-148.12462,-76.40607,-1.0867277
-148.18663,-76.287895,-1.091847
-148.25266,-76.16046,-1.0994176
-148.31778,-76.032585,-1.1088868
-148.37666,-75.915085,-1.1147482
-148.42874,-75.80961,-1.11309
-148.47212,-75.72183,-1.1071925
-148.50566,-75.65498,-1.0995543
-148.53047,-75.60645,-1.0905281
-148.55261,-75.56408,-1.0788857
-148.57506,-75.5223,-1.0638251
-148.59407,-75.48829,-1.045004
-148.60352,-75.47231,-1.0231669
-148.59544,-75.4859,-0.9997483
-148.56743,-75.52973,-0.9716066
-148.51816,-75.60199,-0.9347128
-148.44875,-75.69624,-0.8930091
-148.3637,-75.80221,-0.8521248
-148.26376,-75.916824,-0.8134824
-148.14827,-76.040016,-0.78337795
-148.01869,-76.16914,-0.7597196
-147.87234,-76.307846,-0.7318298
-147.6899,-76.472206,-0.70051503
-147.46416,-76.66351,-0.6728002
-147.22574,-76.854355,-0.65273005
-146.9885,-77.03557,-0.63511914
-146.75023,-77.210236,-0.6126318
-146.51508,-77.37462,-0.5824624
-146.26982,-77.535835,-0.54660946
-146.00027,-77.70024,-0.5110119
-145.67201,-77.88633,-0.48409402
-145.25655,-78.10547,-0.46717924
-144.77016,-78.351685,-0.4547367
-144.22086,-78.62098,-0.4465948
-143.65433,-78.89259,-0.44092244
-143.11299,-79.147385,-0.43428037
-142.59673,-79.38689,-0.42664695
-142.06772,-79.628525,-0.42196873
-141.49823,-79.88517,-0.4214614
-140.89014,-80.15834,-0.42367178
-140.25894,-80.443146,-0.4270355
-139.60944,-80.7388,-0.43092954
-138.95468,-81.03982,-0.43503046
-138.27998,-81.35345,-0.43944666
-137.5654,-81.68939,-0.44423708
-136.82024,-82.04438,-0.44988823
-136.05963,-82.41183,-0.45637748
-135.27867,-82.79487,-0.46267843
-134.49242,-83.18683,-0.4684928
-133.70032,-83.58743,-0.47375485
-132.89598,-83.99969,-0.47885844
-132.08444,-84.42125,-0.48455855
-131.26875,-84.85065,-0.490749
-130.45496,-85.28571,-0.4973913
-129.64537,-85.725395,-0.5044764
-128.82208,-86.179886,-0.5119202
-127.982124,-86.65189,-0.52001655
-127.13452,-87.13738,-0.52892953
-126.29321,-87.62928,-0.53837836
-125.44688,-88.13492,-0.54846126
-124.590034,-88.658066,-0.5589383
-123.7301,-89.195526,-0.569264
-122.87882,-89.74039,-0.5794255
-122.05146,-90.2821,-0.5891508
-121.22683,-90.833,-0.59793353
-120.40125,-91.39494,-0.60660243
-119.57863,-91.96614,-0.61585814
-118.75356,-92.54982,-0.6256537
-117.93383,-93.14171,-0.6351563
-117.13073,-93.733925,-0.64413434
-116.33545,-94.331406,-0.65306985
-115.54749,-94.93454,-0.662564
-97.867905,-86.21321,3.0663974
-98.92724,-86.13272,3.0569959
-99.94678,-86.045654,3.0460095
-100.93681,-85.95029,3.0348125
-101.90754,-85.84604,3.024014
-102.89096,-85.730354,3.013905
-103.88064,-85.6036,3.0040174
-104.85258,-85.468834,2.9947026
-105.81872,-85.32589,2.986171
-106.787636,-85.17409,2.9775007
-107.75226,-85.014114,2.9681997
-108.71016,-84.846146,2.9586887
-109.66503,-84.6696,2.949337
-110.62583,-84.48263,2.9398878
-111.59012,-84.28564,2.9302764
-112.54518,-84.080635,2.9207354
-113.49241,-83.867805,2.9114122
-114.43299,-83.64748,2.9023633
-115.376564,-83.41747,2.8935013
-116.322,-83.17807,2.8847306
-117.27197,-82.928535,2.8758185
-118.20577,-82.67427,2.867
-119.14284,-82.41033,2.8584526
-120.08646,-82.13547,2.8489764
-121.02866,-81.85146,2.8387368
-121.96022,-81.56016,2.8281496
-122.875145,-81.26366,2.8180466
-123.773544,-80.96251,2.809248
-124.66005,-80.6565,2.801536
-125.52213,-80.3515,2.794764
-126.377686,-80.04223,2.7884293
-127.217705,-79.73244,2.7822397
-128.05008,-79.41954,2.7757916
-128.87755,-79.10242,2.7688649
-129.67905,-78.789116,2.762129
-130.4555,-78.47968,2.7560859
-131.24034,-78.16095,2.7498102
-132.04291,-77.82951,2.7433045
-132.85497,-77.487595,2.736396
-133.67018,-77.13796,2.7291777
-134.46526,-76.7897,2.721502
-135.25308,-76.43767,2.7133737
-136.03111,-76.08272,2.7055595
-136.80357,-75.722984,2.698441
-137.56683,-75.36073,2.6916888
-138.32065,-74.99678,2.6852207
-139.06706,-74.63037,2.6789963
-139.80894,-74.26044,2.6728902
-140.55255,-73.88403,2.6669965
-141.29454,-73.50287,2.6613245
-142.02058,-73.12477,2.6560314
-142.74155,-72.74423,2.6507232
-143.45264,-72.36427,2.6455786
-144.15009,-71.98705,2.6410153
-144.8489,-71.604614,2.6363723
-145.5476,-71.21813,2.6315186
-146.24815,-70.82625,2.626677
-146.96083,-70.42304,2.6219451
-147.67151,-70.016365,2.6171198
-148.39334,-69.59886,2.6122377
-149.10912,-69.18014,2.6075294
-149.81252,-68.76412,2.6029508
-150.52402,-68.33903,2.5984538
-151.23318,-67.910805,2.593792
-151.922,-67.49059,2.5893044
-152.59244,-67.077446,2.5852041
-153.26276,-66.66068,2.5813918
-153.94342,-66.234055,2.5782144
-154.61577,-65.80936,2.5754418
-155.2809,-65.38665,2.57271
-155.93585,-64.96792,2.5700676
-156.57811,-64.5549,2.5675144
-157.20822,-64.14741,2.5649936
-157.83015,-63.742924,2.5623813
-158.43758,-63.345467,2.5593512
-159.02022,-62.962017,2.556278
-159.57887,-62.591938,2.5536215
-160.1224,-62.229675,2.551155
-160.64706,-61.87813,2.5487506
-161.15656,-61.534843,2.5459971
-161.65067,-61.199997,2.5428998
-162.13826,-60.867268,2.539381
-162.62184,-60.534855,2.535705
-163.10107,-60.202938,2.5322192
-163.57657,-59.87103,2.528787
-164.04024,-59.544907,2.5250645
-164.48906,-59.22673,2.520835
-164.91658,-58.920826,2.5158625
-165.34213,-58.613064,2.509766
-165.78664,-58.287422,2.5021372
-166.18117,-57.99398,2.4947183
-166.59227,-57.68375,2.4874666
-166.97842,-57.38761,2.4809313
-167.37057,-57.083637,2.4762921
-167.751,-56.787853,2.4806085
-168.12262,-56.497868,2.4875002
-168.49239,-56.213943,2.4912467
-168.85158,-55.940422,2.4934292
-169.18607,-55.687668,2.4968736
-0.99776286,-76.31117,2.6629746
-1.3645115,-76.11914,2.6715598
-1.732027,-75.93112,2.6643224
-2.106277,-75.73886,2.6574404
-2.4738665,-75.5455,2.6549354
-2.8254874,-75.361694,2.661102
-3.1638894,-75.18534,2.674349
-3.4962642,-75.01859,2.6914399
-3.8295527,-74.85828,2.715292
-4.1642976,-74.705696,2.7394636
-4.4902844,-74.56764,2.7632735
-4.8197236,-74.437035,2.791009
-5.1683145,-74.30904,2.8186932
-5.531808,-74.18713,2.8438923
-5.9021893,-74.07292,2.8658414
-6.273858,-73.96786,2.8862622
-6.6585646,-73.866646,2.904145
-7.0600266,-73.76871,2.9170794
-7.4774156,-73.673096,2.9270952
-7.8979225,-73.581985,2.9384239
-8.3103,-73.49729,2.9518337
-8.717834,-73.419395,2.9672968
-9.128327,-73.347466,2.985325
-9.548186,-73.28162,3.005868
-9.980513,-73.22232,3.0266984
-10.428535,-73.170494,3.0469148
-10.89262,-73.12618,3.066426
-11.376198,-73.08875,3.082282
-11.879662,-73.05752,3.0915575
-12.421316,-73.029366,3.0950673
-12.999898,-73.00219,3.0959766
-13.599008,-72.9748,3.0964122
-14.20713,-72.9477,3.0979218
-14.819088,-72.92144,3.1014569
-15.435519,-72.89697,3.1066217
-16.06059,-72.87487,3.1117632
-16.698174,-72.85563,3.1161473
-17.313719,-72.84027,3.120794
-17.896378,-72.82806,3.1252027
-18.454628,-72.81888,3.1289656
-19.002476,-72.81182,3.1320918
-19.575823,-72.80575,3.1333504
-20.170765,-72.80069,3.133247
-20.776617,-72.79573,3.1331592
-21.389225,-72.79018,3.1321683
-22.007168,-72.783806,3.128983
-22.634754,-72.77564,3.1241002
-23.273209,-72.76438,3.1183321
-23.914185,-72.74943,3.1121268
-24.562063,-72.73052,3.1061838
-25.209051,-72.70768,3.1006157
-25.842283,-72.681435,3.0947745
-26.474976,-72.65172,3.088426
-27.10354,-72.61819,3.081772
-27.731522,-72.58066,3.0752788
-28.365044,-72.53882,3.0694022
-29.003149,-72.49271,3.063778
-29.634783,-72.443344,3.0579789
-30.24964,-72.391655,3.0519946
-30.85178,-72.33758,3.046143
-31.442726,-72.28097,3.0404708
-32.02713,-72.221725,3.0350635
-32.594185,-72.16101,3.0298464
-33.130123,-72.10094,3.025288
-33.65376,-72.03988,3.0216885
-34.178886,-71.97668,3.018544
-34.702,-71.91212,3.0159454
-35.224903,-71.846085,3.0136745
-35.748047,-71.77888,3.0116632
-36.268223,-71.711,3.0101051
-36.787273,-71.642525,3.0092738
-37.305584,-71.57363,3.0090876
-37.824806,-71.50453,3.009407
-38.337902,-71.436455,3.0103936
-38.848694,-71.36851,3.009985
-39.36235,-71.30019,3.007411
-39.881184,-71.23,3.003632
-40.38745,-71.15943,2.9987595
-40.887707,-71.08743,2.9933152
-41.390278,-71.01245,2.9879577
-41.889626,-70.93519,2.9830244
-42.38979,-70.85524,2.9783595
-42.88948,-70.77283,2.9733768
-43.385212,-70.68861,2.9680972
-43.875805,-70.60254,2.9625962
-44.362087,-70.514534,2.9569604
-44.83467,-70.42637,2.9519238
-45.284203,-70.340034,2.9476876
-45.730156,-70.25263,2.944354
-46.178528,-70.16307,2.9413953
-46.610123,-70.07526,2.9379604
-47.03125,-69.98822,2.9340882
-47.447258,-69.90036,2.9291322
-47.865402,-69.810394,2.9243486
-48.28244,-69.71819,2.9195333
-48.69446,-69.62499,2.913812
-49.090893,-69.53333,2.9088216
-49.469025,-69.4438,2.9051328
-49.83414,-69.35574,2.9015937
0.5048481,-15.902947,1.6469833
0.47636068,-15.528282,1.6425185
0.4530139,-15.199461,1.63652
0.43197826,-14.8706045,1.6265452
0.41555452,-14.570212,1.6137989
0.4037816,-14.296698,1.6011736
0.39602655,-14.04912,1.5913314
0.39092416,-13.8144455,1.5849221
0.38756338,-13.588956,1.5812465
0.38527325,-13.369348,1.5785898
0.38365886,-13.15237,1.575443
0.3825087,-12.930797,1.5727131
0.38218004,-12.704397,1.5696082
0.38226792,-12.472865,1.5671643
0.38331765,-12.239308,1.5640485
0.38496137,-12.012194,1.5593947
0.38755757,-11.792848,1.5538979
0.39123008,-11.576346,1.5479943
0.39591104,-11.365197,1.5432448
0.4015605,-11.157594,1.5398676
0.40781257,-10.947812,1.5386186
0.41416168,-10.737949,1.5416018
0.4199933,-10.529328,1.5485855
0.42434552,-10.320684,1.558986
0.4266596,-10.113267,1.5718135
0.42630088,-9.913138,1.5862399
0.42304876,-9.71641,1.6031197
0.41685688,-9.526111,1.6210968
0.40764531,-9.342046,1.6385406
0.39536345,-9.158862,1.6544281
0.3801878,-8.974209,1.6670649
0.36250964,-8.788774,1.6761533
0.34152615,-8.585425,1.6803894
0.31701276,-8.360919,1.6808301
0.29175746,-8.130932,1.6792241
0.26681426,-7.9010296,1.6763155
0.24271047,-7.6729503,1.672677
0.21988535,-7.448814,1.668246
0.1981205,-7.2257876,1.6631641
0.1775613,-7.003023,1.6573552
0.15838866,-6.7818522,1.6510953
0.14055051,-6.560131,1.6447011
0.12371938,-6.333775,1.6386652
0.10799298,-6.1015353,1.6323357
0.09325741,-5.861559,1.6251166
0.079895146,-5.6127605,1.6162285
0.06825284,-5.3552785,1.605851
0.059152227,-5.092776,1.5943037
0.052963372,-4.8204126,1.5804764
0.05030362,-4.5427713,1.565253
0.051794652,-4.2634287,1.5501716
0.057652544,-3.9779785,1.535169
0.068181366,-3.6845732,1.5194064
0.08368183,-3.3843873,1.5025933
0.104431674,-3.0802393,1.4854372
0.13020997,-2.7802417,1.4679884
0.15824477,-2.5081015,1.4518808
0.18609731,-2.274789,1.4381024
0.215006,-2.0586338,1.4245671
0.24879806,-1.8301178,1.4091114
0.2903335,-1.5754863,1.3920971
0.3412563,-1.2936659,1.3742113
0.3988316,-1.0040861,1.3568475
0.46345228,-0.7025033,1.3445863
0.53242785,-0.39664143,1.3441834
0.6014756,-0.09328291,1.3543695
0.6705539,0.22307757,1.3705647
0.7363954,0.5484911,1.3895938
0.79465985,0.8687511,1.4109585
0.8435944,1.1765517,1.4366574
0.8810203,1.4557021,1.4643975
0.9069072,1.6957939,1.4897726
0.9243959,1.906803,1.5106561
0.93674195,2.1093915,1.528709
0.94558877,2.3150315,1.5445681
0.950956,2.5237932,1.5604134
0.95345795,2.7386873,1.574837
0.9527668,2.9582374,1.5862749
0.94960994,3.180888,1.5945535
0.94468474,3.399849,1.5990623
0.9393222,3.5902653,1.6017616
0.93463904,3.742947,1.6040851
0.930728,3.8598545,1.6066513
0.92770535,3.9435208,1.610111
0.9256033,3.9963078,1.6145355
0.9247644,4.0145507,1.6202734
0.9256742,3.9952123,1.6280819
0.9287231,3.9413254,1.6379008
0.9341431,3.8601918,1.649289
0.94223994,3.7570632,1.6624289
0.9531316,3.6386309,1.6772828
0.96674526,3.5111883,1.6931603
0.98331684,3.376406,1.7097428
1.0026916,3.238104,1.7271546
1.0251365,3.0958302,1.74556
1.050466,2.952447,1.7644337
1.0785075,2.8095367,1.7836336
1.1090192,2.668368,1.8028705
1.1417363,2.529999,1.8220787
