predicted_x,predicted_y,predicted_theta
0.017989723,0.56897175,1.5712732
0.017833713,0.83131474,1.5605531
0.020334113,1.082575,1.5511419
0.024941627,1.3269249,1.5438945
0.03142462,1.5716956,1.53848
0.039671756,1.8295215,1.5338665
0.049640074,2.1053898,1.5307387
0.060924638,2.3925471,1.5298301
0.07264372,2.6838646,1.5312095
0.083949916,2.9807715,1.5362723
0.09422465,3.283004,1.5442457
0.10218344,3.5919335,1.5544049
0.10739151,3.9108033,1.565798
0.10909447,4.2407856,1.5771793
0.10707074,4.5764527,1.5878314
0.10140738,4.918636,1.5973691
0.09235004,5.2758484,1.6044714
0.08015168,5.645338,1.6091031
0.0655192,6.03717,1.6113843
0.04929744,6.4415393,1.6116217
0.03214323,6.862401,1.6110594
0.014651535,7.293973,1.6107714
-0.0032050563,7.7437625,1.6100919
-0.021610152,8.21054,1.6090815
-0.03908685,8.692944,1.6044326
-0.05632663,9.180569,1.6001935
-0.07103336,9.674154,1.5984846
-0.085076176,10.178433,1.5973474
-0.098746955,10.69269,1.596333
-0.1120179,11.213982,1.5951567
-0.124790825,11.7367525,1.5939863
-0.137114,12.266782,1.5929552
-0.1491181,12.805921,1.5921203
-0.16047974,13.340153,1.5913067
-0.17196885,13.892481,1.5908976
-0.18277448,14.423084,1.5912354
-0.19415504,14.973272,1.5922573
-0.2063442,15.5378,1.5937406
-0.21965212,16.117607,1.5953363
-0.23411459,16.705345,1.5969949
-0.24986736,17.300152,1.5991869
-0.26727152,17.906376,1.6021998
-0.2866971,18.519157,1.6060125
-0.30980748,19.165012,1.6111487
-0.33645457,19.81785,1.6174668
-0.36806402,20.493849,1.6244199
-0.40478858,21.176672,1.6315806
-0.44674674,21.867802,1.6386216
-0.49376723,22.564257,1.6447501
-0.54402333,23.248318,1.6493304
-0.5962897,23.920378,1.6518507
-0.64978874,24.585136,1.6521778
-0.70534056,25.268677,1.6511594
-0.76163524,25.967949,1.6495391
-0.8177037,26.676537,1.6481485
-0.87544656,27.412796,1.6483347
-0.9318931,28.144764,1.6484052
-0.98810077,28.86914,1.6477411
-1.047584,29.629793,1.648609
-1.1095539,30.415222,1.6519116
-1.1744223,31.20907,1.656807
-1.2429562,31.999752,1.662945
-1.3135947,32.7643,1.6696857
-1.3892859,33.527622,1.6766999
-1.4704629,34.289974,1.6839856
-1.5576996,35.05659,1.6916642
-1.6514271,35.8277,1.6995648
-1.7526608,36.607285,1.708136
-1.8621507,37.398388,1.7173138
-1.9817733,38.20917,1.7264986
-2.1113236,39.03399,1.735463
-2.2499084,39.865776,1.7450445
-2.3929198,40.675934,1.7558038
-2.5409815,41.46587,1.7678821
-2.700362,42.264324,1.7807026
-2.8666394,43.045223,1.7929057
-3.0434902,43.829502,1.8049607
-3.2363067,44.638683,1.8158336
-3.4298906,45.41408,1.8250672
-3.6327627,46.194363,1.8352265
-3.8466113,46.983704,1.8452375
-4.0762434,47.79858,1.8552812
-4.3197517,48.63148,1.8643901
-4.573652,49.470776,1.8730671
-4.833769,50.304977,1.8816346
-5.101422,51.13812,1.8903059
-5.3661003,51.938114,1.899401
-5.6307344,52.715378,1.9090316
-5.902644,53.489086,1.918743
-6.184699,54.266747,1.9280128
-6.4752107,55.04648,1.935972
-6.7781873,55.840157,1.9420297
-7.0928698,56.649105,1.9463114
-7.411164,57.457367,1.949273
-7.729323,58.258026,1.9509007
-8.057953,59.081924,1.9506369
-8.388991,59.911385,1.9488865
-8.720951,60.7476,1.9462794
-9.051265,61.583927,1.9443817
-9.364923,62.384388,1.9441375
-9.679609,63.18579,1.9467525
-9.998109,63.99147,1.9509674
-10.322277,64.80199,1.9559326
-10.653741,65.61964,1.9608022
-10.992833,66.444885,1.9648339
-11.337286,67.274155,1.9674145
-11.688539,68.112305,1.9693999
-12.043783,68.95648,1.9705032
-12.403988,69.80888,1.970853
-12.763461,70.65929,1.9707209
-13.111202,71.48056,1.9725373
-13.449297,72.27727,1.9766787
-13.79347,73.07797,1.9815998
-14.142887,73.87919,1.986964
-14.493645,74.670364,1.9947826
-14.856681,75.47343,2.0049653
-15.23898,76.29881,2.0139518
-15.642872,77.15032,2.0200071
-16.060698,78.01728,2.0235093
-16.48542,78.891815,2.0245898
-16.911285,79.76641,2.0232477
-17.337133,80.64361,2.0200582
-17.759539,81.51977,2.0161507
-18.181473,82.403564,2.0121782
-18.60043,83.29082,2.0073805
-19.014828,84.18016,2.0012054
-19.427307,85.078735,1.9940417
-19.83313,85.97972,1.9861631
-20.229836,86.878746,1.9787302
-20.623905,87.7892,1.9726268
-21.014977,88.708725,1.9665798
-21.403126,89.636925,1.9604294
-21.784325,90.56513,1.9541862
-22.162699,91.50303,1.9478649
-22.535997,92.44533,1.9409809
-22.897585,93.3802,1.9329383
-23.245447,94.30123,1.9238876
-23.58463,95.22388,1.9133525
-23.922794,96.173546,1.9018376
-24.218037,97.03764,1.890656
-24.507826,97.917366,1.8793224
-24.780474,98.77717,1.8684245
-25.05146,99.65956,1.858202
-25.320553,100.56426,1.8472817
-25.58084,101.47877,1.8358035
-25.833664,102.40693,1.8242251
-26.078922,103.35008,1.8125601
-26.31091,104.2914,1.8003904
-26.53146,105.23385,1.7890065
-26.737692,106.16617,1.778428
-26.931728,107.089874,1.7685515
-27.115084,108.00668,1.7591729
-27.289669,108.92233,1.7504752
-27.455414,109.83455,1.7426478
-27.612291,110.74024,1.7351794
-27.761375,111.641335,1.7274987
-27.902405,112.5362,1.7195516
-28.034985,113.42499,1.7110257
-28.160023,114.31384,1.7014604
-28.27654,115.20341,1.6906627
-28.382195,116.087265,1.6782522
-28.477833,116.9775,1.6642288
-28.562832,117.88782,1.6477758
-28.633924,118.80716,1.6296239
-28.68632,119.71319,1.6100997
-28.721184,120.61536,1.5894992
-28.737337,121.51207,1.5679818
-28.732786,122.38791,1.5435024
-28.70713,123.236305,1.5143607
-28.658937,124.055435,1.4823263
-28.58666,124.85935,1.4491574
-28.489832,125.64862,1.4159858
-28.36684,126.45399,1.3872827
-28.215572,127.287895,1.3664733
-28.040464,128.1437,1.3514723
-27.849718,129.0021,1.3389397
-27.646566,129.86382,1.3273368
-27.432894,130.72429,1.315948
-27.213112,131.5684,1.3054118
-26.989048,132.39206,1.2957143
-26.762377,133.19405,1.2861711
-26.532898,133.97774,1.2766404
-26.299036,134.7488,1.2667227
-26.060305,135.50838,1.2559582
-25.814493,136.26195,1.2440187
-25.56361,136.99998,1.2303028
-25.307175,137.72203,1.2146326
-25.042698,138.43182,1.1975131
-24.766207,139.13759,1.1796956
-24.487597,139.8141,1.163175
-24.195576,140.49176,1.1482906
-23.893446,141.16441,1.1348767
-23.584578,141.82758,1.1220827
-23.269505,142.48157,1.1090914
-22.942509,143.13808,1.0949794
-22.60338,143.79482,1.0787073
-22.257803,144.43823,1.060324
-21.905127,145.06729,1.040517
-21.5423,145.6857,1.0197766
-21.162107,146.30406,0.99802375
-20.786049,146.8875,0.9773305
-20.38889,147.47667,0.956985
-19.98548,148.04942,0.93764734
-19.571281,148.6148,0.9200012
-19.150171,149.16719,0.90259695
-18.709442,149.72606,0.88496214
-18.256739,150.27884,0.8673183
-17.79315,150.82541,0.8492302
-17.323984,151.35837,0.8308954
-16.836979,151.89188,0.81203854
-16.334572,152.42162,0.7928219
-15.812765,152.95137,0.7733398
-15.262519,153.48866,0.7537763
-14.685542,154.0298,0.7333501
-14.083448,154.57236,0.7121739
-13.4639635,155.1075,0.6914325
-12.8322,155.63086,0.67169327
-12.175223,156.15381,0.65302986
-11.532118,156.64613,0.6363021
-10.867284,157.13708,0.61923206
-10.187769,157.62086,0.6008044
-9.478288,158.10725,0.5813477
-8.736548,158.59462,0.56115264
-7.9624934,159.08144,0.54032457
-7.1665316,159.55925,0.51951706
-6.3493752,160.0271,0.49912953
-5.512573,160.48341,0.47865853
-4.661899,160.92487,0.45784515
-3.8030193,161.3481,0.43695542
-2.9383848,161.75177,0.41601455
-2.0705001,162.1351,0.3951417
-1.1906222,162.50203,0.37397835
-0.2979614,162.8519,0.35143214
0.60632074,163.1834,0.3277208
1.5262221,163.49625,0.3034149
2.459402,163.7885,0.2786225
3.4084005,164.06024,0.25350228
4.377234,164.31181,0.22839218
5.366034,164.5421,0.20300111
6.368255,164.74869,0.17741024
7.3797994,164.93048,0.15225875
8.396128,165.08655,0.1276231
9.421913,165.2185,0.1032304
10.466921,165.3273,0.078175984
11.528456,165.41095,0.052047893
12.606587,165.46739,0.024660874
13.698517,165.4946,-0.004109349
14.794617,165.48994,-0.03436065
15.894162,165.45212,-0.065380394
16.991175,165.38014,-0.09690517
18.090498,165.27359,-0.12848824
19.190907,165.13179,-0.16019157
20.286673,164.95496,-0.19151154
21.384352,164.74292,-0.22202633
22.487238,164.49469,-0.25268766
23.58642,164.21083,-0.28457627
24.67946,163.891,-0.3174254
25.767534,163.53403,-0.35084203
26.850567,163.13818,-0.38473135
27.92098,162.705,-0.41861305
28.979586,162.23448,-0.45193562
30.024597,161.72734,-0.48524186
31.050865,161.18608,-0.5187625
32.061302,160.60936,-0.55228764
33.050674,159.99966,-0.5860772
34.021473,159.35524,-0.6201191
34.968307,158.6788,-0.6546405
35.890526,157.97046,-0.68997586
36.7872,157.22995,-0.72641927
37.65907,156.45538,-0.76371783
38.505337,155.6452,-0.80170006
39.319763,154.80396,-0.8405821
40.10352,153.92853,-0.8802508
40.856228,153.01845,-0.92011774
41.573486,152.0773,-0.95959955
42.252533,151.1086,-0.9980968
42.8879,150.12228,-1.0354458
43.48321,149.1169,-1.0727377
44.03433,148.1016,-1.1099614
44.536316,147.08481,-1.1476991
45.001785,146.05144,-1.185072
45.42605,145.00598,-1.2223035
45.814186,143.94157,-1.2573136
46.164413,142.863,-1.2900872
46.475674,141.78131,-1.3223577
46.749496,140.69905,-1.3547503
46.9855,139.62077,-1.3866765
47.185604,138.54459,-1.4173675
47.35061,137.47556,-1.4465345
47.48266,136.41301,-1.474346
47.58432,135.36043,-1.5002593
47.65715,134.32391,-1.5236812
47.70375,133.31018,-1.5449274
47.727978,132.31265,-1.5657289
47.7325,131.32866,-1.586283
47.71733,130.34435,-1.6061847
47.682713,129.35464,-1.6256603
47.628456,128.36208,-1.6451001
47.554867,127.37674,-1.6644286
47.46253,126.395485,-1.683695
47.35207,125.42032,-1.7025388
47.223263,124.44795,-1.7207444
47.076916,123.47815,-1.7385634
46.913074,122.50868,-1.7557701
46.73453,121.55373,-1.7716384
46.544125,120.61801,-1.7851846
46.346504,119.710266,-1.7959003
46.141453,118.81619,-1.8042878
45.94124,117.97639,-1.811316
45.7363,117.14152,-1.817748
45.528877,116.31801,-1.8232505
45.32146,115.51295,-1.8274833
45.11138,114.71133,-1.8305323
44.898006,113.90815,-1.8330768
44.68266,113.105255,-1.8351597
44.466667,112.30699,-1.8368126
44.251877,111.51798,-1.8380166
44.037518,110.734764,-1.8389491
43.823914,109.955864,-1.8390446
43.60735,109.16769,-1.8384728
43.38736,108.36433,-1.8370619
43.164665,107.5481,-1.8353102
42.94272,106.72845,-1.8334924
42.721104,105.90343,-1.8311328
42.503624,105.0863,-1.8281759
42.29364,104.28607,-1.8238602
42.090317,103.49968,-1.8187588
41.893646,102.72274,-1.8135818
41.700394,101.9414,-1.8078257
41.51202,101.160385,-1.801181
41.327156,100.372604,-1.7943193
41.144573,99.56979,-1.7875721
40.965763,98.75842,-1.781015
40.792618,97.946945,-1.7745849
40.62445,97.134026,-1.7684773
40.462547,96.325066,-1.7623438
40.306587,95.521095,-1.7561524
40.157494,94.72629,-1.7501323
40.013874,93.932884,-1.7437289
39.871506,93.12119,-1.7381465
39.73084,92.29093,-1.7341506
39.59237,91.4511,-1.7308913
39.45667,90.60843,-1.7270893
39.324917,89.77136,-1.7225672
39.19781,88.939224,-1.7174343
39.07604,88.11618,-1.7124094
38.95953,87.30058,-1.7079486
38.847897,86.49249,-1.7038692
38.73822,85.67691,-1.7008177
38.629627,84.84807,-1.6988232
38.521652,84.01056,-1.697471
38.414955,83.17061,-1.6958594
38.309486,82.32865,-1.6932096
38.206413,81.48726,-1.6892775
38.10721,80.649574,-1.6838487
38.013714,79.82394,-1.6773064
37.925472,78.99961,-1.6705627
37.84265,78.17318,-1.6641331
37.76634,77.35524,-1.657354
37.69638,76.55092,-1.6505531
37.63238,75.74947,-1.6437825
37.57468,74.96048,-1.637059
37.522114,74.1724,-1.6309267
37.474995,73.38674,-1.6248088
37.43344,72.61908,-1.6187664
37.39688,71.85518,-1.6126606
37.365078,71.09851,-1.6067909
37.337395,70.333916,-1.6013192
37.313446,69.557076,-1.5964699
37.293026,68.76834,-1.592263
37.275993,67.97458,-1.5882918
37.261868,67.18676,-1.5850395
37.25051,66.40138,-1.582547
37.240967,65.608536,-1.5807492
37.232796,64.79209,-1.5795469
37.225697,63.966064,-1.5784602
37.219563,63.13686,-1.5768863
37.214153,62.309563,-1.575778
37.20964,61.47827,-1.5758724
37.204987,60.63342,-1.5773964
37.198574,59.75754,-1.5812415
37.18932,58.87658,-1.586614
37.17606,58.01585,-1.5909742
37.159313,57.174347,-1.5936513
37.140205,56.335255,-1.5953869
37.120224,55.515285,-1.596432
37.09916,54.680054,-1.5965741
37.07777,53.841022,-1.5959907
37.056545,53.00216,-1.5952818
37.036415,52.1788,-1.5944189
37.017113,51.362137,-1.5932405
36.99912,50.560905,-1.5918385
36.982586,49.772045,-1.5899699
36.967228,48.982353,-1.5883247
36.953014,48.18784,-1.5876389
36.939644,47.388966,-1.5872488
36.92565,46.571564,-1.5881032
36.910217,45.72608,-1.5919021
36.892117,44.871384,-1.5974088
36.86962,44.025566,-1.6028833
36.84263,43.19312,-1.608378
36.811836,42.37624,-1.6137971
36.77731,41.570522,-1.618563
36.73942,40.77233,-1.6222237
36.69895,39.979134,-1.6245579
36.65613,39.17946,-1.6260296
36.61189,38.375683,-1.6270429
36.566776,37.57594,-1.6278881
36.52099,36.771122,-1.6283365
36.47484,35.973274,-1.6290148
36.426422,35.150955,-1.631224
36.376595,34.32314,-1.6339767
36.324036,33.488422,-1.6359836
36.269608,32.649185,-1.6370745
36.213593,31.799181,-1.636997
36.157204,30.946793,-1.6362331
36.100933,30.087395,-1.6352623
36.04551,29.228079,-1.6341639
35.991127,28.368227,-1.6326566
35.938293,27.515024,-1.6309114
35.88706,26.66426,-1.6292007
35.837093,25.811317,-1.6276953
35.788982,24.965017,-1.6261302
35.742626,24.128698,-1.6245239
35.697853,23.293133,-1.6226374
35.65426,22.45281,-1.6205239
35.611588,21.596083,-1.6184231
35.571587,20.756577,-1.6163833
35.532757,19.90425,-1.6141999
35.495346,19.044662,-1.6120889
35.459816,18.186636,-1.6102446
35.425095,17.310793,-1.6087791
35.39234,16.451387,-1.6077511
35.36014,15.584462,-1.60704
35.330128,14.762037,-1.6067363
35.300087,13.931162,-1.6068575
35.27014,13.10814,-1.6076431
35.23907,12.270946,-1.6091862
35.20629,11.418369,-1.6111574
35.17158,10.5554,-1.6129813
35.136467,9.7248125,-1.61461
35.10222,8.945727,-1.6159737
35.065926,8.149457,-1.6179489
35.02738,7.335444,-1.6207777
34.98531,6.498255,-1.6244099
34.939713,5.653423,-1.6289704
34.8899,4.8008847,-1.6342642
34.83595,3.9534922,-1.639957
34.77886,3.1317797,-1.6457067
34.718304,2.322406,-1.6508932
34.653652,1.5151262,-1.6554599
34.583908,0.6922612,-1.6597979
34.50864,-0.1512113,-1.6642609
34.428616,-1.005187,-1.6688527
34.343624,-1.8690754,-1.6735804
34.253246,-2.746063,-1.6784097
34.159187,-3.6171668,-1.6831213
34.061203,-4.4849415,-1.6878334
33.959072,-5.3525066,-1.692884
33.850212,-6.2390943,-1.698476
33.735775,-7.129846,-1.7045441
33.615326,-8.024592,-1.710909
33.48873,-8.919926,-1.7180043
33.353706,-9.831148,-1.7256032
33.209812,-10.754907,-1.7330682
33.05978,-11.67248,-1.7400327
32.898727,-12.615375,-1.7472327
32.729225,-13.568579,-1.7543372
32.551376,-14.528962,-1.7606562
32.367336,-15.487955,-1.7663047
32.178127,-16.443642,-1.7715133
31.987438,-17.381927,-1.7758424
31.796566,-18.300476,-1.7788157
31.603601,-19.215498,-1.7808111
31.409937,-20.123474,-1.7826803
31.215773,-21.026358,-1.7844306
31.01906,-21.93242,-1.7863321
30.81939,-22.84395,-1.7886816
30.61647,-23.76004,-1.7914323
30.411316,-24.674747,-1.7943273
30.203913,-25.587536,-1.7970309
29.996008,-26.49136,-1.7992759
29.785728,-27.396376,-1.8009678
29.572779,-28.305727,-1.8023198
29.356781,-29.221958,-1.8036424
29.141397,-30.130604,-1.80481
28.92506,-31.037172,-1.8061485
28.709675,-31.934994,-1.8077763
28.492981,-32.83079,-1.8099756
28.27388,-33.7289,-1.8127232
28.048252,-34.643497,-1.8157066
27.815989,-35.57231,-1.8192797
27.58137,-36.49676,-1.8233085
27.34237,-37.424488,-1.8267782
27.101622,-38.343155,-1.8303392
26.86178,-39.24413,-1.8346422
26.620491,-40.136787,-1.8392093
26.374012,-41.033245,-1.8437157
26.123327,-41.929214,-1.8481158
25.870092,-42.818295,-1.8525699
25.615057,-43.69916,-1.8569677
25.35795,-44.572647,-1.8612975
25.096706,-45.44597,-1.8658913
24.83137,-46.31789,-1.8711596
24.562864,-47.183846,-1.877133
24.290855,-48.04369,-1.8833071
24.016144,-48.89372,-1.8893825
23.739077,-49.733036,-1.8955703
23.460173,-50.56055,-1.9021258
23.180336,-51.37422,-1.9084533
22.899569,-52.173946,-1.9141966
22.618189,-52.963017,-1.9181643
22.336052,-53.743526,-1.920161
22.053343,-54.519573,-1.9214556
21.771444,-55.290752,-1.92233
21.490822,-56.05538,-1.9232324
21.212732,-56.81103,-1.9245967
20.940783,-57.546844,-1.9263809
20.67887,-58.252457,-1.927925
20.428408,-58.92444,-1.9284748
20.173582,-59.606327,-1.9284626
19.907,-60.318565,-1.9295433
19.63033,-61.056255,-1.9316556
19.3575,-61.77832,-1.9345542
19.084778,-62.494514,-1.9377149
18.797203,-63.24288,-1.9412973
18.49099,-64.03113,-1.945882
18.178215,-64.82509,-1.9514084
17.861208,-65.61855,-1.9562857
17.550188,-66.38599,-1.9594843
17.241894,-67.138695,-1.9617078
16.940334,-67.86986,-1.9640266
16.637632,-68.59972,-1.9662588
16.32661,-69.343254,-1.9697452
16.009611,-70.09399,-1.9751171
15.677366,-70.869705,-1.9820228
15.3292465,-71.666435,-1.991004
14.96797,-72.47415,-2.001835
14.595373,-73.28425,-2.0134833
14.216566,-74.0821,-2.0260544
13.834777,-74.86186,-2.0385933
13.4491825,-75.62468,-2.0506847
13.058621,-76.374214,-2.0631196
12.657778,-77.12116,-2.0762284
12.2418375,-77.872955,-2.0900273
11.808386,-78.63155,-2.1045077
11.352138,-79.40503,-2.1189039
10.873679,-80.18996,-2.132903
10.366811,-80.99758,-2.1451962
9.837758,-81.817245,-2.1554635
9.300598,-82.629715,-2.1641011
8.762574,-83.42747,-2.1718066
8.217533,-84.22227,-2.1793077
7.6704183,-85.0072,-2.1871812
7.1183577,-85.78647,-2.1949215
6.5595937,-86.563225,-2.2017472
5.994423,-87.33683,-2.2081509
5.426927,-88.102585,-2.2150977
4.8579216,-88.85908,-2.2230945
4.285631,-89.608025,-2.2317455
3.70324,-90.35808,-2.2394176
3.1111963,-91.108986,-2.2450645
2.5103374,-91.86166,-2.2490373
1.9001362,-92.61907,-2.2526343
1.2886226,-93.371864,-2.2569308
0.6731534,-94.123604,-2.2614639
0.05760673,-94.86842,-2.2658348
-0.55987674,-95.60913,-2.2697973
-1.1818526,-96.34858,-2.2741642
-1.8025607,-97.08023,-2.2790713
-2.4140937,-97.79343,-2.2844172
-3.0176666,-98.49094,-2.28902
-3.612789,-99.17192,-2.2925615
-4.2093816,-99.849655,-2.2957463
-4.8132787,-100.53223,-2.2980628
-5.4209576,-101.21588,-2.298843
-6.0349803,-101.90536,-2.2983067
-6.6529403,-102.59966,-2.2971292
-7.275982,-103.30061,-2.2964501
-7.901009,-104.004166,-2.2975626
-8.533766,-104.713,-2.303179
-9.1681795,-105.41799,-2.311969
-9.801375,-106.10895,-2.321856
-10.436063,-106.78897,-2.3315969
-11.07788,-107.46342,-2.3407035
-11.724376,-108.13027,-2.3496113
-12.374588,-108.788475,-2.3590472
-13.031832,-109.441605,-2.369419
-13.704554,-110.09685,-2.3805432
-14.39055,-110.75035,-2.3920717
-15.087575,-111.39912,-2.4038212
-15.793288,-112.04069,-2.4156525
-16.506258,-112.673454,-2.4274955
-17.224974,-113.297325,-2.4380279
-17.939463,-113.903595,-2.447085
-18.64691,-114.49222,-2.4559443
-19.35676,-115.07221,-2.4656823
-20.07031,-115.643616,-2.4770045
-20.790535,-116.20715,-2.490036
-21.518047,-116.7626,-2.5029662
-22.258728,-117.313225,-2.5145745
-23.001396,-117.85176,-2.5249279
-23.750235,-118.38305,-2.5340507
-24.507904,-118.91044,-2.542059
-25.267267,-119.429276,-2.5497844
-26.017733,-119.93296,-2.5582283
-26.772717,-120.43081,-2.5675938
-27.525682,-120.916985,-2.5783367
-28.283985,-121.39719,-2.5875852
-29.049612,-121.87232,-2.5933425
-29.823723,-122.34577,-2.5967567
-30.60196,-122.81785,-2.5989697
-31.38332,-123.289116,-2.600701
-32.159008,-123.7549,-2.6024492
-32.93115,-124.21648,-2.604684
-33.701412,-124.67481,-2.607352
-34.469086,-125.12865,-2.6105845
-35.234,-125.57782,-2.6140454
-36.00154,-126.02503,-2.6174495
-36.766285,-126.467514,-2.620163
-37.524284,-126.90305,-2.6221142
-38.27717,-127.33375,-2.6235068
-39.023956,-127.759155,-2.625017
-39.76128,-128.17744,-2.62742
-40.49316,-128.59018,-2.6312032
-41.22148,-128.9976,-2.6360908
-41.947308,-129.39934,-2.6411915
-42.66289,-129.79117,-2.6450777
-43.35769,-130.16759,-2.6478133
-44.043148,-130.53638,-2.650422
-44.73597,-130.90645,-2.654158
-45.436962,-131.27742,-2.6598094
-46.12921,-131.63885,-2.6670675
-46.81156,-131.98865,-2.6759565
-47.498955,-132.3335,-2.6866734
-48.19445,-132.67366,-2.6982617
-48.895058,-133.00673,-2.709253
-49.598106,-133.33167,-2.718776
-50.28527,-133.6409,-2.7270832
-50.950493,-133.93367,-2.734422
-51.59497,-134.21164,-2.7410576
-52.22738,-134.47928,-2.7476587
-52.851185,-134.73877,-2.7538395
-53.469707,-134.99123,-2.75997
-54.0808,-135.23656,-2.7659717
-54.688744,-135.47626,-2.7717755
-55.290752,-135.7092,-2.7785356
-55.891666,-135.9372,-2.7865858
-56.48935,-136.15842,-2.7958317
-57.090973,-136.3748,-2.8064559
-57.70276,-136.58795,-2.8175266
-58.327686,-136.7977,-2.8290744
-58.956543,-137.0006,-2.841612
-59.59369,-137.19766,-2.8547332
-60.240215,-137.38826,-2.8682656
-60.892895,-137.57104,-2.8824935
-61.547943,-137.744,-2.8985775
-62.21091,-137.90779,-2.917186
-62.890335,-138.06235,-2.9382937
-63.585365,-138.20511,-2.9617755
-64.286934,-138.33234,-2.986892
-64.987755,-138.44145,-3.0127535
-65.68759,-138.5324,-3.0380836
-66.38728,-138.60551,-3.0618384
-67.08565,-138.66173,-3.0838516
-67.78612,-138.70245,-3.1046975
-68.4952,-138.72948,-3.1234293
-69.218506,-138.7431,-3.140136
-69.9606,-138.74475,-3.155278
-70.71741,-138.73444,-3.1698463
-71.47333,-138.71284,-3.1848676
-72.227974,-138.67984,-3.2009165
-72.97957,-138.63457,-3.2187576
-73.729614,-138.57637,-3.237914
-74.48208,-138.50322,-3.2584577
-75.24161,-138.4139,-3.2803144
-76.002975,-138.3077,-3.3023543
-76.76069,-138.18524,-3.3232944
-77.51909,-138.0457,-3.3441257
-78.27352,-137.89107,-3.3646574
-79.01261,-137.72304,-3.3851178
-79.73086,-137.54471,-3.4050262
-80.43696,-137.3539,-3.425047
-81.13679,-137.14964,-3.4463646
-81.84368,-136.92755,-3.468169
-82.56126,-136.68466,-3.4900813
-83.27894,-136.42422,-3.5115542
-83.9797,-136.15295,-3.5310812
-84.668,-135.87073,-3.5487657
-85.34733,-135.57745,-3.5664566
-86.015976,-135.27391,-3.586509
-86.67562,-134.95882,-3.609115
-87.32811,-134.62961,-3.6320882
-87.9801,-134.28214,-3.653765
-88.63157,-133.91579,-3.6752162
-89.28468,-133.52994,-3.697498
-89.92751,-133.13123,-3.718721
-90.54751,-132.72755,-3.7379637
-91.15412,-132.31563,-3.756807
-91.751495,-131.89354,-3.7756138
-92.33755,-131.46358,-3.7922955
-92.91495,-131.02444,-3.806744
-93.4794,-130.58179,-3.8201442
-94.023125,-130.1422,-3.8349936
-94.558395,-129.69719,-3.851466
-95.07162,-129.25525,-3.8693333
-95.56408,-128.81676,-3.8872943
-96.03437,-128.38193,-3.9051614
-96.48733,-127.948204,-3.9233065
-96.93529,-127.50349,-3.941831
-97.390366,-127.03492,-3.9607193
-97.8503,-126.542816,-3.980064
-98.30767,-126.03458,-3.9990575
-98.75979,-125.51229,-4.017443
-99.218025,-124.963326,-4.0353355
-99.67844,-124.39091,-4.0527678
-100.13942,-123.79739,-4.069241
-100.60489,-123.17723,-4.0845613
-101.070076,-122.53688,-4.0990353
-101.5279,-121.88592,-4.1139
-101.98379,-121.2164,-4.1307006
-102.4407,-120.520836,-4.149702
-102.89433,-119.801765,-4.169709
-103.33729,-119.067276,-4.189999
-103.76781,-118.3194,-4.2106767
-104.17988,-117.56705,-4.2324295
-104.572945,-116.811584,-4.2548
-104.94717,-116.05204,-4.276735
-105.30241,-115.28796,-4.2988286
-105.64111,-114.51578,-4.3216805
-105.96586,-113.72687,-4.345765
-106.27561,-112.92014,-4.3711925
-106.569214,-112.09476,-4.396644
-106.85038,-111.238495,-4.420386
-107.11397,-110.36251,-4.443166
-107.35949,-109.47656,-4.4641786
-107.58784,-108.581375,-4.4813538
-107.80102,-107.6798,-4.4949307
-108.00116,-106.774155,-4.507176
-108.19026,-105.86182,-4.520926
-108.36608,-104.9483,-4.537932
-108.52384,-104.04479,-4.558814
-108.66136,-103.14918,-4.5830483
-108.773186,-102.28167,-4.609149
-108.86405,-101.40716,-4.6354427
-108.93476,-100.50912,-4.6600213
-108.984,-99.58874,-4.682301
-109.01323,-98.647964,-4.703029
-109.02299,-97.69162,-4.7222934
-109.013664,-96.737404,-4.740568
-108.98674,-95.80244,-4.758578
-108.9444,-94.91793,-4.776965
-108.88742,-94.03419,-4.795324
-108.81492,-93.1662,-4.8139825
-108.72519,-92.268906,-4.830355
-108.61385,-91.31198,-4.8438926
-108.48267,-90.31014,-4.8553843
-108.33569,-89.29297,-4.8677144
-108.181114,-88.30487,-4.879607
-108.01919,-87.353645,-4.8911934
-107.84068,-86.3751,-4.9054823
-107.666855,-85.48879,-4.9213915
-107.46542,-84.53725,-4.9395175
-107.24337,-83.56769,-4.954932
-106.998764,-82.57421,-4.967465
-106.73986,-81.58007,-4.9790993
-106.467766,-80.58434,-4.9904957
-106.179,-79.574394,-5.003567
-105.87487,-78.55932,-5.017986
-105.56113,-77.56557,-5.0323124
-105.2336,-76.57722,-5.0463333
-104.89196,-75.59312,-5.0608206
-104.53128,-74.599724,-5.0757413
-104.15118,-73.59923,-5.0909586
-103.75419,-72.600746,-5.1062217
-103.33787,-71.59762,-5.121065
-102.90364,-70.59545,-5.1363745
-102.452515,-69.59619,-5.152517
-101.98874,-68.612015,-5.1688786
-101.51342,-67.64397,-5.1845245
-101.02021,-66.67747,-5.1995564
-100.52027,-65.73405,-5.2139587
-100.01446,-64.81218,-5.227124
-99.48838,-63.88197,-5.240418
-98.93728,-62.936005,-5.2548184
-98.360565,-61.978233,-5.270102
-97.757195,-61.00948,-5.2860074
-97.143585,-60.059563,-5.3019285
-96.50269,-59.099434,-5.31672
-95.83824,-58.135586,-5.3313403
-95.162315,-57.18654,-5.3457665
-94.469086,-56.242214,-5.35996
-93.750404,-55.288914,-5.372819
-93.015915,-54.34254,-5.384545
-92.27043,-53.405415,-5.3958416
-91.51669,-52.47817,-5.4052143
-90.758644,-51.56625,-5.414137
-89.9792,-50.64292,-5.4233084
-89.18175,-49.71523,-5.4320455
-88.37302,-48.79237,-5.4408255
-87.56159,-47.883247,-5.4499083
-86.75216,-46.99372,-5.459031
-85.95022,-46.129173,-5.468569
-85.14673,-45.279125,-5.4791183
-84.33934,-44.441753,-5.4908185
-83.50795,-43.59862,-5.503608
-82.66302,-42.76263,-5.516604
-81.82292,-41.95431,-5.529108
-80.969986,-41.15326,-5.541378
-80.11643,-40.371487,-5.553874
-79.25265,-39.598785,-5.5655704
-78.380455,-38.835815,-5.57488
-77.50821,-38.088448,-5.5823684
-76.64273,-37.359848,-5.5905976
-75.77892,-36.64467,-5.600834
-74.906845,-35.93612,-5.612053
-74.023056,-35.233982,-5.623249
-73.12258,-34.53512,-5.6347117
-72.212654,-33.845665,-5.6468134
-71.28583,-33.16005,-5.6588426
-70.35816,-32.491814,-5.6704936
-69.41059,-31.826313,-5.6830716
-68.44898,-31.167614,-5.6966124
-67.47435,-30.519089,-5.7093616
-66.49246,-29.883652,-5.720761
-65.50995,-29.263954,-5.730434
-64.5308,-28.660425,-5.739466
-63.5489,-28.067678,-5.749245
-62.572697,-27.491554,-5.760404
-61.609215,-26.93713,-5.7718873
-60.659058,-26.404924,-5.7833376
-59.71433,-25.889645,-5.7948895
-58.771854,-25.389467,-5.8068037
-57.83421,-24.906206,-5.8190603
-56.909096,-24.44324,-5.83051
-56.015633,-24.009365,-5.8398986
-55.144173,-23.596252,-5.847289
-54.28077,-23.194344,-5.854272
-53.424313,-22.803202,-5.861726
-52.571537,-22.421692,-5.870531
-51.7202,-22.049017,-5.8800187
-50.888042,-21.694307,-5.8890176
-50.058537,-21.348404,-5.895782
-49.23755,-21.011992,-5.898667
-48.443974,-20.690228,-5.897644
-47.689014,-20.383135,-5.8932548
-46.96125,-20.083662,-5.886257
-46.250313,-19.7854,-5.877916
-45.52879,-19.476164,-5.869695
-44.789173,-19.152382,-5.8637266
-44.052105,-18.823454,-5.8586535
-43.327312,-18.495478,-5.852327
-42.603592,-18.162159,-5.8440123
-41.887154,-17.825327,-5.834409
-41.159893,-17.475266,-5.824647
-40.43382,-17.116577,-5.814847
-39.72317,-16.756584,-5.8038187
-39.038208,-16.400433,-5.7920017
-38.368496,-16.042461,-5.7805405
-37.717445,-15.684287,-5.7691293
-37.074753,-15.321499,-5.757856
-36.434948,-14.951072,-5.747601
-35.806522,-14.578562,-5.7388444
-35.172768,-14.195287,-5.73121
-34.554466,-13.814154,-5.7234626
-33.943684,-13.431459,-5.715595
-33.34593,-13.049922,-5.70725
-32.7539,-12.665698,-5.6990705
-32.17156,-12.281179,-5.692276
-31.588018,-11.889824,-5.6863728
-30.99686,-11.4878845,-5.6797843
-30.396498,-11.0742855,-5.672641
-29.773743,-10.63876,-5.665477
-29.139944,-10.188494,-5.65828
-28.491127,-9.720368,-5.650737
-27.840836,-9.243163,-5.6420555
-27.178408,-8.7487545,-5.632503
-26.549004,-8.269694,-5.623467
-25.930244,-7.788944,-5.612691
-25.284147,-7.275459,-5.599185
-24.602924,-6.7185354,-5.58416
-23.916706,-6.1402545,-5.56762
-23.248257,-5.5579033,-5.5480156
-22.602955,-4.974079,-5.5258937
-21.987988,-4.3935423,-5.503708
-21.401566,-3.8161287,-5.484368
-20.816591,-3.2171593,-5.4689655
-20.21256,-2.5790482,-5.4578466
-19.59223,-1.909383,-5.451721
-18.961212,-1.2187352,-5.4496307
-18.3246,-0.5187198,-5.450269
-17.677238,0.19274488,-5.45267
-17.019394,0.9128691,-5.455838
-16.353926,1.6371045,-5.4588447
-15.676343,2.3702676,-5.4612536
-15.017797,3.0791483,-5.462554
-14.35132,3.7950015,-5.4619017
-13.676069,4.5200844,-5.461899
-12.98711,5.259079,-5.4645805
-12.28738,6.007646,-5.4683933
-11.5796385,6.75889,-5.471705
-10.844333,7.5351315,-5.474162
-10.099512,8.315455,-5.4778376
-9.352663,9.090924,-5.4841385
-8.602618,9.861616,-5.4916887
-7.855242,10.616766,-5.5002556
-7.116902,11.352336,-5.5073633
-6.379647,12.075469,-5.512365
-5.651193,12.78241,-5.516959
-4.947642,13.457945,-5.5213723
-4.256649,14.116069,-5.5255647
-3.5952904,14.738411,-5.5322685
-2.9638205,15.326083,-5.5406265
-2.363933,15.87536,-5.5490494
-1.790573,16.390385,-5.5591927
-1.2337637,16.881676,-5.5712776
-0.6900521,17.34966,-5.5849137
-0.1550658,17.797958,-5.599876
0.37312585,18.22721,-5.6161284
0.8912152,18.634768,-5.632887
1.3859869,19.01112,-5.6480346
1.8672693,19.36549,-5.6619225
2.3449168,19.70838,-5.673332
2.8238187,20.043259,-5.682181
3.3118346,20.376877,-5.693062
3.815077,20.713026,-5.708419
4.329702,21.04628,-5.726042
4.8448224,21.366709,-5.744707
5.35563,21.67223,-5.762475
5.8644137,21.96403,-5.7789702
6.3733444,22.244751,-5.795314
6.864675,22.505535,-5.8105097
7.351938,22.75546,-5.822466
7.853686,23.00479,-5.832901
8.364855,23.252174,-5.8424325
8.883728,23.49643,-5.853066
9.403479,23.73432,-5.8661327
9.92523,23.965517,-5.8800335
10.457669,24.192324,-5.894948
11.0204735,24.422956,-5.9103684
11.607828,24.651842,-5.9284325
12.2086935,24.87402,-5.9496098
12.80476,25.079983,-5.9727116
13.3871975,25.266787,-5.995709
13.972927,25.440287,-6.0175776
14.559364,25.599691,-6.0392494
15.144427,25.7456,-6.059819
15.73776,25.880535,-6.079718
16.346773,26.006317,-6.099785
16.951221,26.118177,-6.1202064
17.524174,26.212053,-6.1400323
18.068369,26.28999,-6.1597714
18.587992,26.354172,-6.1796865
19.102291,26.40803,-6.1980376
19.63048,26.453444,-6.2150545
20.193554,26.492174,-6.232211
20.7938,26.522976,-6.2506866
21.413237,26.543272,-6.2697043
22.038956,26.551577,-6.2893033
22.662361,26.547852,-6.308881
23.27301,26.532204,-6.3271813
23.877317,26.505781,-6.3437757
24.483839,26.46924,-6.359405
25.09237,26.421644,-6.378008
25.691286,26.362858,-6.40409
26.263878,26.292988,-6.432911
26.776413,26.213879,-6.461939
27.2369,26.13014,-6.490048
27.681509,26.037697,-6.5140915
28.109991,25.936455,-6.536279
28.520678,25.83043,-6.5569015
28.935102,25.714226,-6.576719
29.358494,25.586843,-6.5950108
29.806751,25.442905,-6.6115074
30.299063,25.27567,-6.628714
30.8169,25.089264,-6.647057
31.339224,24.89046,-6.665714
31.865257,24.679104,-6.6836085
32.398827,24.452677,-6.703333
32.93802,24.21298,-6.7215524
33.471977,23.96324,-6.73582
34.008396,23.701643,-6.751056
34.557606,23.42339,-6.770489
35.11191,23.12936,-6.7926297
35.668404,22.818607,-6.815507
36.21976,22.49384,-6.838397
36.76574,22.155304,-6.861074
37.306126,21.80306,-6.8832846
37.8398,21.438194,-6.9046154
38.36639,21.060968,-6.9258566
38.891895,20.666548,-6.949723
39.416275,20.253658,-6.9762936
39.941128,19.817951,-7.0037045
40.46562,19.357927,-7.0308056
40.978497,18.88264,-7.057063
41.469975,18.402386,-7.0823154
41.94416,17.915258,-7.1065154
42.404804,17.418163,-7.1304274
42.854263,16.909563,-7.1541996
43.29525,16.38604,-7.1775804
43.734013,15.841793,-7.1978316
44.17323,15.273508,-7.213396
44.61113,14.687877,-7.2249556
45.048286,14.08778,-7.234278
45.480682,13.482135,-7.242586
45.91489,12.863233,-7.250101
46.34673,12.237368,-7.257293
46.77286,11.610109,-7.2642527
47.19511,10.979349,-7.270843
47.615643,10.342233,-7.2768264
48.03151,9.703833,-7.282162
48.44459,9.0619545,-7.2872167
48.85813,8.41216,-7.29238
49.269726,7.7579007,-7.297725
49.677834,7.101189,-7.303519
50.086227,6.436149,-7.309214
50.500996,5.75159,-7.3148885
50.917404,5.055536,-7.320674
51.330933,4.3550673,-7.3264675
51.740505,3.6525197,-7.3317795
52.151005,2.9394445,-7.3366156
52.561108,2.2188642,-7.3412886
52.96863,1.4943596,-7.3464622
53.377773,0.75909,-7.3516235
53.77982,0.0271158,-7.35661
54.18036,-0.71038675,-7.361383
54.57904,-1.4527199,-7.3656096
54.975086,-2.197295,-7.368729
55.3666,-2.939221,-7.3707223
55.75657,-3.681804,-7.371807
56.152172,-4.437983,-7.3728967
56.54649,-5.193939,-7.374675
56.938496,-5.9493847,-7.377865
57.327457,-6.703306,-7.381449
57.71426,-7.459804,-7.3846436
58.092247,-8.205631,-7.3880825
58.46865,-8.954201,-7.391739
58.845463,-9.710977,-7.3959165
59.219456,-10.470285,-7.401152
59.591892,-11.235599,-7.4067373
59.960697,-12.004246,-7.412072
60.324646,-12.772801,-7.416669
60.679546,-13.53282,-7.4215055
61.026615,-14.284979,-7.427021
61.3724,-15.044608,-7.432403
61.71061,-15.798996,-7.4376893
62.043434,-16.552338,-7.4435716
62.374634,-17.31231,-7.448816
62.69898,-18.069534,-7.4541607
63.02037,-18.830925,-7.46072
63.33821,-19.596436,-7.467269
63.650505,-20.363203,-7.473392
63.961937,-21.14215,-7.4800067
64.267265,-21.920597,-7.4873466
64.56715,-22.701569,-7.494822
64.85985,-23.48094,-7.5020967
65.145096,-24.25811,-7.509156
65.42843,-25.047462,-7.516749
65.70013,-25.822458,-7.524605
65.96572,-26.59936,-7.532275
66.22533,-27.378052,-7.5394278
66.47944,-28.158945,-7.5464363
66.73188,-28.953827,-7.5538087
66.98651,-29.77541,-7.561498
67.23307,-30.593088,-7.5684204
67.46912,-31.39635,-7.5737324
67.70269,-32.208733,-7.579154
67.931786,-33.022858,-7.5859833
68.152336,-33.828423,-7.5945134
68.357544,-34.603096,-7.6041727
68.54934,-35.35365,-7.6126447
68.72812,-36.08309,-7.621244
68.89996,-36.80804,-7.6303654
69.06833,-37.546444,-7.638922
69.23375,-38.305225,-7.6484566
69.39146,-39.061394,-7.6589017
69.54161,-39.817657,-7.6668096
69.68655,-40.579964,-7.6724606
69.8296,-41.355774,-7.675851
69.96778,-42.122917,-7.6781306
70.10508,-42.898735,-7.680396
70.23376,-43.635624,-7.6847315
70.36093,-44.38312,-7.6908574
70.482475,-45.12452,-7.6991596
70.59798,-45.855457,-7.704273
70.70785,-46.573997,-7.7023625
70.81474,-47.27333,-7.6968184
70.92286,-47.95974,-7.692239
71.03187,-48.635742,-7.69176
71.141624,-49.308567,-7.694217
71.25046,-49.98424,-7.6974034
71.3562,-50.653187,-7.7003045
71.45863,-51.31427,-7.702869
71.55784,-51.965492,-7.7052298
71.65099,-52.58713,-7.7074456
71.73714,-53.173252,-7.7104993
71.815575,-53.719246,-7.7151494
71.88674,-54.23624,-7.7234282
71.95128,-54.73006,-7.73435
72.00782,-55.211308,-7.749843
72.05638,-55.68489,-7.7710843
72.09541,-56.163387,-7.797215
72.12355,-56.661915,-7.8271394
72.13802,-57.180893,-7.857436
72.135216,-57.705967,-7.890487
72.11539,-58.224228,-7.9284215
72.07648,-58.73219,-7.970889
72.01802,-59.23285,-8.01385
71.937935,-59.725636,-8.0574465
71.840004,-60.19771,-8.102117
71.72316,-60.658886,-8.146689
71.58293,-61.12611,-8.190794
71.41779,-61.60232,-8.230297
71.22064,-62.10269,-8.268211
70.99576,-62.61237,-8.309855
70.74325,-63.127316,-8.355021
70.45742,-63.650238,-8.401295
70.136925,-64.17729,-8.447294
69.778206,-64.71041,-8.492985
69.40078,-65.220146,-8.534261
69.000275,-65.71617,-8.571806
68.58893,-66.18759,-8.606109
68.16312,-66.64315,-8.638624
67.71615,-67.09238,-8.66834
67.24315,-67.540115,-8.694803
66.73972,-67.99293,-8.716848
66.20738,-68.45023,-8.734407
65.65165,-68.91037,-8.7489195
65.08512,-69.36466,-8.762369
64.50428,-69.81816,-8.775266
63.906773,-70.27216,-8.787756
63.29742,-70.72311,-8.80019
62.68056,-71.16816,-8.811999
62.04946,-71.61355,-8.820609
61.402046,-72.06155,-8.825751
60.73592,-72.51677,-8.829252
60.058678,-72.97595,-8.832048
59.36724,-73.44175,-8.834514
58.673695,-73.90647,-8.836815
57.98178,-74.367714,-8.838987
57.267643,-74.84145,-8.841405
56.553093,-75.31239,-8.845071
55.846497,-75.77502,-8.849335
55.141003,-76.23288,-8.853108
54.414303,-76.699936,-8.857671
53.67172,-77.17357,-8.862149
52.921627,-77.64543,-8.8679695
52.163948,-78.11658,-8.876114
51.401814,-78.58273,-8.8845415
50.634678,-79.043335,-8.891819
49.865337,-79.49731,-8.898247
49.093594,-79.94624,-8.903912
48.312325,-80.394936,-8.908591
47.520626,-80.84487,-8.912125
46.732662,-81.28808,-8.91541
45.941257,-81.73034,-8.918549
45.15221,-82.16727,-8.922286
44.368233,-82.59913,-8.924701
43.57432,-83.03399,-8.924114
42.79198,-83.46253,-8.921409
42.020668,-83.88745,-8.917246
41.24097,-84.32102,-8.9129505
40.487686,-84.74388,-8.909307
39.780193,-85.1446,-8.904598
39.060394,-85.55693,-8.899223
38.356216,-85.96609,-8.893537
37.657818,-86.3766,-8.884803
36.946995,-86.80332,-8.875745
36.21437,-87.25313,-8.863082
35.464275,-87.72593,-8.848006
34.71847,-88.21204,-8.830642
33.998928,-88.69888,-8.810334
33.308903,-89.18561,-8.788105
32.648857,-89.67399,-8.7647085
31.99986,-90.17766,-8.740201
31.363033,-90.69695,-8.717308
30.742065,-91.22612,-8.69784
30.129019,-91.76935,-8.684389
29.506903,-92.33533,-8.678376
28.861872,-92.930504,-8.679451
28.20879,-93.53246,-8.684908
27.563536,-94.120804,-8.691576
26.918238,-94.70188,-8.698447
26.233782,-95.31041,-8.706151
25.508585,-95.944565,-8.716509
24.76986,-96.57762,-8.728209
24.027054,-97.19885,-8.739623
23.266645,-97.82079,-8.750737
22.47903,-98.45011,-8.762936
21.671852,-99.07885,-8.776685
20.855524,-99.69653,-8.791532
20.037191,-100.29632,-8.807723
19.204454,-100.887245,-8.824539
18.356825,-101.46787,-8.84173
17.48939,-102.04082,-8.858348
16.617119,-102.59537,-8.874608
15.749434,-103.12686,-8.890119
14.861238,-103.653625,-8.905233
13.959749,-104.169365,-8.921244
13.044389,-104.67395,-8.937135
12.109809,-105.16999,-8.953458
11.161984,-105.653076,-8.97068
10.199483,-106.12334,-8.98805
9.220617,-106.58103,-9.004987
8.231202,-107.02231,-9.022536
7.2305894,-107.447495,-9.041499
6.218741,-107.85526,-9.062745
5.192639,-108.243645,-9.085736
4.155707,-108.61017,-9.108784
3.1004558,-108.95637,-9.12994
2.034901,-109.28024,-9.150933
0.9607645,-109.58241,-9.171126
-0.12466114,-109.863205,-9.192798
-1.2138774,-110.120155,-9.216198
-2.3115163,-110.35198,-9.240892
-3.409559,-110.55492,-9.2683525
-4.5083623,-110.72807,-9.296708
-5.6106405,-110.87164,-9.321869
-6.7180877,-110.987144,-9.3429985
-7.8389072,-111.08042,-9.360986
-8.959328,-111.15203,-9.378013
-10.084965,-111.20492,-9.394452
-11.209297,-111.23838,-9.412199
-12.329547,-111.25242,-9.430339
-13.433543,-111.245155,-9.448147
-14.52531,-111.21865,-9.466119
-15.618465,-111.17465,-9.482557
-16.725386,-111.11187,-9.497106
-17.826902,-111.03195,-9.510987
-18.92546,-110.93725,-9.523841
-20.014025,-110.82901,-9.535929
-21.075464,-110.709946,-9.546857
-22.128794,-110.581055,-9.55637
-23.180769,-110.44152,-9.565905
-24.255228,-110.28947,-9.575686
-25.335571,-110.125336,-9.586148
-26.407522,-109.950516,-9.59657
-27.479095,-109.76481,-9.606709
-28.57217,-109.56322,-9.618615
-29.680658,-109.3463,-9.631859
-30.803404,-109.11157,-9.644047
-31.930048,-108.861046,-9.655325
-33.05741,-108.59623,-9.666563
-34.19048,-108.31689,-9.678764
-35.32418,-108.02368,-9.689953
-36.44279,-107.71962,-9.69952
-37.550022,-107.40725,-9.708167
-38.657265,-107.08434,-9.717563
-39.758583,-106.75261,-9.727413
-40.857487,-106.409454,-9.736445
-41.96651,-106.05172,-9.74742
-43.075306,-105.68039,-9.761191
-44.186134,-105.291695,-9.776649
-45.29655,-104.88224,-9.796146
-46.40658,-104.44746,-9.82329
-47.51404,-103.982864,-9.853148
-48.59688,-103.48863,-9.879788
-49.676586,-102.962555,-9.902197
-50.762955,-102.40306,-9.922974
-51.83691,-101.81791,-9.945237
-52.89774,-101.2096,-9.96867
-53.949265,-100.57335,-9.994014
-54.988472,-99.90961,-10.019431
-56.01115,-99.21777,-10.045014
-57.00666,-98.50578,-10.070631
-57.97558,-97.77451,-10.095066
-58.9261,-97.0213,-10.117945
-59.852444,-96.24979,-10.142166
-60.77061,-95.45079,-10.166057
-61.67654,-94.62387,-10.1891775
-62.564774,-93.7729,-10.211482
-63.425426,-92.90933,-10.232311
-64.26538,-92.031845,-10.250166
-65.08611,-91.142044,-10.267089
-65.881874,-90.248405,-10.283734
-66.672,-89.334305,-10.299514
-67.451324,-88.4029,-10.315632
-68.21694,-87.45733,-10.329833
-68.97475,-86.49353,-10.343828
-69.73447,-85.50123,-10.358201
-70.48217,-84.49115,-10.37593
-71.216034,-83.462875,-10.394805
-71.92803,-82.42233,-10.4156885
-72.61026,-81.37979,-10.434739
-73.27163,-80.32761,-10.449693
-73.9229,-79.25702,-10.463821
-74.556274,-78.17985,-10.479548
-75.17503,-77.09031,-10.493976
-75.77569,-75.99423,-10.508223
-76.35809,-74.893684,-10.523259
-76.91859,-73.7948,-10.538195
-77.45976,-72.693886,-10.5514
-77.98992,-71.58081,-10.56527
-78.501686,-70.463745,-10.580832
-78.996704,-69.34127,-10.594968
-79.465065,-68.2314,-10.607549
-79.91714,-67.12321,-10.617668
-80.359146,-66.0096,-10.6282
-80.79135,-64.88669,-10.639535
-81.209015,-63.76236,-10.652219
-81.60905,-62.63919,-10.666218
-81.99719,-61.50466,-10.681148
-82.36597,-60.368534,-10.697407
-82.715576,-59.231472,-10.712434
-83.051476,-58.08108,-10.726107
-83.37109,-56.92591,-10.739336
-83.67729,-55.760036,-10.751443
-83.97085,-54.584126,-10.763539
-84.25316,-53.39232,-10.777004
-84.52247,-52.1856,-10.792207
-84.77244,-50.97119,-10.808797
-85.00312,-49.747307,-10.828258
-85.20639,-48.530525,-10.852293
-85.38006,-47.3215,-10.8744335
-85.52712,-46.112793,-10.89456
-85.64863,-44.90936,-10.91345
-85.74744,-43.709087,-10.930211
-85.82614,-42.512127,-10.94434
-85.88716,-41.318268,-10.9569645
-85.93245,-40.129723,-10.969215
-85.962456,-38.9512,-10.981658
-85.97767,-37.77644,-10.994875
-85.9769,-36.596405,-11.012163
-85.95737,-35.418274,-11.033066
-85.91341,-34.246216,-11.052301
-85.8459,-33.060036,-11.073156
-85.75393,-31.87525,-11.097597
-85.63409,-30.693533,-11.119359
-85.48719,-29.509691,-11.138986
-85.317024,-28.323996,-11.158474
-85.12289,-27.137688,-11.176285
-84.90772,-25.955061,-11.192049
-84.67271,-24.77261,-11.206386
-84.42046,-23.594515,-11.220988
-84.15078,-22.424847,-11.237196
-83.8644,-21.269917,-11.255857
-83.55837,-20.128387,-11.277763
-83.23077,-19.005375,-11.302592
-82.87769,-17.892694,-11.328127
-82.49602,-16.783838,-11.352442
-82.08781,-15.68896,-11.3755865
-81.65512,-14.604673,-11.396063
-81.200676,-13.533104,-11.41711
-80.72386,-12.470144,-11.438977
-80.224525,-11.419045,-11.46142
-79.69905,-10.370348,-11.482802
-79.14336,-9.315082,-11.500985
-78.560875,-8.259924,-11.518292
-77.96194,-7.222359,-11.536722
-77.35131,-6.2064795,-11.5525465
-76.7274,-5.204734,-11.565382
-76.09183,-4.2117805,-11.575967
-75.443085,-3.222745,-11.586984
-74.78238,-2.2383277,-11.598752
-74.11285,-1.266549,-11.609608
-73.43433,-0.30610633,-11.621382
-72.74793,0.6423485,-11.634721
-72.055374,1.5718533,-11.6498995
-71.34207,2.5033743,-11.665117
-70.60906,3.42966,-11.682041
-69.85998,4.343661,-11.699843
-69.09381,5.2461357,-11.717126
-68.311226,6.1349416,-11.735083
-67.51968,7.001931,-11.753302
-66.70519,7.8638635,-11.770791
-65.884895,8.697392,-11.791458
-65.05653,9.506404,-11.8147135
-64.21857,10.28739,-11.840269
-63.365982,11.04342,-11.8666725
-62.48103,11.789229,-11.8942995
-61.584152,12.501051,-11.924597
-60.682148,13.175908,-11.9514675
-59.754143,13.834359,-11.971927
-58.799904,14.480301,-11.991431
-57.82079,15.11716,-12.010322
-56.84008,15.72582,-12.028827
-55.843044,16.320877,-12.045719
-54.83941,16.89653,-12.062162
-53.833214,17.451263,-12.078168
-52.80986,17.996185,-12.092512
-51.765263,18.535273,-12.102896
-50.719334,19.058054,-12.110916
-49.679256,19.56597,-12.119622
-48.64256,20.061205,-12.130626
-47.58157,20.555983,-12.1424465
-46.50016,21.044916,-12.154556
-45.42596,21.51326,-12.167373
-44.34557,21.968454,-12.180345
-43.239834,22.41919,-12.193162
-42.140392,22.848745,-12.206825
-41.026157,23.268349,-12.220004
-39.8945,23.677803,-12.232429
-38.734283,24.082268,-12.243404
-37.56104,24.476295,-12.252732
-36.374435,24.861103,-12.261994
-35.186226,25.234688,-12.271421
-34.007706,25.592508,-12.280049
-32.835373,25.937012,-12.288338
-31.651999,26.275,-12.296588
-30.471083,26.601646,-12.3048935
-29.311321,26.911615,-12.311789
-28.181694,27.205135,-12.315319
-27.067644,27.49031,-12.315594
-25.951183,27.77463,-12.317385
-24.8383,28.056616,-12.322279
-23.708256,28.338408,-12.328341
-22.573214,28.612568,-12.3378935
-21.412415,28.88357,-12.349528
-20.229908,29.145885,-12.36229
-19.023588,29.398207,-12.373928
-17.802235,29.63806,-12.384137
-16.574558,29.864365,-12.39469
-15.359556,30.07331,-12.406692
-14.136011,30.271606,-12.417316
-12.906138,30.45673,-12.4270935
-11.675704,30.62892,-12.437267
-10.439209,30.788774,-12.449129
-9.204523,30.93302,-12.463535
-7.9773817,31.058226,-12.479931
-6.752956,31.163364,-12.497345
-5.551346,31.24457,-12.515195
-4.3603306,31.30505,-12.531069
-3.167193,31.347786,-12.544635
-1.9787681,31.374012,-12.556458
-0.7967159,31.385855,-12.566433
0.38259694,31.385263,-12.576023
1.5637717,31.373936,-12.585654
2.7358644,31.350067,-12.596392
3.9153209,31.314835,-12.607826
5.1092534,31.266373,-12.619785
6.298544,31.202393,-12.632988
7.5095572,31.12369,-12.645387
8.728874,31.028141,-12.658361
9.946556,30.915825,-12.672055
11.179188,30.786282,-12.685937
12.397573,30.63762,-12.703018
13.589137,30.471685,-12.72158
14.772171,30.285767,-12.738738
15.963956,30.079784,-12.754909
17.16577,29.850666,-12.772478
18.361202,29.600447,-12.791724
19.548262,29.328985,-12.809563
20.714455,29.039228,-12.825191
21.883146,28.731419,-12.837398
23.040417,28.409119,-12.849604
24.18898,28.073982,-12.862389
25.32771,27.725391,-12.876787
26.461485,27.360874,-12.893239
27.580706,26.980461,-12.911249
28.675062,26.585796,-12.930451
29.783638,26.165398,-12.948453
30.909134,25.714777,-12.965664
32.0474,25.236183,-12.981557
33.178047,24.739292,-12.994925
34.28475,24.23297,-13.00667
35.3601,23.7262,-13.016726
36.440544,23.204859,-13.024832
37.506203,22.678669,-13.032631
38.5615,22.147755,-13.03937
39.60976,21.610664,-13.046602
40.65631,21.065096,-13.0549965
41.697407,20.510649,-13.065087
42.726467,19.95003,-13.07588
43.756405,19.37516,-13.086166
44.77828,18.790714,-13.09567
45.79122,18.198238,-13.104485
46.789444,17.602371,-13.1128435
47.768078,17.006071,-13.121699
48.735626,16.405237,-13.131317
49.7006,15.793097,-13.142023
50.66076,15.169931,-13.153439
51.62265,14.530666,-13.16434
52.562706,13.889379,-13.175619
53.49514,13.239339,-13.186118
54.4125,12.585077,-13.19538
55.289944,11.944939,-13.204291
56.13681,11.3159685,-13.212997
56.95911,10.694791,-13.221457
57.778034,10.065201,-13.230334
58.58706,9.43165,-13.240355
59.39194,8.78849,-13.251003
60.181694,8.142462,-13.263481
60.956963,7.4937816,-13.275991
61.705616,6.8508024,-13.287221
62.427658,6.21637,-13.2976885
63.139046,5.57689,-13.30965
63.847748,4.924777,-13.323671
64.52811,4.282823,-13.336591
65.17009,3.6600323,-13.348328
65.78621,3.0476627,-13.360843
66.38519,2.4382489,-13.373183
66.95173,1.8471875,-13.3844595
67.46911,1.2948006,-13.395356
67.953064,0.76752627,-13.404669
68.416245,0.2522379,-13.413204
68.87738,-0.2700713,-13.423231
69.34311,-0.8083386,-13.435551
69.80194,-1.3537049,-13.452489
70.23226,-1.8862087,-13.479321
70.62729,-2.4007792,-13.514931
70.98764,-2.9048002,-13.554529
71.31723,-3.4057896,-13.595089
71.62186,-3.9121659,-13.636465
71.90069,-4.4208975,-13.676123
72.15659,-4.936073,-13.714012
72.391136,-5.456186,-13.750718
72.60209,-5.9760394,-13.787375
72.793205,-6.499455,-13.824238
72.963356,-7.0229197,-13.8577795
73.11124,-7.5396676,-13.889444
73.24036,-8.053433,-13.923699
73.350876,-8.565677,-13.960839
73.4404,-9.079664,-14.005493
73.50845,-9.599404,-14.057695
73.55009,-10.12535,-14.113124
73.563805,-10.652345,-14.165751
73.549835,-11.169759,-14.2117
73.513145,-11.670618,-14.25081
73.45825,-12.160732,-14.283195
73.38969,-12.637432,-14.306508
73.31075,-13.1005535,-14.324024
73.22428,-13.557267,-14.340943
73.12944,-14.016585,-14.358107
73.023285,-14.483719,-14.379861
72.90337,-14.961337,-14.410795
72.76827,-15.441389,-14.447161
72.61603,-15.915922,-14.485153
72.44749,-16.379953,-14.524026
72.25983,-16.839993,-14.564412
72.046326,-17.310099,-14.605406
71.80631,-17.785532,-14.645531
71.54545,-18.256834,-14.680236
71.26865,-18.71905,-14.705177
70.97694,-19.177124,-14.724099
70.67425,-19.632729,-14.74122
70.37017,-20.073694,-14.756679
70.0656,-20.500917,-14.771054
69.74681,-20.935545,-14.783807
69.40122,-21.394106,-14.794765
69.03462,-21.869495,-14.804097
68.6559,-22.350773,-14.812436
68.26889,-22.834118,-14.820411
67.875175,-23.317696,-14.828427
67.47609,-23.800116,-14.836334
67.07088,-24.282236,-14.843769
66.65729,-24.766863,-14.850788
66.233376,-25.25653,-14.857566
65.80093,-25.749346,-14.863964
65.36316,-26.241838,-14.869885
64.92403,-26.73005,-14.875317
64.480835,-27.217115,-14.880781
64.035385,-27.70145,-14.886329
63.59369,-28.176216,-14.892163
63.1481,-28.649889,-14.898043
62.6948,-29.12608,-14.903579
62.231846,-29.606928,-14.909059
61.76108,-30.090551,-14.914596
61.285507,-30.574034,-14.91971
60.807106,-31.055641,-14.923713
60.323227,-31.53863,-14.92683
59.83542,-32.022713,-14.928995
59.349815,-32.502487,-14.930037
58.878765,-32.96671,-14.930428
58.42036,-33.41787,-14.930978
57.9685,-33.86182,-14.932438
57.507053,-34.313744,-14.935245
57.041195,-34.76824,-14.937924
56.582424,-35.213276,-14.940031
56.13553,-35.644897,-14.9420595
55.69867,-36.065037,-14.944203
55.283237,-36.46298,-14.94636
54.88953,-36.83852,-14.948397
54.506924,-37.20202,-14.950035
54.14135,-37.54883,-14.949692
53.788826,-37.88309,-14.947362
53.43326,-38.22042,-14.94695
53.090878,-38.547333,-14.946225
52.770176,-38.853622,-14.942951
52.461258,-39.150272,-14.938678
52.15954,-39.442238,-14.934804
51.869873,-39.725098,-14.93074
51.579056,-40.011436,-14.925493
51.278748,-40.31014,-14.919298
50.972313,-40.618755,-14.912249
50.663044,-40.934288,-14.905312
50.35257,-41.255394,-14.8993635
50.040108,-41.582527,-14.894271
49.72233,-41.918766,-14.889513
49.398624,-42.26435,-14.88543
