predicted forward vel,predicted angular vel
4.7027907,0.029056888
4.497372,0.06349406
4.364574,0.07246237
4.2513433,0.07508955
4.4073763,0.058421813
4.3209243,0.059657946
4.4863567,0.06861709
4.4658885,0.09695469
4.5369263,0.098471835
4.7038817,0.085453
4.878113,0.0681761
4.943742,0.06736898
4.9556737,0.06051235
5.0761194,0.045846425
5.18372,0.038262874
5.2742176,0.026626602
5.3812647,0.022330016
5.469571,0.040819813
5.585039,0.02304806
5.5998154,0.035890926
5.610921,0.03865987
5.7377543,0.039897382
5.5680737,0.042115457
5.799928,0.042958792
5.922884,0.040914375
5.996941,0.04142275
6.175673,0.034481697
6.3362365,0.04165619
6.485529,0.048495576
6.614765,0.043075576
6.631814,0.035119154
6.897504,0.03110503
7.0752277,0.024157504
7.3750105,0.017354704
7.521165,0.008197879
7.7126207,-0.0025457274
7.747046,0.0060344376
7.5681133,0.022248872
7.7018642,0.017781576
7.7477293,0.014659891
8.023186,0.029220853
8.08779,0.03627777
7.9752555,0.04610831
7.772715,0.031134222
7.858807,0.04129117
7.8738656,0.06445867
7.810447,0.060380317
7.433035,0.043309987
7.342222,0.015709879
7.5904465,-0.021423535
7.6770945,-0.04892277
7.7688646,-0.055435613
7.4696503,-0.060619533
7.2723656,-0.084979266
7.2988496,-0.09018973
7.4988527,-0.07338818
7.49674,-0.011007519
7.369727,0.009226734
7.0961113,-0.01097081
7.0756016,-0.013043029
6.76135,-0.005638445
6.3273087,0.02432975
5.8359165,0.030000223
5.895592,0.05878351
6.20707,0.017993925
5.986514,-0.103207156
5.8313956,-0.09384719
5.7798233,-0.06979473
5.753664,-0.010658992
5.794954,-0.08238204
5.5591884,-0.08793299
5.422772,-0.042525902
5.187597,-0.037728176
5.4685645,0.019516723
4.9501896,0.012192594
4.465646,0.010967301
4.820292,-0.08640158
4.579243,-0.24507399
4.6483445,-0.23067804
4.6418204,-0.23160756
4.4201856,-0.31163996
4.3242064,-0.3139323
4.370248,-0.29932553
4.2887673,-0.3188186
4.03363,-0.34221777
3.9063401,-0.36558026
3.841519,-0.4151814
3.730231,-0.3872317
3.618559,-0.38932836
3.545119,-0.3827559
3.5405738,-0.3848943
3.3129172,-0.38907143
3.5298476,-0.3934122
3.4305987,-0.45839596
3.3911717,-0.3912604
3.587839,-0.35039645
3.6446881,-0.3069893
3.9139678,-0.2608385
4.0465403,-0.2269592
4.215571,-0.2785043
4.2377653,-0.30213425
4.455118,-0.37200445
4.6689496,-0.37097076
4.3281865,-0.3098552
4.1326356,-0.27528307
4.5473847,-0.29691765
4.8483725,-0.28312075
5.154646,-0.20817678
5.541499,-0.17151284
5.6902227,-0.23607083
5.7467537,-0.18233792
5.965376,-0.21846588
6.1522746,-0.22925848
6.0946817,-0.13032134
6.292478,-0.123272374
6.9804144,-0.09810563
7.3581405,-0.07555371
7.556451,-0.04866959
7.475052,-0.029105084
7.4364715,-0.004452748
7.497628,0.011951562
7.5291624,0.018427553
7.568623,0.033530347
7.549797,0.038675345
7.601089,0.026842784
7.5953207,0.020134127
7.4893103,0.023317771
7.540078,0.019838715
7.790093,0.021919478
7.608612,0.03378456
7.612713,0.047158662
7.6971235,0.06001532
7.7471337,0.030007567
7.846735,0.014845833
7.6960044,0.01756584
7.704114,0.011171911
7.8228073,-0.007952254
8.0936775,0.0072826575
8.119061,0.00346612
8.069373,0.0144454185
8.067787,0.021616986
8.042607,0.01036768
8.30088,0.005065838
8.49114,0.0017194226
8.4068775,0.010219276
8.603275,-0.0029594135
8.534486,-0.0027292687
8.773218,-0.00018402003
8.911297,-0.021238254
9.041051,-0.02866702
9.117732,-0.0264789
9.158915,-0.017590446
9.654779,-0.004667163
9.765532,0.01883073
9.970012,0.05998139
9.97909,0.06926158
10.008322,0.08806394
10.013012,0.08752863
10.182379,0.12847187
10.073858,0.14599924
10.314478,0.13272822
10.325134,0.17199846
10.468475,0.1458505
10.405134,0.079440534
10.546984,0.107413076
10.6217,0.078776255
10.764743,0.07245679
10.456003,0.026514174
10.478865,-0.024919217
10.355206,-0.0014877152
10.518343,-0.011599695
10.678995,0.0014941841
10.693771,0.011754351
10.532778,0.014840929
10.739453,-0.020941256
10.511345,0.024270767
10.484672,0.03286639
10.279404,0.04873272
10.154659,0.04911463
10.1324215,0.025809726
10.511187,0.015198866
10.619749,0.015615335
10.8591,0.021333782
10.762131,0.013836304
10.70693,0.016185747
10.695988,0.020551266
10.571323,0.00856402
10.479097,0.011295488
10.57182,0.02643481
10.5764065,0.007287478
10.533159,0.020594375
10.47113,0.020503076
10.627459,-0.003917372
10.445393,-0.026621865
10.465103,-0.020015275
10.536306,-0.040557675
10.5476885,-0.032719426
10.365729,-0.030294305
10.567472,-0.113168105
10.397287,-0.08295179
10.407286,-0.07328743
10.344713,-0.031974085
10.533529,-0.04100141
10.423069,-0.0074556004
10.503048,-0.009386376
10.464428,-0.0026252698
10.30284,-0.018450378
10.085608,-0.0065813754
10.089388,-0.007411396
9.985672,-0.0255975
9.760147,-0.014108615
9.836458,-0.012727678
9.784147,-0.010708159
9.744434,-0.015290035
9.78228,-0.009179277
9.796226,-0.015292292
9.786367,-0.017413447
9.798251,0.0002871845
9.902805,-0.002598578
9.888731,-0.010326514
9.895448,-0.021733789
9.595497,-0.014532857
9.646734,-0.009483529
9.474781,-0.010576267
9.428525,-0.012723481
9.185145,-0.007469481
9.275517,-0.0059467144
9.010553,0.00018358417
9.042873,0.004045535
8.894787,0.005057037
8.692743,0.017516108
8.523655,0.024548572
8.617716,0.008745385
8.423971,0.02481376
8.447468,0.045904264
8.424858,0.038556352
7.9748826,0.018749459
7.8279743,-0.021310693
7.7206736,0.004862355
7.3744693,-0.00395309
7.0397587,-0.0026786253
6.8719587,-0.0063706804
6.3875628,-0.009127092
6.28448,-0.0068508014
5.8657417,-0.010439822
5.5318866,-0.014194241
5.4226503,-0.01590698
5.3251815,-0.017317919
5.1618137,-0.01353454
5.13593,-0.012966067
5.0281606,-0.010599162
4.8184576,-0.0031864457
4.8363857,-0.0016838443
4.7756042,-0.0032272153
4.7668867,-0.0048608948
4.7717457,-0.01352079
4.5983925,-0.022746956
4.632182,-0.03612843
4.5207653,-0.03982933
4.4749913,-0.034414306
4.3150935,-0.013745034
4.513554,-0.0027676169
4.324011,0.013031902
4.42996,0.016119124
4.2931085,0.030642604
3.9933038,0.055944555
4.3767023,0.033799842
4.534361,0.059107788
4.3101063,0.05923996
4.022185,0.08878342
3.822434,0.076015405
3.9417715,0.0981114
3.89578,0.13211346
3.7115107,0.14422032
3.4920714,0.14020905
3.5724616,0.17191426
3.7792263,0.2096893
3.5797932,0.273782
3.7146068,0.25625452
3.5656004,0.27006242
3.602237,0.2720099
3.5131757,0.2874424
3.3088517,0.2612571
3.8539727,0.21849854
3.9367852,0.20041455
3.8910055,0.20376107
4.131355,0.20436138
4.0621142,0.22078823
4.2810245,0.26905122
4.3728113,0.30101734
4.204678,0.26099896
4.2152357,0.1834148
4.8334265,0.22239217
4.7232456,0.2660127
4.5401454,0.24691968
5.096794,0.22330995
5.299241,0.19866061
5.4211044,0.20469289
5.64813,0.19498023
5.892847,0.20451112
5.764451,0.19050644
6.3415184,0.12904179
6.4041724,0.13024852
6.6032076,0.1354828
6.636797,0.13769023
6.419245,0.15940972
6.9255543,0.12807418
7.0462503,0.060171627
7.169322,0.011217048
7.6186256,-0.025335295
7.606823,-0.05075662
7.632499,-0.066048026
7.758812,-0.04534506
7.7243614,-0.038817793
8.021387,0.039627403
8.212676,0.05263544
8.241041,0.038281426
8.099133,-0.011683691
8.203952,-0.005801644
8.358599,0.0023327759
8.267036,0.005697243
8.176947,0.021270502
8.29088,0.024242125
8.073292,0.035905756
8.028488,0.030800488
8.117901,0.0152875325
8.016975,-0.00042291544
8.140481,0.00043961406
8.212119,-0.021921119
8.174421,-0.05700282
7.9782825,-0.022988034
7.6795063,-0.07117532
7.8835664,-0.024522962
7.917982,-0.041094698
7.7843876,-0.012324955
7.731118,-0.002561098
7.6590414,-0.005117744
7.589402,-0.008217087
7.152363,-0.0182409
6.8045387,-0.011283137
6.8256736,-0.00979211
6.426372,-0.003618341
6.187021,-0.011933627
5.996804,-0.011598211
5.2933874,-0.013600178
4.9848003,-0.009646855
4.798814,-0.0055621006
4.6999083,-0.0012043137
4.4718294,0.0026125116
4.0702186,0.0010234984
3.9352267,0.05852677
3.6792183,0.057187483
3.3995714,0.048509307
3.182646,0.059483998
3.1852193,0.14789149
2.977234,0.15153441
2.8767896,0.072378874
2.8231132,0.20328648
2.8532372,0.21172984
3.295332,-0.011440555
2.8720865,0.00026336126
2.7824433,0.024315752
2.828977,-0.017423203
2.825858,0.005644506
2.8157396,0.045430377
2.69585,0.041896507
2.742138,0.04344389
2.9129539,0.03976856
2.979764,0.011646781
3.1219783,0.02494392
3.2170908,0.036927387
3.4037628,0.032559082
3.6691678,0.038131446
3.7076252,0.0031216294
3.9747744,0.022850068
3.8802266,0.006160468
4.0961227,-0.012090532
3.9808354,-0.016994515
4.0066524,-0.009742467
4.190529,-0.014979528
4.47833,-0.016710667
5.007017,-0.008936401
5.249068,-0.0029440876
5.056677,-0.000617424
5.0950594,0.0076122712
5.4815006,0.0015552994
5.8867464,0.0069491845
5.9210415,0.019792583
6.097192,0.02512515
6.26409,0.035780963
6.3727694,0.026629485
6.6430097,0.012677588
7.027461,0.005477663
7.0907774,-0.020610841
7.2986784,-0.030227358
7.4262037,-0.027344072
7.645109,-0.0061528906
8.116606,0.010444695
8.168722,0.00024336949
8.156464,-0.026918942
8.210618,-0.050024077
8.393298,-0.05885806
8.518118,-0.024749814
8.691103,-0.014717905
8.869595,0.031453095
8.992522,0.019305948
8.792217,-0.020233156
9.06039,-0.01183226
9.594379,0.010661721
9.661678,7.623434e-05
10.381369,-0.026691845
10.156986,-0.031992003
10.362694,-0.025600342
10.00617,-0.013706977
10.143482,-0.022277651
10.071708,-0.05892837
10.073771,-0.059872784
9.754448,-0.045113407
9.7352295,-0.010525625
9.978109,-0.056279242
9.757172,-0.06871277
9.708761,-0.078494325
10.117014,-0.06700541
10.193735,-0.04359802
10.105864,-0.027033815
9.944498,-0.01768603
9.7112055,-0.016983284
9.561683,-0.019764489
9.647175,0.0046554925
9.650616,-0.018504268
9.6249485,-0.021180855
9.509825,-0.06947061
9.461566,-0.06088885
9.458803,-0.04835082
9.520916,-0.029357513
9.681154,0.010901666
9.6634655,0.02513659
9.546762,0.049479924
9.551714,0.05576974
9.445259,0.058526896
9.488562,0.06716076
9.494089,0.04478477
9.39695,0.016058646
9.338648,-0.011845065
9.500711,-0.02091814
9.581504,-0.025704851
9.334597,-0.03716307
9.15586,-0.038843393
9.29057,-0.016175697
8.861286,-0.0064705163
9.209845,0.029300231
9.103685,0.03187406
8.707761,0.032859072
8.6007,0.017162934
8.762194,0.01705015
9.051987,0.010375201
9.209533,-0.022480076
9.109859,-0.046417855
8.990089,-0.04864239
9.114944,-0.033164486
9.105814,-0.04477886
9.136606,-0.036842957
9.124488,-0.025363391
8.9782,-0.04155685
8.99789,-0.024108345
8.890407,-0.033112988
8.855501,-0.067589015
8.805714,-0.08556472
8.891592,-0.10472034
8.956755,-0.13178776
8.865725,-0.14326884
8.822301,-0.15837638
8.714431,-0.1761194
8.423303,-0.18185809
8.564671,-0.13837026
8.338461,-0.15249057
8.347235,-0.11668943
8.436224,-0.121594384
7.6447988,-0.09775221
7.720984,-0.09838038
7.066433,-0.089529656
6.987814,-0.10615774
6.665516,-0.105933055
6.7077312,-0.08244538
6.4206457,-0.0047557782
6.3036337,0.054717153
6.2892013,0.08417678
6.421834,0.003808828
6.5002337,-0.10546182
6.448514,-0.15232243
6.0843835,-0.05034806
5.912585,-0.10994579
5.7268257,-0.24076308
5.369897,-0.4009644
5.271596,-0.36539388
5.09445,-0.3219657
5.2029953,-0.17170063
5.290308,-0.18831016
5.179765,-0.2009104
4.8770995,-0.13213868
4.7464795,-0.086090155
4.5765853,-0.036447465
4.7047114,-0.055118576
4.7821836,-0.029195694
4.8331656,0.046894774
5.1715736,0.043624118
5.0123687,0.04044108
5.031374,-0.026462046
5.0641837,-0.06776173
5.094352,-0.0042226
5.0729084,-0.007277308
5.1886625,-0.003935164
5.8529444,0.011615248
5.624863,0.037972912
5.5293508,0.07904883
5.512927,0.08162236
5.5699544,0.07894468
5.7961617,0.07783045
5.887303,0.07518137
6.0823836,0.07675107
6.0329466,0.08390863
6.055208,0.05722355
6.1466923,0.017303525
6.398591,0.007323725
6.594701,-0.008910546
6.6431265,-0.021649515
7.026993,-0.032344855
7.08786,-0.020102361
7.114785,-0.021569902
7.479812,-0.02549217
7.6182737,-0.012995573
7.6357193,0.0071189413
7.7354345,0.008986501
7.580531,0.018543862
7.5113335,-0.0034975503
7.5559697,-0.0064079203
7.7282724,-0.006767506
7.818473,0.002590984
8.044558,0.0018726494
8.568675,0.03868904
8.50997,0.049299754
8.722438,0.040429972
8.959625,0.064886324
9.19046,0.017238593
9.1435995,0.02444801
9.377201,0.0046139266
9.525484,0.021730017
9.3851795,0.020231878
9.499868,-0.010835404
9.432575,-0.032134764
9.426592,-0.033172652
9.644071,-0.021924121
9.588189,-0.024378499
9.629255,-0.021389535
9.916259,0.001321434
9.92798,0.0034374427
9.995537,0.008835826
9.977522,-0.021209685
10.03049,-0.008744372
10.050329,-0.014470272
9.980934,-0.009698771
9.935223,0.0014786618
9.886646,-0.0014321934
9.8843,0.004075448
10.042177,0.009717056
10.052575,0.0056727976
10.004141,0.0045547113
9.971056,0.005517924
9.928937,0.00066013355
9.846053,-0.009678679
9.829186,-0.020659084
9.838236,-0.025400532
9.955146,-0.024588374
10.075675,-0.019739581
9.866424,-0.018358922
9.765219,-0.008791912
9.667291,-0.011257872
9.764757,-0.01104207
10.015614,-0.003110217
9.963509,-0.017396009
9.736274,-0.018272178
9.813412,-0.016680969
9.837921,-0.019824067
9.77029,-0.02330382
9.598303,-0.027333362
9.610521,-0.022207828
9.711341,-0.022423258
9.883051,-0.017165208
9.812741,-0.004543785
9.778881,0.0032938663
9.563761,0.014326206
9.686871,0.01911167
9.648897,0.011852911
9.616535,0.008448527
9.584038,0.012811866
9.430059,0.0074419864
9.386446,0.009028253
9.216527,0.011023706
9.128262,0.012566793
8.972567,0.022440352
8.83112,0.033948436
9.001894,0.050592773
9.129462,0.06055735
9.211821,0.06786329
9.102046,0.06171091
8.931984,0.053374283
8.60989,0.04067328
8.669884,0.009281166
8.737602,-0.012273457
8.739325,-0.02267866
8.846838,-0.036208615
8.663224,-0.045339398
8.553497,-0.03393227
8.491102,-0.010780046
8.430304,0.007020006
8.279238,0.010988383
7.9448338,-0.0010037106
7.8049536,-0.010407159
7.8703284,-0.0039476715
8.013639,-0.018552719
7.9373217,-0.02112027
7.815381,0.00643583
7.544411,0.057757936
7.244243,0.021006005
7.340051,-0.04202593
7.707056,0.0034280773
7.154388,-0.034668557
7.07673,-0.03015401
6.785571,0.012594381
6.748355,0.02804988
6.7366734,0.027068192
6.613508,0.04463876
6.1330395,0.037778914
5.864831,0.05446299
5.8478756,0.06267627
5.8233757,0.05706413
5.813305,0.047549777
5.5724034,0.054278784
5.2225056,0.039888144
4.960196,0.013062134
4.840561,0.021948796
4.784233,0.0036069714
4.5541053,0.038250804
4.355924,0.056536146
4.299403,0.070291094
4.264741,0.067340225
4.318169,0.076652326
4.3039722,0.100756615
3.8210955,0.07602629
3.2858222,0.10938898
3.0246952,0.1323002
2.8900938,0.16168422
2.837307,0.15921766
2.3700676,0.16602808
2.1586447,0.16800724
1.9735657,0.15050589
1.9622552,0.1465986
1.7622437,0.18316278
1.754874,0.19451554
1.6884172,0.21003167
1.5041146,0.2183606
1.5528834,0.21821637
1.6494458,0.25526768
1.5053973,0.25246406
1.6341751,0.30049536
1.5380473,0.3017208
1.644711,0.3328482
1.5943503,0.32902282
1.676106,0.34068257
1.6669745,0.32964638
1.9153194,0.3512776
2.0678563,0.36308134
2.1573393,0.38054505
2.1466458,0.3913947
2.2167623,0.42255262
2.126487,0.4342873
2.0392022,0.4235154
2.0925267,0.43479136
2.0691192,0.46315777
2.1372178,0.4751092
2.48346,0.50001913
2.822195,0.51803946
3.3026876,0.5025178
3.535871,0.5010895
3.650742,0.52302706
3.8315585,0.5140291
3.936653,0.47275984
3.9736824,0.45710668
4.296088,0.4386248
4.5127583,0.44015217
4.6049013,0.45060584
4.722378,0.44728482
4.6975803,0.43871436
4.833735,0.37956947
5.0242186,0.35140532
5.251812,0.2819401
5.69205,0.1555131
6.0398293,0.0027334113
6.285597,-0.047497958
6.4222383,-0.0490216
6.8504725,-0.009355679
7.204692,0.022979818
7.32242,-0.005173452
7.55951,-0.037733577
7.3591814,0.008889785
7.9293866,0.13241634
8.283535,0.18457082
8.687664,0.08159262
8.6768675,-0.0015347041
8.990623,-0.031609543
9.119776,-0.01779201
9.218004,-0.0013050307
8.998819,-0.0011240132
9.329675,-0.028942613
9.564346,-0.060628295
9.567652,-0.06452207
9.641594,-0.04524249
9.916362,-0.03281665
10.051826,-0.023684526
10.064886,-0.02163416
10.052591,-0.015153358
10.449881,-0.00083985366
10.597027,0.057192624
10.197275,-0.0050410572
9.919925,-0.010209685
9.806992,-0.020928593
10.027813,-0.028815353
10.03266,-0.030398494
10.055771,-0.024519412
9.993847,-0.015409386
9.752266,0.0067453673
9.678247,0.02564362
9.824734,0.038925346
9.735258,0.02744509
10.071041,0.011544632
9.660895,0.022224965
9.631411,0.004576561
9.681194,0.00069253705
9.63328,0.0020076632
9.529076,-8.5152686e-05
9.35197,0.00061639585
9.395469,0.0021476522
9.175375,-0.00025477074
8.934838,-0.003154017
8.875556,-0.0032566432
8.840423,0.0011966918
8.741121,0.0010513719
8.730236,0.0009160908
8.8631935,-0.002161581
8.338213,-0.004133573
8.462016,0.0073433695
8.574169,0.02459552
8.546265,0.04220102
8.064274,0.026719164
8.025642,0.023183677
8.07205,0.012630772
8.049198,0.0146933
8.020378,0.014228414
7.9315133,0.013993341
7.9052105,0.015069949
8.056435,0.02083287
8.2232685,0.028434895
8.347473,0.03025813
8.553356,0.034730263
8.6012535,0.014025858
8.606944,0.019055126
8.737399,0.03266103
8.950247,0.028527945
8.976202,0.022142123
9.293443,0.024922097
9.306178,0.026406396
9.389488,0.025611855
9.441483,0.019043475
9.451391,0.013835172
9.661434,0.007874389
9.606593,0.0058415914
9.699623,0.0063396767
9.877128,0.03106172
10.247847,0.036862083
10.325779,0.042157564
10.286156,0.05290071
10.469205,0.037723206
10.568912,0.032206926
10.701014,0.02276209
10.838009,0.018810004
10.924685,-0.011724705
11.300779,-0.04601138
11.340222,-0.051290013
11.396992,-0.046390653
11.424596,-0.045942277
11.322964,-0.033480786
11.443954,-0.013019189
11.630415,0.01026292
11.929306,-0.012797225
12.129646,-0.008368876
12.045994,-0.0069017466
12.0058975,0.01133654
11.9332695,0.036961615
12.027256,0.07397414
11.9147625,0.108651176
11.924347,0.12002715
11.915028,0.10783638
11.938856,0.09944991
12.032877,0.100146264
12.047327,0.085368246
11.97064,0.074878
11.841003,0.06827574
11.694571,0.047593042
11.604253,-0.00022806227
11.400437,-0.01740628
11.376232,-0.011522027
11.476108,-0.01997588
11.612488,-0.01457216
11.763418,-0.0034625735
11.708332,0.0038798787
11.406195,-0.00033789687
11.388397,0.0019182088
11.4459305,-0.0027153362
11.3333645,0.0017814869
11.214855,5.3824857e-05
11.204992,-0.002484167
11.087018,-0.006044384
11.32888,-0.0077543706
11.363649,-0.009269454
11.50344,-0.014294637
11.266877,-0.013626048
11.225056,-0.015369972
11.012114,-0.0107118115
11.207881,-0.0120307505
11.01618,-0.024320086
10.924239,-0.030376596
10.927269,-0.031951606
10.957861,-0.027785828
10.946617,-0.024495928
10.877501,-0.023933193
10.941294,-0.021295419
11.145384,-0.017029556
11.30686,-0.01663929
11.240078,-0.017546916
11.204385,-0.013836935
11.055193,-0.01779602
10.702344,-0.01805701
11.05628,-0.013633635
11.081415,-0.01576651
11.108002,-0.013372527
11.075527,-0.015922962
11.005299,-0.015504694
10.915071,-0.016660756
11.067169,-0.013563627
11.093473,-0.009768743
11.00595,-0.017687531
11.215695,-0.0050193556
11.229694,0.0066026542
11.079704,0.006016054
11.019491,-0.011112718
10.770189,-0.025654366
10.909487,-0.027494034
10.777334,0.012044937
10.877558,0.02505889
10.888266,0.058800116
10.92256,0.061883174
10.996939,0.023367744
10.870335,-0.0011798255
10.86315,-0.008844571
10.687002,-0.0063705314
10.656752,-0.00645726
10.471567,-0.0026956964
10.423809,0.009716493
10.3484535,0.013859073
10.059935,0.006722589
9.853186,-0.008526787
9.852552,-0.024420818
9.748632,-0.0023685265
9.7746725,0.01325922
9.656192,0.018408626
9.6046715,0.013079222
9.479167,0.01022071
9.394388,0.012239393
9.488495,0.008517666
9.558696,0.0051563513
9.633383,-0.00040925667
9.600418,-0.011056136
9.345779,-0.0022732485
9.228235,-0.0048165023
9.315245,-0.015675446
9.444919,-0.01254872
9.491281,-0.005625734
9.41628,-0.0008158162
9.169218,-0.0055479277
8.977936,-0.010607315
8.862736,-0.009331018
8.952721,0.0057856664
9.213397,-0.00329604
9.144163,0.03477741
9.074686,0.045715045
9.016162,0.020910747
9.199161,-0.012201164
8.962527,-0.009560777
9.014354,-0.010022124
9.012564,-0.0108743105
9.030424,-0.015401086
8.98513,-0.017043417
9.176342,-0.016563011
9.181431,-0.016572343
9.175076,-0.01574413
9.114185,-0.02172939
9.122202,-0.017668476
8.9920635,-0.025753742
8.9004135,-0.029037045
9.04921,-0.033740036
9.147999,-0.033778243
9.098234,-0.034913152
9.215628,-0.035108835
9.18769,-0.025567105
9.026397,-0.020252308
8.999735,-0.017142905
8.983625,-0.018514363
9.014418,-0.018626107
9.029109,-0.019637534
8.794139,-0.008390961
8.84496,-0.014450394
8.852076,-0.019125393
8.642118,-0.02986691
8.691377,-0.033064805
8.699822,-0.028969904
8.586,-0.014899943
8.65303,-0.019879388
8.832571,-0.0150380675
8.811558,-0.021226896
8.6315155,-0.050762378
8.585403,-0.04298032
8.435402,-0.027941419
7.9159484,-0.029675597
7.5533214,-0.03432355
7.630103,-0.03201694
7.618429,-0.034067996
7.7023926,-0.027997842
7.4014616,-0.0359668
7.377809,-0.035772823
7.575237,-0.034422584
7.3897247,-0.041677594
7.168724,-0.038618483
6.8409386,-0.037069485
6.5566025,-0.0393892
6.142661,-0.041129254
6.1573935,-0.025447717
6.090967,-0.0237121
6.0194693,-0.026069893
5.575778,-0.029264918
5.473467,-0.0339052
5.479313,-0.032552816
5.5235586,-0.03411541
5.381185,-0.040892735
5.352298,-0.015228702
5.169802,-0.02836367
5.23158,-0.034014672
5.0441647,-0.02463892
4.871812,-0.016533202
4.664234,0.0034591723
4.5158525,0.008092031
4.4231215,0.011671119
4.454791,0.022593733
4.6391344,-0.0024707
4.6834188,0.011856312
4.6682377,0.0017058123
4.7441235,-0.0013031419
4.8052573,-0.0069689117
4.996844,-0.031447254
5.147526,-0.056008525
5.219466,-0.09067219
5.3218856,-0.10238899
5.4706087,-0.096391544
5.5560646,-0.12229121
5.7730327,-0.16127202
6.2062697,-0.1871124
6.4387236,-0.2038972
6.976285,-0.2060927
6.9750404,-0.22444873
6.9926233,-0.256007
7.263132,-0.28514582
7.8191495,-0.27057588
8.220449,-0.28269255
8.186304,-0.30599868
8.054517,-0.2641284
8.145552,-0.27631575
8.10017,-0.26954952
8.248305,-0.3695966
8.501648,-0.35500887
8.771757,-0.39804113
9.00453,-0.46141374
9.196569,-0.42304686
9.345953,-0.44113553
9.455639,-0.46177322
9.1434,-0.48392498
9.338799,-0.52047205
9.326265,-0.50171006
9.647216,-0.48385006
9.780458,-0.48077178
9.971273,-0.44086367
9.812656,-0.3629511
9.723431,-0.3122001
9.952951,-0.31786615
10.229163,-0.25795573
10.317427,-0.24852563
10.263811,-0.26272058
10.300709,-0.26488006
10.164717,-0.2757203
10.339491,-0.21672747
10.531828,-0.1980379
10.383005,-0.12231651
10.479476,-0.11236963
10.580536,-0.19576094
10.213915,-0.21033272
10.572297,-0.19201884
10.8028965,-0.19298884
11.169855,-0.19694953
10.904512,-0.23854311
11.214977,-0.26387477
11.038268,-0.2558046
11.262505,-0.28225827
11.145586,-0.29340383
11.134077,-0.30796006
11.258987,-0.32321537
11.304141,-0.31912532
11.195799,-0.30307302
11.151848,-0.24616967
11.292386,-0.17243794
11.190262,-0.11562283
10.960725,-0.053322412
10.975363,-0.018491806
11.024189,0.010583939
11.055001,0.020978082
11.080889,0.021778207
11.034033,0.02205423
10.967892,0.020739201
11.00507,0.019916559
11.027012,0.012296413
10.975798,-0.010896353
10.81558,-0.0117485095
10.6347065,-0.0028849635
10.485786,-0.0117948
10.376846,-0.017092476
10.628872,-0.04206586
10.467314,-0.042937085
10.177824,-0.03923519
10.149433,-0.03558421
10.235043,-0.03527139
10.351306,-0.024214244
10.213614,0.004355979
10.250546,0.012481495
10.156199,0.033495523
10.20197,0.024591755
10.289951,0.01058521
10.28776,-0.0020979587
10.278107,-0.015381625
10.230909,-0.05597496
10.216276,-0.044258825
10.155254,-0.03157136
10.123865,-0.026436752
10.054686,-0.028348
10.011974,-0.046108425
9.800447,-0.037645698
9.802177,-0.040447593
9.353451,-0.008253848
9.17925,-0.03437171
8.687843,-0.040849105
8.636404,-0.038041584
8.56175,-0.023516992
8.4496765,-0.02116525
8.3958,-0.019697504
8.264605,-0.014160261
7.751178,0.013462013
7.6073523,-0.051489107
7.3438406,-0.1273968
7.2914515,-0.11484198
7.436591,-0.12137245
7.5943556,-0.11791949
7.642461,-0.11328897
7.50819,-0.08961536
7.3212614,-0.08493514
7.273503,-0.027830614
7.09435,0.01705339
7.3673406,0.023434594
7.540692,-0.035966814
7.2941628,-0.07560206
7.303071,-0.106388025
7.243706,-0.10418139
7.133171,-0.1685638
6.9300485,-0.21398263
7.065319,-0.25657135
7.0727367,-0.2344578
7.0611773,-0.21782564
6.8972673,-0.216983
6.9547963,-0.22227089
6.992112,-0.16867368
7.2646465,-0.07822144
7.04537,-0.053512767
7.053775,-0.025145365
6.759733,-0.0816147
6.4309163,-0.08831468
6.42082,-0.063740924
6.291479,-0.059933625
6.1895533,-0.012469197
6.082831,-0.0154695455
5.8936377,0.022907985
5.842759,0.0862073
5.7281857,0.1087632
5.6905355,0.10840256
5.63992,0.089634724
5.605294,0.08625635
5.6092873,0.09683245
5.481679,0.097468965
4.939773,0.122265205
4.7747917,0.1319728
4.394615,0.10274679
3.854525,0.15033509
3.6343596,0.1287207
3.1682427,0.2076085
2.7361712,0.20405199
2.4446423,0.20692088
2.255226,0.19481808
2.091836,0.09019251
1.9562582,0.0041101594
1.7268653,-0.008597357
1.6211991,-0.024231581
1.4272332,-0.015168143
1.3435946,-0.03627363
1.2912698,0.02639948
1.2062845,0.05271074
1.4524171,0.059330136
1.428997,0.061331764
1.4471865,0.10636698
1.2433262,0.08508775
0.9629061,0.066599205
1.0645678,0.04443617
1.0361576,0.043509826
1.1796837,0.07301177
1.2458553,0.1043524
0.9517627,0.007614063
0.951128,0.06322409
0.8559301,0.060646757
0.94626904,0.086727574
0.86495566,0.11034925
1.1416922,0.1446916
1.3708923,0.1599227
1.4342518,0.1451895
1.4880834,0.09065208
1.6265767,0.14473042
1.6253872,0.14461768
1.8897582,0.17082158
1.6999338,0.15251593
1.7712951,0.18853906
1.876544,0.22616081
2.156351,0.31234416
2.1690884,0.31387562
2.236737,0.3027416
2.2627084,0.27916595
2.5809016,0.3507052
2.7840009,0.38284868
3.02915,0.40227804
3.0894766,0.4312874
3.1879442,0.4380433
3.4263415,0.44875583
3.3945847,0.438148
3.7473547,0.45505804
3.7976656,0.4114063
3.9254577,0.4609475
4.074942,0.43304434
4.3165216,0.42449263
4.421721,0.38450083
4.478168,0.41623276
4.6521883,0.3829547
4.7955246,0.41986126
4.7299423,0.36674213
4.853798,0.36965513
5.2817307,0.2689292
5.346395,0.22234239
5.6629405,0.17088561
5.845438,0.14722572
5.8969946,0.13959454
6.108567,0.1297421
6.1803393,0.12796395
6.3299727,0.08329597
6.539084,0.054973036
7.211137,0.061506443
7.1362057,0.03864961
7.2572494,0.05775646
7.6450825,0.07967264
7.460552,0.088571474
7.713634,0.11675593
8.102123,0.091821246
8.481831,0.06074716
8.80491,0.028205466
8.742954,0.027629714
9.093405,0.008285254
9.335494,0.020111976
9.734165,0.021218322
9.748449,0.019968946
9.916527,0.01688866
9.670065,0.016954377
9.915012,0.015725024
10.073906,0.015993515
10.202574,0.0121537205
10.168907,0.0073078703
10.348304,6.3464046e-05
10.345858,-0.00044782832
10.097699,-0.003970545
9.880212,-0.042294458
10.032339,-0.023336703
10.2343025,-0.013670905
10.419613,0.019283451
10.516853,0.021034151
10.743273,0.015512914
10.653089,0.019732442
10.613366,0.018131632
10.81655,0.024061963
10.893017,0.027514327
10.779388,0.026093375
10.712547,0.027363246
10.898775,0.027297214
10.826321,0.026028607
10.847424,0.028250987
10.837391,0.027487848
10.922108,0.014891835
10.905075,0.0050491076
10.893452,-4.1164458e-07
10.980946,-0.005654838
11.008245,-0.00904353
11.016344,-0.0061408374
11.04418,-0.006025037
11.199038,-0.00081334077
11.250283,0.0050120046
11.267136,0.005843971
11.262668,0.0021949457
11.432367,-0.010079278
11.52302,-0.011704156
11.54624,-0.009880589
11.398329,-0.0053232796
11.50474,-0.00059091486
11.548519,0.0003087856
11.443225,-0.0021762848
11.328797,0.0045663808
11.375011,0.012496445
11.3450985,0.01966371
11.552479,0.020036912
11.556146,0.02075442
11.472077,0.009384954
11.490221,0.006021768
11.408478,0.0072976407
11.348652,0.0019248463
11.286655,0.0028123632
11.3211,0.003778074
11.309664,0.005134873
11.304224,0.002781149
11.260651,0.009852424
11.423054,0.007633699
11.44285,0.009371674
11.478676,0.0050535817
11.374205,0.007302372
11.176455,0.00456891
11.243363,-0.0027978942
11.218756,-0.008670092
11.2162895,-0.01669745
11.344799,-0.022768768
11.107256,-0.023230137
11.308825,-0.023560202
11.225092,-0.01886416
11.11653,-0.012080889
11.143892,0.00053494424
11.355143,0.0059203785
11.274128,0.008730187
11.452055,0.01612878
11.553976,0.021878457
11.613218,0.00443221
11.531761,0.018371848
11.675646,0.021990368
11.62883,0.041007385
11.812668,0.0428187
12.00699,0.04141917
12.097128,0.03367489
12.118311,0.024100589
12.203953,0.021337235
12.3351345,0.031585783
12.344933,0.037720665
12.378962,0.040607117
12.319262,0.020493517
12.328037,0.0147314835
12.364939,0.0034096185
12.304739,-0.03155894
12.592833,-0.04208304
12.554911,-0.043554194
12.418493,-0.05480347
12.176365,-0.05640115
12.048889,-0.0509599
12.107466,-0.042262234
12.040882,-0.014665512
12.067871,-0.010116359
12.205809,0.019140648
12.253754,0.03199865
12.372675,0.05830717
12.2975025,0.07217059
12.240004,0.070386544
12.103281,0.081876665
12.058916,0.097991616
12.0887165,0.10951039
12.193258,0.032685727
12.1774845,0.002178954
12.0872135,-0.05480347
12.078863,0.006431969
12.080526,-0.011085546
11.76708,-0.007877009
12.142523,0.12840985
12.000431,0.15101402
12.537298,0.15194389
12.462133,0.15936074
12.162428,0.09471604
12.545725,0.09288156
12.604216,0.08385195
12.264793,0.0692039
12.128906,-0.011520347
11.771924,-0.027318826
11.755842,-0.039891087
11.807451,-0.035533644
12.010494,-0.015042016
11.879589,-0.0034660585
11.7902775,-0.023660084
11.425744,-0.04042483
10.664225,-0.01915696
10.776347,-0.012867076
10.022497,0.0029186886
9.566746,-0.011286465
9.340315,-0.03751208
9.135043,-0.04849179
9.159744,-0.041076846
8.937744,-0.036686465
8.698454,-0.02676916
8.493254,-0.018991558
8.447962,-0.00055012293
8.42319,0.0050788093
8.458321,0.0021211486
8.569516,0.00074916985
8.575743,-0.021177156
8.5967045,-0.035211474
8.631386,-0.029827992
8.589811,-0.02702661
8.577972,-0.021377226
8.590437,-0.013525238
8.746094,-0.0042447243
8.706961,-0.006318368
8.814934,-0.0062463563
8.80868,-0.009478858
8.8948765,-0.015852256
9.2084255,-0.022913324
9.381678,-0.03507319
9.43264,-0.02725161
9.490837,-0.035908327
9.521173,-0.045981005
9.431768,-0.033517905
9.564604,-0.013045162
9.558049,-0.0181576
9.50815,-0.034665927
9.565485,-0.04542744
9.661785,-0.012445828
9.894485,-0.02099684
9.788591,-0.013628939
9.8796425,-0.014548557
9.928053,-0.011013411
9.956364,-0.009044196
10.13267,-0.0039235055
10.3717785,-0.0053280983
10.457661,-0.003253758
10.304015,-0.00314405
10.38874,0.0076132696
10.533344,0.006577015
10.650345,0.006727446
10.718746,0.0021861792
10.859388,0.0014019385
10.793599,-0.0031151213
10.558766,-0.0073192585
11.169571,-0.01049459
11.096046,-0.0003853608
11.15162,0.007605886
11.351422,-0.007766217
11.298273,-0.023830304
11.501616,-0.020555558
11.644681,-0.013367239
11.735679,-0.012460463
11.6256485,-0.032991447
11.667049,-0.033528388
11.655068,-0.033938296
11.937071,-0.02889317
11.89369,-0.038018465
11.890266,-0.051855095
11.974489,-0.05644688
11.897238,-0.05724176
11.862818,-0.055506326
11.891966,-0.03462495
11.89797,-0.034434
11.975397,-0.036610074
12.130287,-0.03397324
12.196106,-0.03719017
12.23291,-0.04506468
12.22246,-0.050763085
12.213642,-0.069113046
12.2339115,-0.0725564
12.200102,-0.08350308
12.086683,-0.060662016
12.104395,-0.055098772
12.118572,-0.04708948
12.075718,-0.040520117
12.221533,-0.029801523
12.272675,-0.031748287
12.103878,-0.044274025
12.024591,-0.049299352
11.988178,-0.062377214
11.810156,-0.07787374
11.837681,-0.096602686
11.903389,-0.10831226
11.956129,-0.105736315
12.104025,-0.11272527
12.0987835,-0.099273965
11.934786,-0.0944439
11.828142,-0.09374091
11.837984,-0.10466769
11.955818,-0.11214359
11.94441,-0.08563077
11.747765,-0.07464276
11.827776,-0.029468643
11.907072,-0.03349877
11.849527,-0.022515258
11.764101,-0.015505971
11.641087,-0.0067783
11.706482,-0.012001684
11.8305435,-0.028250357
11.780228,-0.03774283
11.744764,-0.044708617
11.86474,-0.031329013
11.889755,-0.021901587
11.946938,-0.01964398
11.936914,-0.02500165
11.95713,-0.021403955
11.926796,-0.02499274
11.981697,-0.025676733
11.985632,-0.028234294
12.063856,-0.02949479
12.069967,-0.02657332
12.001957,-0.026373444
11.934229,-0.024909602
11.879223,-0.025418138
11.865015,-0.019137526
11.8920765,-0.015547065
11.951618,-0.012868701
12.0716915,-0.0148564335
12.055037,-0.019211529
12.116741,-0.009918703
12.177895,-0.009915216
12.221113,-0.0097726695
12.222927,-0.0034418646
12.228214,-0.007321002
12.131647,-0.006255457
12.268417,-0.0040833633
12.145107,-0.0057128016
12.021482,-0.0061488915
11.943033,0.0011022463
11.84156,0.00856436
11.653137,0.009245455
11.829443,0.0045644976
11.761324,0.0045980047
11.643539,0.0040859114
11.652945,-0.0026025232
11.618103,-0.0042161513
11.417376,0.0003667958
11.315653,0.0004756637
11.235268,-0.0028140694
10.967735,-0.004337201
10.686626,-0.0020883717
10.567379,-0.007779628
10.517328,-0.009150043
10.449006,-0.011683235
10.384981,-0.0071247704
10.45927,-0.010172512
10.516926,0.0016271705
10.550467,0.009356055
10.262251,-0.0054615196
10.11783,-0.011784613
10.117844,-0.0004758332
9.596466,0.008558831
9.418198,0.009273166
9.638199,0.0033135936
9.382618,-0.0048175324
9.219923,-0.03909056
8.656748,-0.05020208
7.886306,-0.08183127
7.5752425,-0.096245624
7.367788,-0.09529659
7.1268635,-0.1002178
6.6966815,-0.14593092
6.2258234,-0.18869783
5.9369183,-0.21860072
5.917705,-0.2507742
5.8383303,-0.29293823
5.7841806,-0.32324404
5.6520653,-0.34967282
5.623546,-0.35010922
5.527045,-0.36146718
5.4452004,-0.3703355
5.381048,-0.42861003
5.2692404,-0.4236231
5.0783577,-0.41209558
5.1337214,-0.384684
5.489349,-0.4289303
5.590988,-0.38500547
6.3369584,-0.4036528
5.5223265,-0.39799148
5.466481,-0.41331595
5.5727997,-0.39310408
5.7266684,-0.35882258
5.7360578,-0.34282774
5.8886304,-0.351598
5.876583,-0.35440004
5.963167,-0.32316202
6.1450357,-0.28948778
6.5006504,-0.22158986
6.7389784,-0.16701086
6.791169,-0.1488445
7.017152,-0.11381626
7.320757,-0.09520926
7.3500843,-0.08994059
7.5899043,-0.03947214
7.8078747,-0.03510698
7.701289,-0.029334502
7.9923844,-0.034191214
8.320525,-0.030540342
8.279482,-0.015206119
8.341568,-0.011665253
8.7071705,-0.013330741
8.946136,-0.014478227
9.207701,-0.0049112104
9.302481,-0.004409628
9.344469,0.0034073936
9.446793,-0.005160639
9.577726,-0.0062348004
9.620764,-0.00805543
9.632298,-0.006106533
9.869043,-0.008689726
9.89205,-0.008683106
9.912432,-0.009220524
9.954641,-0.008556627
9.982862,-0.010468988
9.858843,-0.011043504
9.732996,-0.011927959
9.60791,-0.014199307
9.600349,-0.015509477
9.558489,-0.012477936
9.653051,-0.014527414
9.602568,-0.017589716
9.507197,-0.017512882
9.320025,-0.0214116
9.292596,-0.020961145
9.431795,-0.01915319
9.306065,-0.023806376
9.099314,-0.03217674
8.977694,-0.039345108
8.583601,-0.044207416
8.343935,-0.045657843
8.375097,-0.03373546
8.358253,-0.0305989
8.627285,-0.026567703
8.470239,-0.024135193
8.191734,-0.025569873
7.960877,-0.023501234
7.9587812,-0.027633851
7.9002366,-0.033147976
7.8197536,-0.029851576
7.573699,-0.041607708
7.4583287,-0.06545752
7.204528,-0.04823973
7.0154734,-0.026450178
7.082508,-0.050305605
6.9462547,0.019137723
6.7466135,0.03521682
6.7384243,0.047686018
6.73915,0.056483544
6.6557302,0.025984418
6.5191646,0.07413997
6.451456,-0.0023841653
6.416148,-0.13249259
6.2543554,-0.12980407
6.294265,-0.12806109
6.0990257,-0.17147864
6.026509,-0.22282393
5.9768114,-0.24864633
5.8698015,-0.30690315
5.783986,-0.33835164
5.6729317,-0.3888215
5.563151,-0.41286632
5.6758595,-0.3821354
5.743466,-0.37071687
5.7093716,-0.3653202
5.8473954,-0.3635484
5.904665,-0.3285048
5.9266424,-0.29344085
5.9186506,-0.23517884
5.9698515,-0.25291693
6.128404,-0.19589554
6.250444,-0.21219052
6.3439455,-0.20500554
6.444687,-0.22375712
6.6572075,-0.22745663
6.776806,-0.21367
6.871187,-0.20659254
6.865204,-0.19966863
6.894226,-0.14429899
7.0128,-0.1517392
7.226159,-0.13969012
7.351425,-0.13489245
7.579197,-0.08264504
7.7134304,-0.037077263
7.947297,-0.022491584
7.8810425,-0.037055396
7.8311267,-0.041596092
7.985759,-0.036950573
8.257259,-0.07904831
8.478344,-0.068811685
8.490709,-0.034427665
8.551526,0.040349387
8.473957,0.064473994
8.505243,0.07361071
8.560888,-0.048142143
8.812141,-0.01189498
8.714321,0.06498626
8.491385,0.076642975
8.579636,0.055221133
8.692088,0.020786956
8.707298,0.040945478
9.028578,0.0406866
9.317976,0.09062401
8.91537,0.09110987
8.874702,0.08124083
8.771712,0.0914263
8.697472,0.053758748
8.682009,0.019335996
8.574808,0.0031040832
8.458536,-0.00091790594
8.488243,0.030813757
8.480899,0.019947262
8.484625,0.011613838
8.542124,0.007359566
8.531939,0.011165124
8.4802265,0.009218685
8.449505,0.0055740103
8.508896,0.013389979
8.595676,0.017147189
8.568694,0.014024196
8.427301,0.0035085287
8.36326,-0.012946961
8.390068,-0.0065122154
8.391123,-0.004713865
8.511654,0.0016557304
8.507666,-0.0024806112
8.52603,0.010223112
8.462257,0.022081444
8.469511,0.018432787
8.425032,0.011213894
8.394509,0.017949073
8.429607,0.016706312
8.386781,0.01998821
8.395777,0.015764337
8.393919,0.024354542
8.351725,0.02711537
8.329445,0.031793334
8.375423,0.030361166
8.337382,0.037254654
8.269836,0.033028923
8.107463,0.041315094
8.250095,0.026202625
8.267626,0.027296776
8.041698,0.038199045
8.33453,0.041574992
8.404811,0.040940933
8.328903,0.040224694
8.245166,0.040373683
8.29731,0.045015633
8.245924,0.043498795
8.195886,0.051280133
8.346963,0.052135035
8.099989,0.031533606
8.145058,0.035250537
8.283176,0.020661332
8.234985,0.017576575
8.183158,0.038856775
7.9885006,0.06017001
8.250883,0.029506637
8.336359,0.026920453
8.391735,0.02367258
8.710335,0.03462419
8.9136715,0.021595974
8.5935955,0.0017696172
8.3470125,-0.0463534
8.263115,0.040840544
8.557518,-0.012442987
8.542669,-0.013639625
8.398575,-0.013673941
8.7010765,0.0030786265
8.970808,0.013272483
9.265902,0.02310762
9.263636,-0.023519604
9.252213,0.017361445
9.05312,-0.023409849
9.705342,0.088145725
9.06773,0.004300247
9.209543,-0.010084126
9.047046,-0.0064548664
8.896307,0.049746066
8.877541,0.057681896
8.837844,0.08743248
8.728952,0.0076694526
8.647949,0.034035444
8.812183,0.054775476
8.827847,0.05304139
8.753134,0.043865263
8.750392,0.043752305
8.800898,0.021501034
8.902697,0.01693236
8.821176,0.0110991215
8.581114,-0.031857714
8.423109,-0.05665233
8.620708,-0.05810175
8.668296,-0.03890706
8.8012295,-0.04312668
8.650093,-0.041699104
8.68045,-0.041211955
8.581917,-0.016798148
8.522805,-0.012397699
8.379405,-0.00578532
8.54722,0.010099449
8.685527,-0.024592636
8.484439,-0.039293893
8.447243,-0.017897034
8.537708,0.015788436
8.550854,0.027556498
8.631428,0.0384321
8.615524,0.02911715
8.579183,0.029834166
8.730209,0.011341479
8.731842,0.0020557921
8.758646,-0.04024765
8.696014,-0.05764772
8.66654,-0.049552858
8.662986,-0.015113451
8.66835,-0.00788326
8.49177,-0.0027785022
8.6878805,-0.0072230194
8.63637,-0.022176972
8.884747,-0.016594915
8.859551,-0.03489419
8.6880245,-0.0049364828
8.618799,0.022242185
8.693874,-0.01563255
8.769128,-0.009557074
8.696203,-0.0071620643
8.7253,0.0022589862
8.644091,0.015680376
8.5924835,0.015513801
8.585529,0.017762244
8.510883,0.014205286
8.565718,0.013669185
8.7643,0.019749463
8.59965,0.017521357
8.43347,0.016347514
8.0839405,0.007267654
8.488537,-0.00075533614
8.244487,-0.0030081905
7.6568594,-0.005806733
7.9577813,-0.0067909546
7.851104,-0.006381603
7.2485476,0.060373068
7.20651,0.08366184
7.156403,0.07446656
6.911361,0.038569454
6.8413715,0.055490248
6.9247956,0.119534075
6.7426715,0.10711164
6.3610935,0.13272265
6.2353926,0.15836078
5.9979396,0.14749065
5.4835668,0.16354567
5.4343643,0.19033821
5.2436953,0.20190218
4.9139447,0.24141724
4.727269,0.2560896
4.3883505,0.2528125
4.093578,0.2716751
3.9617171,0.28978893
3.8010595,0.33568302
3.6962898,0.37597677
3.6952338,0.37522554
3.7485952,0.36062616
3.8701532,0.37689078
3.7483203,0.37561736
3.7622585,0.35090876
3.7005773,0.38487104
3.6075027,0.42895395
3.5820403,0.40247494
3.581254,0.4383989
3.6287212,0.45697963
3.5406044,0.46164095
3.473009,0.44896373
3.5317109,0.44769314
3.492098,0.44063574
3.4891617,0.39385495
3.6135368,0.38550523
3.7257338,0.36534303
3.8507147,0.36154935
3.9114134,0.3509573
4.015792,0.37131298
4.062832,0.35632446
4.221583,0.327836
4.322101,0.31452113
4.5106773,0.2865606
4.9515624,0.26573324
5.3598266,0.22637634
5.6898174,0.17218588
5.815603,0.20469506
6.2620044,0.19813202
6.279831,0.17333385
6.4984255,0.15653078
6.8441525,0.10171713
7.0569925,0.04883807
7.114892,0.016126825
7.271002,0.012622226
7.5377812,0.009439728
7.7232037,0.0015877858
8.06716,-0.006603455
8.074546,0.0057096723
8.029637,-0.002688922
8.748205,-0.023409044
9.5597725,-0.030757723
9.781262,-0.047387175
9.679389,-0.04176628
9.494484,-0.0358804
9.120609,-0.013488954
8.887691,-0.00021415018
9.427968,-0.0067824665
9.761408,-0.00036358833
9.683814,0.06380797
9.740829,0.090441346
9.712074,0.11162
9.901075,0.11150922
9.833027,0.0744089
9.749086,0.07776009
9.6806755,0.039724573
9.564821,0.019839173
9.735151,0.03543815
9.72904,-0.034752488
9.634081,-0.0165374
9.576995,0.0022358857
9.45867,0.034580387
9.366848,0.032026634
9.352096,0.037151933
9.305311,0.05458293
9.181082,0.057727635
9.045017,0.045526356
8.961693,0.033497863
8.62101,0.046850353
8.405138,0.04951475
8.397597,0.054297924
8.036646,0.06145452
7.9270144,0.058816627
7.6919346,0.059873305
7.5294523,0.0435704
7.006794,0.043583147
6.865941,0.055865318
6.5835266,0.080497295
6.156216,0.06264185
5.9306617,0.07534308
5.471137,0.07127666
5.379655,0.024972681
5.224213,0.05227363
5.204337,0.12133023
5.0375357,0.11087163
5.093568,0.121205
5.0186768,0.15060605
4.9005613,0.16499944
4.906694,0.16681847
4.9608293,0.15463929
4.8028464,0.2104
4.6697984,0.20953573
4.502909,0.18589756
4.378411,0.18686317
4.3856587,0.18647154
4.275477,0.21436149
4.489959,0.16685973
4.619927,0.16040917
4.5555687,0.18011728
4.5380793,0.19330433
4.552171,0.22244194
4.566608,0.2202897
4.6228967,0.20831202
5.1851788,0.18111677
5.25106,0.133882
5.6679845,0.09967968
6.3930783,0.02712584
6.158534,0.016937856
6.115634,0.04136083
6.099714,0.044898577
6.2275295,0.04086232
6.295837,0.06824932
5.8516645,0.08176732
6.3863115,0.060551442
6.3517075,0.06396302
6.279456,0.034648098
6.804761,0.019074706
7.002763,0.046891473
6.959982,0.05535406
6.8753357,0.0884728
7.3207884,0.1409166
7.5701714,0.16197743
7.6876993,0.14217977
7.8883963,0.16553497
7.93545,0.16796291
7.9207945,0.13310283
8.21999,0.14158091
8.313809,0.046064757
8.521704,-0.07109757
8.589575,-0.11823931
8.633448,-0.14301781
8.643679,-0.13121672
8.864456,-0.107717484
9.04545,-0.06882782
9.117463,-0.05121258
9.0776825,-0.012360789
9.348951,0.015788756
9.64945,0.019521507
9.981388,-0.05985821
9.973679,-0.09344709
10.213474,-0.10800493
10.56797,-0.11697221
10.88855,-0.11017862
10.856081,-0.104552805
10.653425,-0.09286431
10.581918,-0.109120384
10.632433,-0.12221946
10.650948,-0.12530957
10.784353,-0.10466615
10.782506,-0.10240094
10.880432,-0.10448946
10.710278,-0.109238714
10.640268,-0.10838822
10.517758,-0.10908888
10.477119,-0.112355515
10.191139,-0.11324336
10.147308,-0.11228746
9.996172,-0.10876553
9.97677,-0.10485233
10.070037,-0.096176386
9.963692,-0.093227126
9.871431,-0.090325914
9.721309,-0.08708545
9.471489,-0.08961742
9.2537365,-0.07640691
9.005871,-0.06550838
8.7124195,-0.06884238
8.333496,-0.07169138
8.040674,-0.06780034
7.9414864,-0.053107493
8.012033,-0.0896877
8.005082,-0.0750302
8.044912,-0.07616786
8.1073265,-0.08585406
8.045023,-0.07228801
7.9358635,-0.08398861
7.926589,-0.08951916
7.8621793,-0.11217433
7.922552,-0.11120881
7.9707656,-0.09034921
7.8709497,-0.10610062
7.849521,-0.12784624
7.9859896,-0.110649124
8.025275,-0.12591185
8.039661,-0.12779446
7.9128923,-0.11467825
7.9802065,-0.1028876
7.932066,-0.10259937
7.883106,-0.076040715
7.8839207,-0.08163858
7.788022,-0.074463055
7.818935,-0.06717731
7.8551183,-0.055579327
7.8823185,-0.04356256
7.9712505,-0.030331487
8.052168,-0.019411122
8.04998,-0.013849644
8.068314,-0.018889366
8.033604,-0.010140792
8.021596,-0.00712136
8.028846,0.0115960585
8.067804,0.016233683
8.21644,0.019140186
8.270962,0.008146525
8.395588,-0.0013953466
8.460879,-0.009049147
8.401806,-0.015774323
8.375103,-0.031213196
8.572233,-0.057136297
8.725545,-0.059616096
8.67808,-0.071081005
8.864868,-0.07308135
9.039341,-0.075484596
9.102144,-0.111015335
8.996391,-0.097123176
8.978764,-0.075417444
9.373002,-0.0767613
9.275167,-0.08065192
9.093798,-0.11637117
9.031067,-0.081611186
9.197235,-0.08735534
9.074668,-0.08155014
9.062518,-0.073451124
9.183716,-0.059013315
9.3208475,-0.052875347
9.042295,-0.048443824
9.070177,-0.051722668
8.882706,-0.04593733
8.725111,-0.043932997
8.744057,-0.03603968
8.606363,-0.02766545
8.382782,-0.02273755
8.428757,-0.023454024
8.377111,-0.026352992
8.314302,-0.022752551
8.267947,-0.032550745
8.400295,-0.03904835
8.354589,-0.031511486
8.483931,-0.032740444
8.192587,-0.02979376
8.10121,-0.030888198
8.0605755,-0.044478193
7.9508038,-0.047320947
8.0301075,-0.03771033
8.082515,-0.038937643
8.103865,-0.035894528
7.95957,-0.10176925
8.109708,-0.100380674
8.046705,-0.09059844
7.8320985,-0.11108804
7.829292,-0.0823315
8.019632,-0.033770464
7.885938,-0.035942554
7.857152,-0.046104603
7.8804584,-0.070211634
8.005214,-0.06973302
7.845831,-0.03826858
8.074053,-0.0020205695
8.058126,-0.022190241
8.140863,-0.025386369
8.290468,-0.029845772
8.563637,-0.029559707
8.413952,-0.045186333
8.446356,-0.04179351
8.33885,-0.05769883
8.266081,-0.07648431
8.3173065,-0.07846696
8.424339,-0.06052707
8.391649,-0.059520878
8.15377,-0.061788045
8.21766,-0.05785215
8.171166,-0.075211495
8.218149,-0.09472425
8.363426,-0.08803542
8.40173,-0.091971725
8.274268,-0.09887442
8.268986,-0.0911013
8.206504,-0.09222117
7.958178,-0.10410243
8.034959,-0.079574026
7.974029,-0.109329134
8.028603,-0.106723875
7.6906548,-0.097800024
7.674406,-0.10515993
7.2746124,-0.07949026
7.0281725,-0.004593013
7.0276318,0.017123584
6.896337,-0.0025281105
6.7058835,0.025357537
6.495211,-0.0032434892
6.2381554,-0.0058813896
5.8073964,-0.06332961
5.4296703,-0.08011834
5.1124935,-0.111876234
5.308235,-0.09811427
5.2382092,-0.08769505
4.7912273,-0.14867952
4.6688156,-0.20735858
4.5624967,-0.22513129
4.5910296,-0.21439046
4.474244,-0.22895437
4.408344,-0.23563375
4.3799205,-0.2475534
4.4429493,-0.23683138
4.452669,-0.22530122
4.50572,-0.24262659
4.2855887,-0.18832025
4.388344,-0.260994
4.4160433,-0.25299188
4.473531,-0.23387593
4.6400747,-0.24106814
4.9387646,-0.22602533
4.949885,-0.21002461
5.1482077,-0.18255506
5.335046,-0.18031274
5.327095,-0.17644998
5.636914,-0.16060182
5.8036156,-0.12347567
5.9965057,-0.10936259
6.058861,-0.09726676
5.9710603,-0.101555355
6.1015472,-0.100646004
6.4829893,-0.07287829
6.8283386,-0.05232487
6.6142454,-0.081908844
7.0389996,-0.071578264
7.3139944,-0.046559826
7.6419,-0.016933246
7.5242624,0.006157033
7.6565065,-0.011183947
7.6223626,-0.0036701355
7.9253187,-0.0012887586
8.023487,0.0047376864
8.286142,0.006217913
8.63973,0.0044344384
8.77574,0.0033532279
8.873847,0.0063567227
8.979895,0.0044826735
9.255705,-0.0011054203
9.638809,0.0047302004
9.544422,0.005610422
9.548049,0.006539802
9.497542,0.008333691
9.653755,0.009889495
9.784626,-0.00042637624
9.690981,-0.0011125449
9.734382,-0.017832248
9.863449,-0.04308199
9.804544,-0.07376052
9.672237,-0.07056243
9.9359045,-0.0644725
9.809491,-0.067289755
10.393629,-0.051572263
10.222254,-0.027963364
9.972697,-0.045935772
9.7556095,-0.021659585
9.73826,-0.026499243
9.380979,-0.040479295
9.374385,-0.007854456
9.383017,-0.012021862
8.9610195,0.032084633
9.042667,0.03323386
8.721046,0.027170548
8.659339,0.0042267796
8.615822,-0.030591054
8.255459,-0.06318015
7.483367,-0.09263276
7.2602386,-0.1972077
7.4037795,-0.12923422
7.409667,-0.043817535
7.1652217,-0.095683426
7.079237,-0.12236504
6.986049,-0.109297365
6.6157656,-0.018740313
6.4522924,-0.02536677
6.165801,-0.0018868037
6.1164556,0.019881077
6.3655386,0.00992075
6.3641796,-0.020984048
6.296894,-0.050775766
6.2457294,-0.09322456
6.326062,-0.062497124
6.214572,-0.042360097
6.299706,-0.04955069
6.5571203,-0.039234303
6.183034,-0.04331354
6.318874,-0.062897064
6.5907583,-0.123629615
6.2941546,-0.1886111
6.6579294,-0.13626727
6.960023,-0.12346284
6.783264,-0.15389723
6.5710917,-0.22891504
6.4817333,-0.2071007
6.5901365,-0.24428548
6.615307,-0.2694019
6.865955,-0.18303022
7.388467,-0.12119065
7.4839334,-0.11137827
7.507984,-0.11900784
7.6507716,-0.07539876
7.6362987,-0.030090308
7.76099,-0.0029982962
7.736348,-0.0069711413
7.630311,-0.013116797
7.979473,0.00041662715
8.306446,0.0012408709
9.008774,0.021668265
8.913212,0.0136395525
8.89867,-0.009221928
9.0003395,0.021623697
9.049591,0.025208423
9.204676,0.024050651
9.264028,0.02527017
9.190901,0.018503942
9.423923,0.024841253
9.396967,0.02767114
9.495741,0.024625441
9.327072,-0.005931128
9.549917,0.0023775138
9.689992,-0.002228951
9.846203,0.03141366
9.881613,0.03410373
9.78932,0.025234455
9.850065,0.019006897
10.0100155,0.018072564
10.022944,0.019038087
10.109934,0.021832809
10.150438,0.011229361
10.018951,0.024579162
10.054632,0.018571746
9.962183,0.0040151766
10.158565,-0.008308595
10.238459,-0.022194354
10.097887,-0.046264112
9.96743,-0.04141546
10.174665,-0.03552656
10.162575,-0.053673282
10.149229,-0.048125617
9.998159,-0.036615714
10.103516,-0.037738465
10.05508,-0.027478902
9.832191,-0.019190961
9.5782585,-0.004120214
9.595318,-0.0041582137
9.876438,0.0078000296
10.261239,0.003545533
10.219858,-0.0019427054
10.064927,0.03504595
10.281829,0.042925954
10.193657,0.037002392
10.348695,0.041750405
10.126699,0.029529825
10.157026,0.024075463
10.114156,0.00033834018
10.076767,0.0070833145
10.118105,-0.0054547004
10.060158,-0.010824366
10.000263,-0.008155115
9.900475,-0.004775852
9.910981,-0.0029931031
9.917556,-0.0077711046
9.956908,-0.0037216414
9.909471,-0.003529342
9.973614,-0.009406721
9.958584,-0.01924928
10.025849,-0.021766206
10.056627,-0.026352895
10.000857,-0.03147544
10.110752,-0.022304138
10.08235,-0.009580148
10.078999,-0.016610136
10.011665,-0.021651877
10.037758,-0.02534015
10.079697,-0.029585874
10.067797,-0.031031812
9.980572,-0.032192327
9.931449,-0.03348718
9.905375,-0.03213755
9.823006,-0.038692765
9.777496,-0.035555355
9.736919,-0.0333943
9.714628,-0.02203905
9.641923,-0.019892728
9.532541,-0.022230184
9.61533,-0.026938723
9.573622,-0.016491184
9.512482,-0.021605013
9.567738,-0.012770606
9.554834,-0.0031293482
9.457121,-0.008486742
9.345879,-0.0072277077
9.304353,0.0011223769
9.131278,-0.003635563
9.172125,-0.008698355
9.164518,-0.011837177
9.114267,-0.018403267
8.981742,-0.016230548
8.871763,-0.011855589
8.756121,-0.016698712
8.6495075,-0.020195054
8.319441,-0.013466189
8.108661,-0.017024199
7.9349165,-0.020461844
8.105124,-0.040197708
8.110303,-0.05933276
8.076269,-0.08611301
7.907267,-0.07745575
7.8814306,-0.057956822
7.641679,-0.017968712
7.5458107,-0.08056404
7.5289087,-0.068589315
7.605472,-0.08695243
7.590687,-0.06558042
7.234603,-0.07985209
7.1289835,-0.06179966
6.8169208,-0.020052416
6.823326,-0.03494589
6.3949137,-0.008395925
6.5076017,0.04540112
6.502346,0.04337892
6.1846046,0.02199939
5.9309254,0.011047047
6.1131744,0.019813491
6.049621,-0.05126609
5.772143,-0.025707657
5.7153473,-0.043307118
5.7980766,-0.096512206
5.752722,-0.104612544
5.6348825,-0.09167466
5.409402,0.00093796477
5.3485017,-0.03966575
5.1080832,-0.11003654
5.1616197,-0.13299246
5.3151007,-0.111384645
5.1815844,-0.11669974
5.159216,-0.1164674
5.275649,-0.11064048
5.2416754,-0.14280692
5.0385833,-0.2424723
4.9916887,-0.2276861
5.079694,-0.1388891
5.043908,-0.09455985
4.924042,-0.1420675
5.036867,-0.11572206
5.021656,-0.11011551
5.1421413,0.044032633
5.0360155,0.028406484
4.8933067,0.029863654
4.8788247,0.004650306
4.9280634,-0.039853252
4.9013243,0.028881207
4.7860403,0.1347934
4.8313413,0.105348244
4.869062,0.0769847
4.740324,0.11830023
4.918188,0.13500562
4.6988554,0.18023522
4.6951265,0.15257265
5.201947,0.108743444
4.894513,0.1160141
5.2517824,0.08305959
5.107957,0.07125775
5.044446,0.07029454
5.08642,0.0763789
4.948352,0.068246365
4.9092607,0.07277345
4.8205986,0.075782456
4.8524094,0.059342057
4.908733,0.06023252
4.9805636,0.053586483
5.020981,0.05951432
4.8303456,0.075498365
4.8922462,0.06676021
4.9027395,0.07108671
4.9663434,0.07597424
5.0200634,0.079616584
5.047478,0.075474665
5.030181,0.06711922
4.9725695,0.05745712
4.957231,0.06572121
5.0382943,0.06183313
5.1230063,0.0691836
5.088589,0.041823607
5.1283827,0.029166471
4.992703,0.028753255
4.921006,-0.0030893441
5.2781124,0.0045671556
5.3158827,-0.12275325
5.233263,-0.15162882
4.993364,-0.20968258
4.9202757,-0.23207131
4.7789445,-0.23379813
4.714291,-0.20506607
4.6922765,-0.24430667
4.6365337,-0.23175445
4.369473,-0.24137475
4.4375544,-0.1748542
4.23529,-0.19700015
3.947474,-0.29284373
3.7624521,-0.20634387
3.4869106,-0.2064674
3.3750503,-0.17591311
3.7236197,-0.1928053
3.499148,-0.19234735
3.4056208,-0.19159502
3.1820636,-0.21465173
3.1468694,-0.20086549
3.0579739,-0.23086525
3.0027466,-0.32881626
2.9515338,-0.38662457
3.0692704,-0.44501424
3.0469012,-0.43316486
2.9295402,-0.49645942
2.7677393,-0.52289444
2.7807555,-0.5064621
3.0684905,-0.43708995
3.375365,-0.33958122
3.0267432,-0.31904128
3.073546,-0.2890917
3.288851,-0.22497712
3.5874596,-0.15629394
3.7741885,-0.18077642
3.7658195,-0.24310876
3.747856,-0.26846406
3.7454305,-0.21484636
3.812626,-0.2025798
3.7355082,-0.14259015
3.934938,-0.07863955
4.018186,-0.09019251
4.0721107,-0.07891672
4.3842525,-0.0943411
4.603951,-0.048217922
4.9837675,-0.01222351
5.0292253,0.057913214
5.177107,0.12731662
5.316002,0.14479038
5.509716,0.13692382
5.8451147,0.10419393
6.2742786,0.02528152
6.604504,0.015001586
6.7907424,-0.027859112
7.0904655,-0.01740891
6.9245834,-0.019854726
7.5315113,-0.02131314
7.95536,-0.007833486
7.796816,0.0039753914
7.8950896,0.015410942
7.968056,0.010640462
7.9591384,0.019463528
8.133145,0.023238257
8.638791,0.016205627
8.715559,0.019550344
8.630948,0.010116909
8.588003,0.008395873
8.677853,0.0057947002
8.683826,0.005878331
8.709717,0.011952231
8.84034,0.01426422
8.889558,0.021742012
8.990332,0.024432313
9.422583,0.023967259
9.421423,0.024316302
9.153498,0.024466727
9.169713,0.020327702
9.397057,0.010827878
9.505941,0.010938984
9.714422,0.015224239
9.545443,0.03454251
9.539677,0.041233137
9.426832,0.048086576
9.277769,0.0707687
9.272427,0.073530175
9.223389,0.05512628
9.12736,0.049519837
9.042322,0.028210422
8.941664,0.045136556
8.917595,0.02967475
8.860748,0.052026026
8.799324,0.053411484
8.32715,0.048023924
8.301498,0.03406097
8.035145,0.01576741
7.5367413,0.028171249
7.320636,-0.0075581986
7.4766154,-0.055438295
7.1020184,-0.06364797
6.8271065,-0.10433967
6.577186,-0.104358524
6.460032,-0.08302289
6.3975945,-0.09212501
6.2727733,-0.107132986
6.021747,-0.124998495
5.8612866,-0.11991303
5.468445,-0.12955062
4.956858,-0.14793451
4.7489386,-0.08309003
4.7158303,-0.042281255
4.34252,0.0932905
4.2072935,0.15720342
4.050209,0.20552264
4.038734,0.18638845
3.985844,0.26151532
4.0168543,0.19866244
4.2544646,0.18441583
4.0441995,0.104578964
4.1308823,0.14473741
4.154304,0.20627297
4.0804596,0.31135073
3.908169,0.2911356
3.979919,0.33317912
4.256229,0.28443736
4.313775,0.2334025
4.36444,0.16696109
4.484073,0.1806007
4.610018,0.31270418
4.5939455,0.26933098
4.7084575,0.19895612
4.7632656,0.099892005
4.7152567,0.011757957
5.0177293,-0.060411908
5.3791547,-0.0786279
5.8800287,-0.12928604
5.7278285,-0.13823661
5.844187,-0.122733
5.7417393,-0.09677708
5.751328,-0.0948017
6.1416407,-0.1369292
6.344275,-0.12516919
6.621828,-0.09198439
6.6783085,-0.108348355
6.6875315,-0.097071745
7.400568,-0.070729524
7.3515263,-0.037104458
7.460447,-0.027684143
7.329894,-0.01620728
7.5588474,-0.03215947
7.7259655,-0.052015692
7.8048725,-0.058269866
8.4405155,-0.0627052
8.55121,-0.06641233
8.807411,-0.0853184
8.691867,-0.06872108
9.125512,-0.07606179
9.194836,-0.06750489
9.176775,-0.051665112
9.1111555,-0.047610007
9.25797,-0.055748202
9.389494,-0.04940036
9.500748,-0.05351858
9.684204,-0.054538324
9.902632,-0.0413315
10.16334,0.00036963448
9.846712,0.019905567
9.698042,0.012880603
9.802,0.010157982
10.13029,-0.003676474
10.242332,-0.010915477
9.782211,-0.0064181276
9.5371475,-0.002328761
9.492729,-0.0007315818
9.699207,-0.023390515
9.885292,-0.03025612
9.571425,-0.03440681
9.687141,-0.049483158
9.735758,-0.05129569
9.287527,-0.06669471
8.99581,-0.051222354
8.981813,-0.034605585
8.90248,-0.016539337
8.675314,-0.042239614
8.36879,-0.036274627
8.351646,-0.02318423
7.852313,-0.009046329
7.1830416,0.016915817
6.821331,0.013213243
6.5288653,-0.022772877
6.408273,0.012030806
6.3746014,0.06324808
5.5265384,0.072357744
5.5927134,0.05005358
5.466279,0.035624765
4.935363,0.037291814
4.9128504,0.013570689
4.9244547,0.049831808
4.654211,0.07565139
4.5473876,0.15738209
4.4604616,0.12626153
4.3367805,0.07262352
4.2401786,0.1975491
3.8894484,0.2844893
4.141798,0.25057018
4.110744,0.20778759
3.7717946,0.14027768
3.7856696,0.11623232
3.9602942,0.13599557
3.941185,0.10103945
3.8771343,0.08658615
3.9210393,0.08526773
3.7645745,0.06275531
3.706904,0.04501962
3.532977,0.022296146
3.5278318,-0.023619639
3.8545768,-0.0829526
4.1302347,-0.111742795
4.165898,-0.13913277
4.298778,-0.12737899
4.14189,-0.08283919
4.807853,-0.17426631
5.1358137,-0.18313089
4.928302,-0.19117571
5.24903,-0.004220022
5.2949657,-0.004995363
5.3680325,-0.079389974
5.5558887,0.010432025
5.367739,-0.0018660482
5.3714547,-0.079479806
5.6942463,-0.09467736
5.7121763,-0.052227348
6.070387,-0.03827612
6.3032155,-0.068065256
6.383031,-0.038002156
6.56027,-0.03013012
6.7845125,0.008685854
6.835192,0.025007855
6.879656,-0.0032951087
7.143305,0.010308802
7.442322,-0.1521503
7.530244,-0.24219377
7.5117207,-0.22238226
7.757744,-0.16050805
7.802061,-0.110682726
8.005558,-0.08806051
7.9660163,-0.13068315
7.9543853,-0.069278225
7.7695055,-0.036077328
7.9164567,0.0136678275
8.058435,0.014920016
8.103523,0.018721145
8.161058,0.033210397
7.984838,0.052986614
7.953345,0.063097864
8.264288,0.061960258
8.577557,0.068980545
8.708218,0.07740751
9.043827,0.06038668
8.879564,0.049073108
8.952506,0.012016052
9.077991,-0.02485014
9.195099,-0.06227392
9.247219,-0.07344635
9.327674,-0.10511898
9.333988,-0.105479956
9.325237,-0.064805955
9.182903,-0.0038659032
9.264854,0.009414284
9.340685,0.015564268
9.456223,0.0072492976
9.445053,-0.00077994727
9.258259,-0.018827071
9.151459,-0.007274596
9.034412,0.0077527836
8.981405,0.02187836
8.766092,0.019435426
8.705158,-0.0042996816
8.601286,-0.014223112
8.621246,-0.022119766
8.4215555,-0.026462255
8.4183445,-0.026416754
8.314132,-0.02994038
7.9656787,-0.03167613
7.7601423,-0.0061712936
8.10793,-0.017817477
7.719152,-0.017547516
7.9050164,-0.017480316
7.6779013,-0.0110839475
7.235826,0.026087428
7.0462275,0.04077339
6.9500866,0.032688037
6.2760954,0.07270971
5.4480314,0.12296524
5.194736,0.14348897
5.3094306,0.106981196
5.0739045,0.13012551
4.8161197,0.1250848
4.517624,0.16922788
4.5836067,0.14998017
4.5000486,0.20636037
4.153824,0.22512333
3.8333077,0.23505141
3.7505586,0.21590042
3.5621293,0.21318753
3.7456357,0.22660454
3.588953,0.27220398
3.046256,0.2863799
3.0676773,0.27760535
2.9134188,0.30730635
2.9020119,0.31567672
2.6952329,0.31378934
2.5606089,0.30192024
2.8728666,0.2171075
2.6538525,0.23909293
2.6394486,0.2641911
2.5223112,0.19434799
2.561399,0.20756498
2.4158535,0.19015622
2.405079,0.23211391
2.352437,0.24758348
2.3694694,0.26617378
2.4783878,0.29531544
2.3092275,0.25454777
2.4865038,0.1960482
2.709784,0.22108014
2.7789178,0.26818103
3.009436,0.3004513
2.9825592,0.2624321
3.237509,0.24969016
3.3996158,0.2722783
3.3075929,0.35621065
3.4862995,0.31763303
3.6536403,0.23162735
3.4381912,0.21780649
3.3823555,0.16111583
3.629949,0.09840791
3.8051486,0.106077045
4.0937343,0.055956468
4.723961,0.044084817
5.1600046,0.051716812
5.410772,0.023926364
5.3391695,0.07584956
5.5368958,0.08295706
5.779169,0.09033054
6.0620337,0.087161794
6.0446444,0.08209862
6.185445,0.108374976
6.166566,0.094640784
6.144766,0.09222415
6.0889587,0.10419593
6.164955,0.112255454
6.13325,0.1317269
6.0868664,0.13205229
6.072442,0.14001064
5.923078,0.106811136
5.9059696,0.07188799
5.7108555,0.026146436
5.708644,0.0005028043
5.7578645,-0.0060873535
5.633523,-0.032804288
5.6122465,0.022963578
5.606204,0.04416737
5.522138,0.026344595
5.5684853,0.02272225
5.5380044,0.044134855
5.8168197,0.04800731
5.9106884,0.06814199
6.093486,0.08498623
6.136301,0.09101549
5.8814664,0.089122996
6.2161293,0.101144925
6.1460075,0.06693036
6.5345516,-0.012663731
7.0963483,-0.019333689
7.082477,0.07269654
7.3806715,0.09625602
7.236154,0.13269974
7.393914,0.11984212
7.7449694,0.06691614
7.697648,0.06355287
7.7432327,0.041587986
7.9400096,0.04070571
7.989927,0.03026648
8.150357,0.050514363
8.182715,0.021930385
8.37232,0.01319241
8.533556,0.005702777
8.53004,-0.0010347124
8.788722,0.01121414
8.994197,0.01407705
9.071923,0.037204385
9.1942625,0.024428643
9.331879,0.014060929
9.419061,0.00960164
9.239363,0.0047179274
9.507058,-0.021967458
9.807417,0.011631712
10.0763035,0.013845598
9.903177,0.031469457
9.991601,0.017998604
9.848038,0.05507423
10.6214485,0.04411143
10.5424595,0.039725404
10.38155,0.042626202
10.352819,0.054691814
10.352808,0.046353158
10.560242,0.060660765
10.496054,0.036810406
10.672281,0.031426
10.539451,0.046237715
10.6750965,0.059930265
10.890884,0.06756354
10.768334,0.07957723
10.788381,0.0451222
10.914602,0.04942295
10.815987,0.035834525
10.64425,0.044646446
10.499908,0.02442481
10.805639,0.05778025
11.041462,0.017316515
11.090385,0.028780334
11.2153225,0.013076717
11.427298,0.05946955
11.194698,0.0407042
11.07986,0.010545434
11.5209255,0.0016024541
11.648063,0.0029949248
11.505257,-0.012867898
11.520212,-0.01713395
11.308359,-0.0046769287
11.896143,0.0310545
11.87244,0.040958658
11.551397,0.05037333
11.745895,0.056734495
11.991386,0.08342934
12.112762,0.08104305
12.3171215,0.030405635
12.432234,0.091560714
12.180946,0.099133
12.348654,0.11081417
12.264151,0.093770266
12.170284,0.058794335
12.291502,0.06611433
12.264832,0.08166696
12.595341,0.087747954
12.824129,0.07223389
12.934635,0.06791563
12.517443,0.073342726
12.381994,0.09395529
12.433573,0.08385469
12.158321,0.08875196
12.2499695,0.06204252
12.466909,0.052995577
12.644318,0.045928366
12.345636,0.069372825
12.549288,0.06894673
12.20742,0.079844065
12.141693,0.088979155
12.799938,0.06420305
12.663689,0.055545375
12.612656,0.077475205
12.481215,0.07002186
12.546539,0.07773287
12.31642,0.106111065
12.371038,0.15695545
12.40324,0.22627182
12.408716,0.19506942
12.584576,0.1936769
12.489561,0.14811265
12.401501,0.14166482
12.412849,0.11297176
12.424082,0.09566497
12.66678,0.07835428
12.095371,0.060600936
12.183779,0.046880968
12.04192,0.037083097
12.179419,0.025201302
11.806299,0.017877826
11.996044,0.0069113756
11.630508,0.0010070475
11.560808,0.010644371
11.468438,0.017594295
11.370466,0.030448336
11.492325,0.04359553
11.231716,0.055784725
11.276569,0.038239785
11.108599,0.03878075
11.2396145,0.0633349
11.035015,0.06712519
11.119658,0.054497838
10.968971,0.031962927
10.831291,0.034829706
10.873294,0.0032407092
10.832214,-0.03518211
10.964364,-0.025645422
10.996958,-0.016713092
10.716012,-0.05534699
10.4929,-0.07850141
10.316312,-0.084296525
10.173702,-0.1150752
10.050058,-0.112809286
9.83049,-0.1006734
9.546898,-0.088608
9.408388,-0.093581535
9.085054,-0.15147385
8.903829,-0.20514062
8.675426,-0.16274379
8.575567,-0.15151913
8.537055,-0.19682217
8.457872,-0.19196472
8.214053,-0.20167448
8.320789,-0.21371907
7.9517965,-0.20269209
7.562711,-0.19036457
7.3936443,-0.16539243
7.209818,-0.1077514
6.837281,-0.07834814
6.259096,-0.021876542
6.5208445,-0.021608511
6.4148374,-0.021708852
5.972252,-0.06050977
5.426743,-0.060042262
5.3718443,-0.042420827
5.3805428,-0.04521761
5.2440443,-0.023794571
5.351841,-0.009155383
4.4600987,0.0042777583
4.464404,-0.015441677
4.362756,-0.040365048
4.249267,-0.043329217
3.874846,0.0015447289
3.5990605,0.013763911
3.5074553,0.071527764
3.6037645,0.1269587
3.5678043,0.15206589
3.479724,0.22401404
3.1192167,0.2678082
2.8311725,0.2654411
2.661972,0.27254307
2.6522443,0.268917
2.5723314,0.25397745
2.6952336,0.27892897
2.5759182,0.24891849
2.569906,0.26041332
2.5328565,0.28661835
2.5806675,0.32764766
2.6069598,0.3586472
2.4066272,0.3837005
2.1473622,0.38828892
2.0191488,0.42601866
2.7166798,0.45325252
2.829392,0.5466939
2.7548647,0.5833564
3.0375075,0.45611638
3.3858721,0.368799
3.246817,0.32068753
3.395114,0.26464242
3.6792324,0.15760629
4.067646,0.16711219
4.413774,0.10125673
4.7834644,0.11405323
5.2692842,0.17274626
5.48096,0.2175181
5.288888,0.22034071
5.4198236,0.17402808
5.544943,0.17956652
5.7186975,0.24154526
6.038165,0.27043283
6.618289,0.3046757
7.0545387,0.22208296
7.331105,0.03541611
7.7619386,-0.10732633
8.055546,-0.15723744
7.7762933,-0.17389707
7.945062,-0.17167868
8.102974,-0.12577046
8.687517,-0.07636424
9.100958,-0.04425151
9.386404,-0.04351975
9.640991,-0.022781381
10.035459,-0.023961326
10.289436,-0.017426768
10.330217,-0.011056144
10.391537,-0.00363053
10.343113,-0.00063580275
10.276039,0.0015915204
10.409623,0.0070230477
10.255041,0.0034079775
10.38374,0.022181543
10.484642,0.024294132
10.432867,0.014177702
10.401089,0.020657262
10.366704,0.05204738
10.419586,0.06564228
10.476969,0.0754447
10.524706,0.08084015
10.568064,0.09477041
10.513754,0.08941706
10.394018,0.056557424
10.426748,0.06628546
10.383644,0.059435368
10.211044,0.048046194
10.419386,0.07411016
10.215036,0.07044756
10.282108,0.078400455
10.104622,0.06327372
9.861965,0.038114667
9.708053,0.028513672
9.55871,0.02792445
9.638054,0.0124892015
9.258623,0.014682554
9.175849,0.016615909
9.001781,-0.0035535488
8.704784,0.017863603
8.380106,0.0032227514
7.980231,0.0067697195
7.687454,0.009187197
7.547303,0.030654754
7.5166216,0.020769618
7.274126,0.013905993
6.787337,0.019952755
6.413745,0.018226743
6.139292,0.008919807
5.9500785,0.011903597
5.5618057,-0.0111692045
5.2376823,-0.09887777
4.9539723,-0.12120299
4.8860555,-0.13070782
4.811591,-0.16487697
4.6597366,-0.18638867
4.4534235,-0.2529762
4.1013365,-0.31490943
3.8473463,-0.33822066
3.6765914,-0.38157982
3.4067402,-0.4415605
3.4524517,-0.43245122
3.4029179,-0.40349644
2.7399373,-0.41896033
2.582248,-0.4037641
2.807629,-0.3716161
2.756587,-0.33339682
2.5886545,-0.31778318
2.3907588,-0.34361643
1.9581926,-0.3649711
1.8814256,-0.37427709
1.733427,-0.35620365
1.4521942,-0.362149
1.2760277,-0.30173987
1.3612084,-0.2797747
1.5700936,-0.21918929
1.7131763,-0.17603531
1.8987467,-0.17937507
2.0407395,-0.22110513
1.8186095,-0.26278627
1.7031851,-0.28759003
1.537914,-0.22092351
2.3143647,-0.16305044
2.3314757,-0.20392692
1.8902206,-0.1269098
1.9701394,-0.15097468
1.6893172,-0.028948916
1.5813043,-0.16515137
1.7662141,-0.22128774
2.0704737,-0.14432497
2.2165585,-0.13035782
2.0552623,-0.035352603
1.7411072,-0.031260982
2.0212135,-0.10746734
2.1359146,-0.063225254
2.2657819,-0.05296962
2.0866952,-0.041673437
1.8445479,-0.053186253
1.7811592,-0.07358168
1.8859522,-0.060689464
1.9931273,-0.058963224
2.1269126,-0.08326803
2.255599,-0.054399624
2.4159784,-0.06861295
2.4807084,-0.05948837
2.5197968,0.0069527198
2.665985,0.031706646
2.804162,0.09268938
3.0827804,0.15268542
3.1560278,0.15365075
3.2673154,0.13147826
3.3542671,0.11670886
3.5803697,0.14756353
3.7481499,0.13496497
3.1864357,0.111762464
3.480897,0.065769866
3.331904,0.015941055
3.6210442,-0.03407505
3.5582263,-0.031944193
3.3943367,-0.078921914
3.3797798,-0.04980558
3.2514837,-0.03884004
3.570862,-0.0010334384
3.6894147,0.034611106
3.551283,0.12248182
3.6237845,0.054539412
3.4289415,0.09868881
3.560851,0.057198144
3.8709404,0.009937743
4.365059,0.030357467
4.5751047,0.04360131
4.5399046,0.010679849
4.4767365,0.013728388
4.371925,0.05470068
4.444975,0.04467214
4.3685355,0.06419512
4.52827,0.03202606
4.822666,0.05882012
4.8260164,0.06925231
4.86429,0.07982386
4.92659,0.043700576
5.153407,0.033912785
5.1274567,0.043060064
5.3035936,0.029305525
5.3823676,0.023464229
5.89647,0.004046755
6.1383915,0.0031080022
6.093164,0.005128436
6.277231,-0.03490197
6.222533,-0.046889506
6.278759,-0.07114503
6.6925983,-0.06630449
6.6811686,-0.053792745
6.546434,-0.037463054
6.6188707,-0.030004522
6.942869,-0.03797824
6.887126,-0.036515117
6.8825283,-0.020670349
7.089119,0.014696376
7.0079584,0.017794464
6.878582,0.030688876
6.760435,0.052141912
6.940669,0.08115816
6.9837475,0.07965776
7.090461,0.027909884
6.8869934,0.0021630544
6.86438,0.011954481
7.0005827,0.02838857
6.95041,0.045034714
6.9374046,0.048363283
6.778665,0.039013915
6.8612943,-0.011435995
6.7672215,0.051391877
6.727061,0.04815299
6.754717,0.07362161
6.8128743,0.07287295
6.7484245,0.076976515
6.7137413,0.08044985
6.647838,0.079200834
6.5660696,0.066507295
6.6493144,0.05127231
6.570532,0.03414166
6.5727634,0.015943827
6.5685954,0.01780173
6.670062,0.034104466
6.6755824,0.038207266
6.4888926,0.043060876
6.489424,0.030294633
6.5592527,0.018308477
6.5105586,0.006881306
6.5726643,-0.0002834089
6.5104713,0.007088626
6.433481,0.0122338515
6.404925,0.030637838
6.4499683,0.0362631
6.5060205,0.020505952
6.5369573,0.022786153
6.479354,0.020934774
6.346832,0.01999751
6.2984257,0.030938929
6.472006,0.021316083
6.4456015,0.017889528
6.3928766,0.018888364
6.492035,0.015316529
6.6728234,0.009447014
6.3903446,0.007980416
6.308297,0.007855179
6.2237988,0.012682667
6.300642,0.012841707
6.3145537,0.023471268
6.3757057,0.01521376
6.2911406,0.042520612
6.2918596,0.042624723
6.367484,0.035530142
6.4173717,0.045767974
6.4573727,0.046139155
6.471919,0.038195953
6.463043,0.03158062
6.317855,0.052407607
6.33127,0.04666169
6.4643507,0.030536152
6.4082513,0.009570451
6.4384604,0.017457506
6.352108,0.023274653
6.3604274,0.033412535
6.5525727,0.05100914
6.620371,0.058490127
6.5045013,0.043245964
6.3460236,0.044436187
6.2913613,0.037912086
6.3222556,0.028597495
6.2013216,0.027282683
6.0948167,0.017965032
6.095438,0.007978557
6.1996255,0.018045222
6.2466307,0.008239377
6.2113156,-0.007341642
6.262744,-0.015397897
6.8158765,-0.0020063762
6.317256,0.018123185
6.499737,0.018235961
6.2039943,0.0037637334
6.5159426,-0.0036025848
6.374072,0.007964039
6.421182,-0.016331183
6.505598,-0.00804688
6.6116476,0.02491462
6.4933414,0.013553144
6.4938436,0.00946104
6.557718,-0.008788515
6.409089,-0.0017246306
6.3384933,0.012811162
6.408634,0.031697728
6.513569,0.04073616
6.53897,0.044889703
6.199777,0.04450739
6.108424,0.027494872
5.746953,-0.0043782946
5.8140483,-0.026519755
5.8831983,0.01780827
5.8406334,0.03951212
6.0091243,0.054347225
5.962425,0.047747456
5.7779827,0.06943706
5.4213705,0.10122657
5.1064186,0.14146122
4.572667,0.12312177
4.6419845,0.14895001
4.4072123,0.13437933
3.9399827,0.18143782
3.9398391,0.15143952
3.7621205,0.07005691
3.6317992,0.08724949
3.505145,0.11168662
3.4966304,0.101389095
3.255433,0.10915262
3.187258,0.17441703
3.1289942,0.1933692
2.9022202,0.18742774
2.5140362,0.19043764
2.226571,0.22220148
2.3855224,0.28142858
2.0671098,0.28295583
1.7382405,0.25855467
1.4672267,0.2712254
1.3823326,0.2231608
1.2751346,0.16905098
1.3893752,0.16565248
1.2805841,0.20078641
1.3332989,0.24002302
1.2632201,0.26788455
1.4667807,0.29055393
0.7741165,0.31910497
0.41082096,0.36359435
1.073678,0.3681226
1.0885954,0.37586546
1.2371719,0.39815688
1.3889699,0.3585163
1.5452514,0.40047336
1.5308735,0.34436077
1.5724144,0.33056954
1.6260066,0.40237272
1.5798991,0.5069135
1.3685532,0.49116516
1.8315376,0.404985
1.8645185,0.430943
2.1786206,0.35548407
2.2085297,0.32767737
2.1496232,0.34082475
2.0779908,0.32115293
2.0024645,0.40191755
2.2811036,0.37814182
2.3360558,0.41362906
2.434558,0.36188984
2.5148776,0.2904547
2.6992402,0.289064
2.8475103,0.27742094
3.0057774,0.26695627
2.7082992,0.3003953
3.0505943,0.25655422
3.364905,0.23056908
3.4773233,0.12437181
3.6979153,0.097472966
3.8120162,0.056194335
4.148317,0.037827812
4.3622336,-0.006708322
4.394612,0.00047444738
4.7829676,0.012403976
4.9807634,0.03282274
5.1439996,-0.007226005
5.132727,-0.025025496
5.0273356,-0.0102634225
5.5824223,-0.030551402
6.202364,0.0090486
6.5464907,0.030880189
6.6012516,0.020453377
6.723877,0.0074827317
6.893198,0.026159825
6.9085608,0.01422984
6.990944,0.013889154
7.161276,0.038858496
7.5289946,0.07930324
7.9792943,0.093355775
8.013393,0.107076794
8.11096,0.090377666
8.547195,0.08672795
8.449598,0.10767238
8.387598,0.09219107
8.340057,0.094721265
8.711395,0.08753296
8.3859005,0.07950709
8.783012,0.06704691
8.936274,0.047343634
8.938362,0.04649401
8.893717,0.05024389
8.819602,0.028974993
8.954031,0.021803882
8.868046,0.055638984
8.727373,0.060599335
8.460341,0.0676772
8.772572,0.049223177
8.507406,0.046432078
8.527384,0.022555297
8.44746,0.0033749267
8.404354,-0.00082070194
8.305059,-0.008444719
8.416422,-0.008788528
8.512035,-0.022806281
8.374171,-0.020769184
8.314997,0.005366251
8.542923,0.01872536
8.691466,0.031856403
8.249038,0.029697267
8.15389,0.008696564
7.974197,0.0032253684
7.9248805,-0.0017161947
7.8073883,0.017197153
7.544842,0.03881271
7.3535724,0.03785822
6.8542604,0.056001678
6.568922,0.06475435
6.479925,0.08360682
6.6167936,0.111084506
6.375695,0.107670076
6.1486807,0.18001173
5.564186,0.20701626
4.6688004,0.14938273
4.3647428,0.11189102
4.2625117,0.11734796
4.1753554,0.10642042
4.144983,0.10442489
3.960547,0.09596025
3.6954474,0.08161484
3.376946,0.09622356
3.2156906,0.09711412
3.1730084,0.0937792
2.8462677,0.1149816
2.5038733,0.10455784
2.575717,0.091610774
2.8700724,0.049452305
2.7485929,0.0024877992
2.650682,-0.010439908
2.4705396,0.0027758647
2.3580086,-0.0013837051
2.2491767,0.03906621
2.2496822,0.04817363
2.1946259,0.03977108
2.205,0.038644783
2.0882466,0.0058103073
2.1780853,-0.035173588
2.158679,-0.041763857
2.2666087,-0.06367117
2.208878,-0.09034313
2.3245096,-0.07444139
2.416803,-0.07286447
2.8136349,-0.05658128
2.9899633,-0.051133186
3.0677853,-0.04052095
3.1432157,-0.05321534
3.3390071,-0.025696592
3.614352,0.011281425
3.8367946,0.025641162
4.0287237,0.0126411505
4.3581953,0.0053018695
4.5197206,-0.040343523
4.5075893,-0.045875117
4.4514065,-0.031781174
4.450574,-0.014539424
4.3946986,0.007091888
4.5709352,-0.0030087978
5.2281103,-0.02908857
5.4508915,-0.11024676
5.812844,-0.16350794
5.8663154,-0.10392274
6.002474,-0.14876474
6.262805,-0.23848702
6.2639904,-0.2285349
6.3732853,-0.26207146
6.767483,-0.25182426
6.8296413,-0.02413374
6.930567,0.031181516
7.258276,0.11716664
7.410475,0.13782418
7.6044827,0.11910453
7.5507407,0.056386307
7.7712708,-0.011001481
7.760148,-0.045507453
8.335104,-0.038236648
8.299107,-0.028127974
8.345036,-0.08108467
8.429073,-0.088563114
8.49432,-0.12751031
8.586526,-0.13877665
8.6964035,-0.15152994
8.820848,-0.14470457
8.816427,-0.09240803
8.789366,-0.05086916
8.944113,-0.029932523
8.863522,-0.027050046
8.804531,-0.014506167
8.543789,0.016514422
8.3791685,-0.04653094
8.243137,-0.06258287
8.259499,-0.079216816
8.278557,-0.16478577
8.788859,-0.089679435
8.8773155,-0.123349145
8.731553,-0.122767955
8.185105,-0.13283725
8.217649,-0.12981807
8.277599,-0.1496848
7.950797,-0.07240985
8.0296955,-0.054254152
8.098913,0.0010983255
7.954924,-0.040735587
7.629448,-0.08016772
7.2173533,-0.0065721236
7.5241747,0.03444832
6.9336653,0.04330963
6.50036,0.025577674
6.2161684,0.032257304
5.965625,0.119467504
5.779914,0.23853984
5.6152472,0.21240933
5.8496003,0.054077424
5.6254544,0.029734898
5.505821,-0.0048393253
5.3495755,-0.048226327
5.319825,-0.0802681
5.3075438,-0.06271462
5.1634493,-0.105364844
5.035562,-0.1458554
5.007517,-0.11639136
5.0799212,-0.08293748
5.1397905,-0.05592165
5.004168,-0.08718166
4.8418493,-0.0365521
4.914235,-0.00018340163
4.9921417,0.0082059875
4.992681,0.012155212
4.916793,-0.06126354
4.584276,-0.09879715
4.4249487,-0.06212391
4.224483,-0.20069358
4.1893716,-0.17871156
4.239677,-0.16131517
4.021923,-0.16968986
4.2074585,-0.13382387
4.2876697,-0.0810656
4.3102083,-0.100237
4.2363405,-0.050056204
4.059706,-0.05934435
3.9335868,-0.12200871
4.022308,-0.07867293
3.8830001,-0.10810491
3.6714208,-0.06567147
3.6591482,0.013324812
3.9304612,0.039716695
4.0051694,0.044452526
3.9763834,0.05593078
3.7694314,0.052499883
3.8306832,0.08065844
4.013547,0.10473168
3.970573,0.056636475
4.038545,0.025868006
3.9783463,0.01656875
4.846674,0.058063634
5.1589756,0.05200597
5.26417,0.061867975
5.328846,0.07045622
5.3337603,0.08405693
5.2467074,0.07490896
5.393647,0.08596456
5.5086412,0.0675492
5.6204586,0.057919174
5.616204,0.07034292
5.738722,0.05806241
5.986409,0.07525794
6.416229,0.048431695
6.4722643,0.05898577
6.463166,0.08162475
6.632516,0.06783588
6.812607,0.03139538
7.11342,0.019014105
6.895417,0.020456417
7.1330023,0.056899287
6.41414,0.15128043
6.7049,0.090032585
6.663658,0.09809397
6.9206524,0.09815571
7.351135,0.0116797825
7.626162,0.0107532
7.4771247,0.0251022
7.680302,0.023398062
7.6449537,0.034334153
8.057529,0.05738499
8.091448,0.072227664
8.141235,0.07337197
8.047945,0.065945916
8.346487,0.010554488
8.560755,0.0046084467
8.859247,-0.013538359
8.814345,-0.0047282185
8.409948,-0.032546483
8.199123,-0.059903637
8.422136,-0.049661443
8.469301,-0.017320814
8.466274,0.019575445
8.483587,0.029678306
8.417869,0.010237839
8.340703,0.0031239353
8.371681,0.023412636
8.427549,0.040124103
8.273443,0.026051827
8.42084,-0.00521734
8.452985,0.020806525
8.366007,-0.004779497
8.383688,-0.020597326
8.441961,-0.003874937
8.377756,0.016094008
8.478903,0.029177517
8.289715,0.037526928
7.821825,0.03272728
7.463047,0.06554861
7.4024425,0.04757271
7.1869097,0.028624035
7.070588,0.03536695
6.780164,0.035703264
6.7505255,0.03930365
6.317487,0.037651815
6.195163,0.069070235
6.1787233,0.0871666
6.2133265,0.10880936
5.6462526,0.051918633
5.4319024,0.035586044
5.6131673,0.07251834
5.408346,0.09501387
5.340338,0.08473009
5.2191577,0.087834656
5.2807055,0.046695873
5.0095377,-0.051222235
4.8056874,-0.04766903
4.77219,0.0128009645
4.781426,-0.11359857
4.274566,-0.29862684
3.979962,-0.3502153
4.004666,-0.24743317
3.686792,-0.24514319
3.284834,-0.25007474
3.1699376,-0.2787507
3.2877848,-0.20304532
3.1899745,-0.15441571
3.0057793,-0.22246967
2.9056444,-0.22136389
3.0434115,-0.23804106
3.3215604,-0.1254542
2.99535,-0.11589651
2.7899404,-0.068785526
2.6833618,-0.05962625
2.6663682,-0.03566891
2.5256724,-0.025343703
2.4052904,-0.03675867
2.270603,-0.05796355
2.3136113,-0.022429233
2.243734,-0.039309658
2.341828,-0.031143008
2.5674343,-0.033621408
2.4801896,-0.04229147
2.3378818,-0.060057513
2.365673,-0.043388806
2.492386,-0.036090687
2.5687,-0.052343547
2.7041767,-0.050488524
2.8646836,-0.024524821
2.7051208,-0.03663622
2.510272,-0.0119276345
2.7678633,-0.034315646
2.4724836,0.03972526
2.120318,0.06942514
2.0223296,0.06755373
1.9667268,0.07668542
1.8799804,0.093278416
1.7754583,0.093406305
1.8987724,0.09457862
1.8246976,0.07421788
1.8949096,0.079300396
1.9256839,0.11667817
1.8334643,0.15290782
1.7689428,0.13032442
1.8521912,0.13520601
1.8269157,0.13565886
1.763938,0.12721457
1.6661127,0.13203864
1.6272392,0.16961321
1.7412767,0.13590395
1.9309316,0.12293112
2.0718124,0.10270849
2.272331,0.08615297
2.3607159,0.046800777
2.3431835,0.03905826
2.466187,0.02975199
2.5633614,0.02832128
2.4494545,0.02701237
2.2744548,0.054823086
2.595255,0.0005674111
2.7064126,-0.047558285
2.8265047,-0.0501656
2.9083529,-0.07257076
2.7966623,-0.08320442
2.9193673,-0.08804941
3.1214714,-0.0692063
3.278797,-0.070380256
3.5498319,-0.08551449
3.4713616,-0.07697217
3.4303536,-0.080758765
3.43195,-0.08997993
3.5294895,-0.09107631
3.51636,-0.08959763
3.765163,-0.08387766
4.4641857,-0.09460773
4.110563,-0.083626494
4.3593397,-0.07632629
4.426236,-0.08945433
4.48782,-0.074687205
4.565954,-0.04381495
4.8537965,-0.047785476
4.9435606,-0.044934936
5.2538595,-0.03696277
5.4101963,-0.043004453
5.5899444,-0.05365038
5.756209,-0.04388906
6.0405407,-0.037977815
6.3606415,-0.01721404
6.407855,-0.014752826
6.5763063,-0.027001945
6.8825493,-0.03596142
7.237276,-0.03555254
7.3924236,-0.035229385
7.671488,-0.03967741
7.719107,-0.04689735
7.9313917,-0.04561366
8.155092,-0.03285875
8.5273,-0.031862207
8.479431,-0.031881034
8.494499,-0.03287962
8.491455,-0.016015248
8.796133,-0.039620727
8.917437,-0.06500668
8.992865,-0.08840245
8.855497,-0.08483215
8.902216,-0.040645137
9.025873,-0.0332452
9.366127,-0.061290503
9.265187,-0.062271327
9.361912,-0.030969402
8.975813,-0.03657116
9.171133,0.0023091827
9.186638,0.00071116537
9.362841,0.031645708
9.463806,0.027162498
9.40061,0.026286064
9.304281,0.017646678
9.18042,0.004903486
9.523344,0.013848664
9.910643,0.047828533
9.751618,0.024707561
9.854757,0.059031285
9.830708,0.033557177
9.532595,0.014281898
9.44268,0.011797247
9.479597,0.026722305
9.631819,0.03142824
9.507713,0.04050853
9.359528,0.02277001
9.1311,0.019865189
9.197251,0.02575612
8.900326,0.025896017
8.705593,-0.003549032
8.421011,-0.02139694
8.505539,0.014955624
8.23983,0.023257956
7.7481337,0.017933156
7.569912,-0.008593364
7.6668534,0.052937068
7.1870856,0.027997088
6.7656226,-0.1025485
6.5759172,-0.05038677
5.9704823,-0.06784491
5.8163323,-0.097934544
5.940535,-0.037891835
5.7413425,-0.0333108
4.7968593,-0.07475196
4.170221,-0.07710188
3.8743353,-0.06766054
3.8933623,-0.0620377
3.8582354,-0.06521401
3.8507996,-0.09273122
3.948124,-0.111315176
3.6375926,-0.15408799
3.4674313,-0.2009667
3.4851594,-0.1874909
3.3956861,-0.21904041
3.2629166,-0.24138467
3.188315,-0.21196969
3.2338266,-0.2410158
3.2453773,-0.23486085
3.2157311,-0.26041862
3.0759442,-0.32421586
3.0267394,-0.37972903
2.9594743,-0.42566156
2.9773445,-0.43399322
3.0231032,-0.48490387
3.082329,-0.46834004
3.1134863,-0.4278273
3.112687,-0.45433855
3.1495912,-0.45873842
3.1556916,-0.44157815
3.2450829,-0.3849731
3.374112,-0.35617268
3.53296,-0.37094545
3.880352,-0.3898012
4.3049464,-0.31986475
4.5873322,-0.30596435
4.859048,-0.26100653
5.0927057,-0.27198592
5.080302,-0.20811746
5.155773,-0.18264125
5.3931007,-0.16162421
5.511996,-0.14724122
5.777275,-0.17768095
5.989089,-0.13596992
6.2055297,-0.13892826
6.3119383,-0.14385572
6.554726,-0.13892817
6.902726,-0.10173814
7.241844,-0.090086676
7.6035147,-0.058395714
7.484227,-0.062649354
7.110589,-0.07072726
7.4589796,-0.0545578
7.5739765,-0.01972284
7.752057,0.016994195
7.9639564,0.021157177
8.182947,0.046398975
8.344233,0.07616355
8.538693,0.09764514
8.739328,0.10580572
8.752579,0.1167641
8.771099,0.12162565
8.640778,0.11461429
8.914587,0.121708676
9.136,0.1207268
9.395994,0.10185199
9.587732,0.06514125
9.846837,0.060259208
10.372732,0.032120667
10.393112,0.032755345
10.123848,0.017973762
10.408758,0.026303347
10.191516,0.035632752
9.996803,0.030187
10.110143,0.038319383
10.215525,0.039142683
10.327696,0.035673592
10.4393,0.033216704
10.503919,0.03197749
10.536057,0.03248245
10.557926,0.036212016
10.678345,0.036518183
10.710027,0.030695155
10.742342,0.03395646
10.808381,0.029825732
10.931402,0.034218807
10.946556,0.03640381
10.908912,0.03593485
11.0856695,0.033079874
11.012423,0.02421651
11.007061,0.02862171
11.242897,0.031453993
11.240334,0.024345059
11.324287,0.018337771
11.361949,0.02270028
11.252413,0.014010422
11.070316,0.0059459927
11.222757,0.013848885
11.2953,0.011396089
11.228669,0.013804452
11.309011,0.024420494
11.243002,0.02159613
11.245157,0.024018481
11.056528,0.0046680933
11.222072,-0.0038819555
11.565941,-0.01581792
11.279549,-0.018422605
11.0969095,-0.0036261622
10.931412,-0.022641188
11.225075,0.011157725
11.53932,0.030898903
11.775654,0.039723586
11.567328,0.046455905
11.620467,0.04630042
11.841791,0.046132077
11.888828,0.051016882
11.732746,0.04191336
11.5540695,0.03671088
11.6476755,0.043702103
11.673878,0.039442495
11.627985,0.04737719
11.620158,0.038491152
11.549192,0.03148505
11.365229,0.029025547
11.477495,0.034726128
11.435803,0.029349118
11.407045,0.03569805
11.241268,0.022676218
11.142289,0.017926661
11.089431,0.022242904
11.112691,0.015347075
11.032333,0.0030592103
11.145823,0.020409731
11.06228,0.02925818
10.934255,0.016063793
10.998562,0.020034151
11.034477,0.022266354
11.28649,-0.0062911697
11.206688,0.0033790004
11.041824,8.620694e-05
10.799799,-0.024331795
10.856787,-0.023509385
11.062227,-0.03507381
11.113426,-0.023008442
11.324967,-0.05504801
11.296059,-0.015311131
10.903582,-0.019218767
11.058672,-0.023415418
10.91493,-0.021149242
10.957854,-0.019855967
11.017115,-0.019280134
10.929829,-0.02111044
11.011134,-0.021053618
10.91278,-0.032756098
10.877066,-0.038834073
10.830751,-0.028414672
11.093107,-0.024182124
11.212104,-0.025421118
11.336603,-0.01891599
11.341438,-0.018578896
11.327009,-0.018141365
11.41407,-0.016419655
11.240353,-0.016723385
11.306164,-0.016781202
11.211048,-0.015552985
11.114639,-0.017766727
11.071245,-0.02142422
11.008813,-0.024112126
10.977665,-0.022649864
10.97607,-0.018744951
10.912153,-0.017839951
10.896051,-0.015003668
10.862707,-0.019252205
10.870247,-0.022172233
10.8490925,-0.032296337
10.960535,-0.031978197
11.143889,-0.028596675
11.172533,-0.021487879
11.12827,-0.019014848
11.1153145,-0.014009237
11.017239,-0.015620803
10.797251,-0.008066211
10.73855,-0.012634285
10.614826,-0.00989525
10.60709,0.009297583
10.665968,-0.0039364994
10.718624,0.0025719125
10.708025,0.00019409508
10.75946,0.013510012
10.785053,0.006577568
10.762457,0.0034055654
10.804403,-0.008793836
10.991739,0.036181387
11.042372,0.02408956
10.878818,0.021878894
10.976767,0.008914282
10.960502,-0.0025656018
10.923953,-0.0013892241
10.9037,0.0040551573
10.7294655,0.005365234
10.868998,0.014313179
10.618602,0.019911315
10.564319,0.034743525
10.62262,0.04176371
10.756617,0.047666572
10.925596,0.04431769
10.798403,0.030991279
10.66156,0.015679944
10.65452,-0.011489259
10.668865,-0.004018046
10.5256195,0.0249812
10.623804,0.01395866
10.670414,-0.0021399055
10.636263,-0.0076851025
10.791389,-0.0100506935
10.575617,-0.0128500275
10.637672,-0.015105221
10.666819,-0.014588065
10.589584,-0.013516095
10.492495,-0.014804833
10.506693,-0.009308526
10.659573,-0.009151509
10.90009,-0.0048032906
10.593786,-0.053177625
10.47014,-0.044343285
10.468789,-0.027630607
10.365402,-0.02661254
10.226809,-0.019133119
10.38668,-0.03750585
10.275502,-0.056631677
10.215933,-0.05332227
10.199588,-0.055363953
10.112877,-0.044701196
10.227616,-0.0561302
10.087416,-0.08932706
9.557728,-0.036556892
9.394633,-0.02091196
9.486349,-0.01962935
9.792721,-0.020318372
9.741812,-0.028353503
9.781534,-0.027609078
9.690876,-0.02624059
9.5880165,-0.041366726
9.414106,-0.030078797
9.382921,-0.024425378
9.448643,-0.0022439118
9.408364,0.0014177589
9.308884,-0.007967195
9.382088,-0.0056221485
9.516735,-0.006069582
9.493631,0.006123271
9.184158,0.022894805
8.730772,0.05081702
8.932985,0.038422197
9.011372,-0.0050043594
9.130529,-0.034413636
9.1874895,-0.07109841
9.169311,-0.060517766
9.147627,-0.06280218
9.285652,-0.07223756
9.449631,-0.06684226
9.383984,-0.05175467
9.300923,-0.041911833
9.38676,-0.019597782
9.373728,-0.008089859
9.554154,-0.00449981
9.4079275,-0.01716101
9.401152,-0.040625088
9.567426,-0.06812317
9.621853,-0.09472172
9.695079,-0.12224464
9.60004,-0.13481696
9.843886,-0.13078202
9.662008,-0.12544629
9.4304085,-0.113327965
9.250909,-0.10453017
9.26251,-0.09572996
9.337046,-0.09486202
9.182703,-0.097639106
9.079245,-0.09629781
8.853619,-0.09158209
9.037895,-0.12178932
8.895076,-0.1477878
8.868511,-0.15374143
8.860378,-0.19154014
8.826229,-0.21075991
8.944914,-0.21846242
9.025678,-0.24515001
9.08159,-0.2770505
9.060211,-0.3132758
9.202637,-0.31288704
9.272114,-0.3041983
9.248549,-0.28919095
9.252506,-0.27462888
9.260101,-0.25897136
9.408606,-0.24033554
9.604693,-0.19238432
9.665185,-0.1340431
9.888472,-0.08658013
9.899994,-0.0455907
9.847784,-0.030709809
9.850025,-0.043611526
10.1009445,-0.06892797
10.180605,-0.031894833
10.1282215,-0.060848594
10.157253,-0.05282165
10.132221,-0.05805856
10.106572,-0.06368694
10.142342,-0.046146743
10.08155,-0.040023595
10.173574,-0.06581719
10.031526,-0.034967862
10.031001,-0.014500536
10.285817,-0.07179216
10.545378,-0.07032367
10.19863,-0.066493854
10.348522,-0.2145954
10.467588,-0.21238078
9.991653,-0.1657226
9.607278,-0.08185992
9.689299,-0.04562193
9.60191,-0.047283
9.361254,-0.04345707
9.2732525,-0.1447962
8.885325,-0.18567458
8.710812,-0.20071465
8.281284,-0.18320966
8.099411,-0.2063932
7.849883,-0.25643158
7.331475,-0.3215604
6.945022,-0.34679103
6.8744836,-0.3812446
6.6416492,-0.4423617
6.3961163,-0.47651166
6.3272476,-0.4792803
6.2536154,-0.47631627
6.1649227,-0.4851793
6.126231,-0.52496946
6.031563,-0.63062906
5.972499,-0.6239908
5.8482866,-0.4968959
5.810138,-0.39156008
5.8495383,-0.4252382
5.9199467,-0.3978357
6.049202,-0.3177263
6.177214,-0.30740356
6.4219203,-0.35774347
6.2916307,-0.37968054
6.339117,-0.4069693
6.2784734,-0.36647677
6.4420533,-0.29034168
6.641235,-0.2204255
6.8350115,-0.18744338
6.7412395,-0.1958421
6.6105013,-0.20031783
6.509698,-0.18636446
6.3553405,-0.1858824
6.3550615,-0.15055887
6.2724776,-0.11319718
6.1474957,-0.10051352
6.0690637,-0.06796518
6.097518,-0.039678924
6.171336,-0.009709112
6.593605,0.018157247
6.724394,0.02155408
