predicted forward vel,predicted angular vel
5.3005686,-0.0013489351
5.3200173,0.002925964
5.2495575,0.0017374661
5.313465,-0.0013556127
5.296582,-0.0023447853
5.272996,-0.0044045094
5.339134,-0.001907371
5.347389,0.0013477542
5.454999,0.0019602384
5.500593,-0.000759311
5.5544233,-0.0078032482
5.43831,-0.0073959865
5.741341,0.00054539554
5.888717,0.011722357
5.99551,0.010533324
5.8711557,-0.0077271927
5.975057,-0.0017323103
6.0706406,-0.005430553
6.9327583,-0.0024904218
7.481226,-0.0065631103
7.2697835,-0.010556569
7.3909254,-0.012409907
7.517005,-0.031245409
7.605267,-0.03455662
8.019302,-0.07436789
8.147929,-0.10868842
8.364389,-0.101259276
8.547298,-0.07665132
8.607899,-0.062408164
8.629886,-0.053044893
8.888771,-0.02041121
9.099762,-0.0043097045
9.177992,-0.0044076815
9.273602,0.009657288
9.303231,0.019433636
9.427672,0.012930606
9.459204,0.016855683
9.677063,0.023765141
9.811539,0.013323872
9.892628,0.0028472804
9.970803,0.009464294
10.017933,0.018631848
10.063065,0.027444668
10.27151,0.008372058
10.234892,-0.008590518
10.420458,-0.0136433
10.373932,-0.020340884
10.533047,-0.01974914
10.484449,-0.016694615
10.457013,-0.012189815
10.353543,-0.0017477404
10.396718,0.0040952507
10.462044,0.0012613563
10.434687,-0.0031700376
10.3829,-0.0042211134
10.671961,-0.004633937
10.669258,-0.0050637517
10.620668,-0.004069673
10.643486,-0.0050557237
10.584476,-0.011510169
10.5567875,-0.014922993
10.560549,-0.009077078
10.711687,-0.019633511
10.434839,-0.0113900155
10.536783,-0.0067060683
10.548314,-0.008104317
10.667768,-0.0038075726
10.672491,0.00035490654
10.4133835,-0.009516178
10.286524,-0.012949109
10.341883,-0.016425712
10.287771,-0.016547145
10.396531,-0.011633942
10.575914,-0.014446791
10.599426,-0.0137906205
10.554081,-0.008371053
10.521229,-0.0075919386
10.479525,-0.0133171175
10.479334,-0.009874167
10.485896,-0.006576566
10.36641,-0.014771132
10.32959,-0.012940954
10.279179,-0.009045629
10.272598,-0.008352967
10.377738,-0.0013496205
10.341431,0.0034106392
10.235184,0.0041841026
10.21879,-0.0005175676
10.031712,-0.003865527
10.085812,-0.0052343216
10.056952,-0.004999524
9.767477,-0.009998975
9.536362,-0.012335118
9.16155,-0.010226611
8.896164,-0.011135971
8.577625,-0.010435501
8.216161,-0.0111348145
8.089024,-0.0075913165
7.787636,-0.006892603
7.4351974,-0.0068881307
7.1692896,-0.007385602
7.068612,-0.007749185
6.9880643,-0.0052162223
6.7239423,-0.001289729
6.762884,-0.0011072941
6.2174554,0.0052288724
5.6872787,0.0063379966
5.341407,0.0030899718
5.185533,0.0008773999
4.992912,-0.05708602
4.9363847,-0.088651076
4.9188113,-0.104663186
4.84262,-0.11173816
4.513794,-0.11321379
3.9884913,-0.104314595
3.8084166,-0.08757587
3.8695667,-0.06369868
3.8383842,-0.037175275
3.7830746,-0.0027428735
3.7177336,0.014851332
3.5894523,0.027377382
3.566665,0.021747276
3.2984781,-0.09745948
2.8777623,-0.19964892
3.1628358,-0.23107743
3.3195198,-0.30271316
3.714812,-0.2828324
3.4008517,-0.3792712
3.634162,-0.3649322
3.6382904,-0.33618897
3.4479923,-0.42776895
3.4774773,-0.4844867
3.3059485,-0.34421837
3.543263,-0.30108815
3.690675,-0.24107204
3.5481067,-0.30943948
3.3929029,-0.386924
3.3950386,-0.460136
3.5436172,-0.50081325
3.6035402,-0.53951335
3.2791576,-0.481339
3.716133,-0.53575814
4.006417,-0.53698313
4.0636983,-0.51744056
4.5403824,-0.5642448
4.582421,-0.47643924
4.6235037,-0.47889262
4.8766184,-0.3628395
5.0980287,-0.36651054
4.7895613,-0.3713814
4.8909893,-0.35943705
4.9395247,-0.33253393
4.97517,-0.2477016
5.19464,-0.2483698
5.137101,-0.23875387
5.4590173,-0.22281124
5.9724236,-0.12153131
6.1200876,-0.07867275
6.3602915,-0.10681251
6.3078227,-0.07160495
6.986784,-0.01048395
6.99662,-0.0043152273
6.652389,-0.026865074
7.252549,-0.025680566
7.144148,-0.020404426
7.422018,-0.025243955
7.4265165,-0.021009082
7.465021,-0.014990199
7.6419506,-0.018289285
7.82302,-0.013808902
7.9147058,-0.017326778
7.8423357,-0.031154094
8.013849,-0.038709894
7.766511,-0.01530881
7.875361,-0.024838122
7.913031,-0.017964995
8.120745,-0.04975812
8.128805,-0.03705872
8.10928,-0.009193838
8.128607,-0.007621361
8.026861,-0.018326757
7.959378,-0.013539562
8.143284,-0.00987252
7.587692,0.002257185
7.7574534,0.0134269325
7.8205323,0.012615193
7.7190113,0.008266386
7.633195,0.01613176
7.586798,0.013787715
7.4090805,0.014282847
7.5651913,0.018063802
7.759838,0.016321698
7.6582403,0.019439068
7.5631895,0.026849844
7.3393044,0.032107398
7.3767805,0.017442022
7.5110264,0.015662514
7.3178377,0.018703021
7.3707275,0.015025776
7.184676,0.017821455
7.089117,0.009353238
7.0269403,-0.008795343
6.906584,-0.029060023
6.983053,-0.028321369
6.9559717,-0.023474248
7.0062647,-0.030874288
6.7636003,-0.05683557
6.766464,-0.082701966
6.9326982,-0.05616238
6.797126,-0.06017962
6.526826,-0.0703337
6.519083,-0.081488356
6.412878,-0.08550987
6.4139867,-0.053939603
6.439929,-0.0059485566
6.4391603,-0.008638002
6.279839,-0.010561554
6.2222705,-0.012546377
6.2603874,-0.014610326
6.501357,-0.0095794
6.6731853,-0.008901462
6.8775387,-0.0031412914
6.8903475,0.010630535
6.903801,0.021030921
6.993165,0.014837437
7.0081463,0.026536766
6.9963937,0.03369561
7.1074877,0.025178341
7.0256414,0.0052782698
6.9674177,0.004793063
6.9182024,0.017471088
7.0110946,0.027151082
7.0451794,0.036875118
7.210643,0.051203214
7.2185783,0.049990684
7.2180014,0.06370603
7.2158837,0.06882347
7.1216707,0.06986266
7.121026,0.069588766
7.1584387,0.06512648
7.177602,0.045262687
7.203379,0.032318495
7.1600637,0.030475061
7.213875,0.021677494
7.139843,0.022616742
7.335822,0.020883748
7.47488,0.017844846
7.7463055,0.0105579
7.6359425,0.008858392
7.7903337,0.008066638
7.926509,0.0012289993
8.024153,0.0009206813
8.301012,0.00085360557
8.3867,0.0007116161
8.353516,0.004188983
7.951331,0.005731458
8.105923,0.0021982603
8.102084,-0.0007073656
7.9228168,0.0050159777
7.968688,0.0042784456
8.433698,0.00830174
8.169149,0.013940164
8.112513,0.010859109
7.8881288,0.006983403
7.9774704,0.010994177
8.01194,0.009412304
8.065817,0.024099762
8.126143,0.015918706
8.220761,0.013733642
8.231747,0.023533486
8.222035,0.025543816
8.321358,0.013027169
8.317486,0.01670311
8.512911,0.019826263
8.332338,0.033542067
8.157347,0.04162451
8.288133,0.031121448
8.18175,0.020606024
8.152153,0.024288144
8.021583,0.026997672
8.082648,0.0068945913
8.011326,0.0070096366
8.06421,0.0055603413
7.9031463,-0.0003805235
7.8176236,0.0023727212
7.789055,0.0029833112
7.676622,0.006499732
7.5531588,-0.0008289609
7.445362,-0.0063741207
7.421646,-0.004850032
7.3932815,-0.00807273
7.331587,-0.0023880582
7.145235,-0.0041399803
7.2122803,-0.0047207624
7.331114,-0.014001535
7.3604403,-0.009824229
7.5259404,-0.012271404
7.18379,-0.0022698436
7.151204,-0.016154813
7.0956497,-0.014022712
6.968284,-0.015831253
7.029802,-0.01467875
7.0248165,-0.024260884
6.9378605,-0.03420084
6.8544044,-0.030565532
6.96408,-0.043610767
7.014098,-0.033864364
6.717287,-0.009932373
6.562976,-0.04654874
6.7246046,-0.05741004
6.628936,-0.04713104
6.5080795,-0.006829025
6.6693444,0.02044745
6.557716,0.068615556
6.460593,0.044433344
6.319253,0.062174752
6.4763575,0.08127268
6.431656,0.086278506
6.333884,0.089762814
6.2800083,0.07242337
6.5461617,0.030929424
6.526919,0.03936231
6.5626926,0.06782277
6.557787,0.06384931
6.4698696,0.097151205
6.57516,0.1393631
6.548979,0.16344573
6.6244726,0.13743581
6.633844,0.10514053
6.3863153,0.08208646
6.2484326,0.022120818
6.2534738,0.04075014
6.0301094,0.053706415
5.934402,0.107792504
5.986324,0.13246354
5.8730392,0.12631884
5.6868696,0.15325394
5.643943,0.14106083
5.6089697,0.14660892
5.659943,0.14757298
5.7286873,0.13097496
5.5978627,0.108041145
5.593652,0.070180565
5.608153,0.035151727
5.507477,-0.00094349124
5.382163,-0.007780105
5.2771645,0.0029657222
5.24476,0.0077386014
5.19044,0.005065348
5.0293884,0.013278144
5.0234237,0.033316124
5.108685,0.045046553
5.162674,0.021976728
5.2527504,-0.0040361695
5.199008,0.01339314
5.332523,-0.02783301
5.277508,-0.055535614
5.2941575,-0.048496813
5.193555,-0.07775275
4.937176,-0.123203054
4.9259453,-0.11954422
5.0137467,-0.10906379
4.902345,-0.13310643
4.781583,-0.12753226
4.799425,-0.16326421
4.7611394,-0.1663567
5.0190535,-0.13605683
4.923149,-0.12795056
4.8111024,-0.16251826
4.7745323,-0.06525493
4.7554626,-0.05720073
4.659398,-0.06188514
4.57064,-0.044865236
4.6831107,-0.024007319
4.695741,-0.021506028
4.6657763,-0.035526514
4.6790757,-0.03094265
4.6793118,-0.036895074
4.6339345,-0.04609994
4.6774144,-0.02824702
4.7790704,-0.036717065
4.937676,-0.044791847
5.02979,-0.0447836
5.2924967,-0.047893852
5.2749166,-0.057125047
5.3412666,-0.056315802
5.3823204,-0.076152414
5.4407034,-0.008588901
5.496055,-0.047045857
5.457426,-0.0506775
5.491876,-0.06307123
5.50289,-0.05433146
5.5156355,-0.048842795
5.497261,-0.01718354
5.577467,0.0033066813
5.547661,0.02143181
5.4840846,0.03247779
5.4185634,0.04630956
5.4620976,0.07007216
5.5733128,0.064877346
5.4740944,0.06617129
5.269644,0.06870563
5.093811,0.09748765
4.877958,0.09725079
4.563474,0.053200625
4.3710723,0.031173153
4.287444,-0.0069144797
4.2035627,0.017637627
4.137284,-0.005574422
3.974262,0.07197539
3.7162247,0.13486454
3.6598394,0.20916085
3.4467852,0.26182622
3.4436612,0.31691808
3.3431265,0.3663203
3.3481767,0.38935155
3.5048406,0.3079557
3.2959414,0.30644682
3.2951212,0.2803959
3.3639047,0.32285514
3.531831,0.29885188
3.503616,0.33742052
3.5463438,0.34417135
3.5071692,0.4434753
3.5423083,0.37832972
3.4810355,0.41104594
3.4301326,0.50375795
3.5187845,0.5538919
3.7503867,0.4626946
3.6341486,0.4213883
3.724975,0.39316744
3.867104,0.4621653
4.2441945,0.4527134
4.208364,0.4956552
4.2351155,0.4186048
4.7742853,0.4523445
4.717408,0.34677586
4.975255,0.33293942
5.067296,0.34386986
5.0089874,0.2670294
5.425888,0.31491014
5.6263585,0.19516893
5.7623887,0.24078776
6.080934,0.11811524
6.4667177,0.11295065
6.412593,0.020587808
6.536736,0.038863696
6.8137593,0.07174271
6.7411838,0.07696719
6.985418,0.0804482
6.9343424,0.081223525
7.2171125,0.081744075
7.2409277,0.08153545
7.1430454,0.08612773
7.2924886,0.087075174
7.40512,0.0727286
7.5493803,0.072788574
7.5586524,0.085254446
7.8070774,0.055083282
7.661096,0.042911813
7.829162,0.04337299
8.055815,0.016633289
8.220955,0.010116624
8.146776,0.037115727
8.327554,0.011749309
8.660099,-0.014795916
8.624382,-0.014233133
8.678808,-0.01460002
8.642958,-0.015396679
8.579634,-0.015588215
8.673502,-0.01571617
8.662052,-0.01420749
8.690316,-0.014623141
8.77034,-0.015500164
8.767955,-0.015110027
8.597948,-0.016798453
8.640625,-0.018042093
8.524996,-0.01894235
8.702955,-0.01819547
8.654867,-0.019352531
8.47383,-0.020720376
8.544386,-0.023124052
8.450235,-0.023992987
8.678777,-0.020990713
8.510973,-0.02287331
8.349302,-0.02482166
8.234589,-0.022924269
8.302708,-0.023747804
8.225135,-0.0033112671
8.573143,-0.012083948
8.29842,0.007591583
8.146076,0.021925401
8.089036,0.020919707
7.8691115,0.024908517
7.3279867,0.085694015
7.118665,0.106175765
7.168612,0.11047521
6.748893,0.09631315
6.648157,0.09184346
6.222019,0.07124858
5.5074487,0.05148966
5.271893,0.039923526
5.184622,0.03342138
5.0245647,0.019947294
5.0256276,0.0074579986
5.091261,-0.010953579
5.0451837,-0.008659918
4.932081,-0.009410663
4.9680214,-0.014638625
5.016699,-0.01043289
5.006729,-0.010031845
4.6618757,0.005689821
4.5977616,0.0009539081
4.169034,-0.0010389909
3.8556585,0.008505693
3.8916755,0.05065234
4.3086853,0.114726216
4.5535955,0.18210243
4.0701427,0.17688842
4.0329685,0.22593415
3.994371,0.35157433
4.0259266,0.39191264
3.7883668,0.4483475
3.935151,0.45549557
3.8639328,0.31277457
3.7698157,0.38074595
3.5671182,0.5025975
3.4914474,0.576145
3.413782,0.5915521
3.2226334,0.60212094
3.3856366,0.47047433
3.2356715,0.42489883
3.089083,0.38578457
2.8469694,0.32319194
3.0106993,0.30806786
3.1578035,0.30554432
3.0994148,0.43330637
3.1677918,0.5168924
2.9347749,0.5126368
3.0279303,0.51210487
3.3491933,0.47322956
3.4965127,0.52496034
3.8707824,0.4372617
3.4309013,0.2948044
3.5391898,0.29236925
3.5832903,0.15319718
3.9107285,0.17467755
4.0504274,0.13566233
4.2462616,0.121394366
4.1563663,0.10973851
4.2004924,0.10460848
4.3742294,0.08166221
4.558381,0.06477975
4.8787603,0.031720467
4.646103,0.012800682
4.4201202,0.0021720547
4.4392085,-0.014727188
5.0263004,-0.026438897
5.532488,-0.06330712
5.4433856,-0.078776136
5.7288175,-0.13472323
5.93294,-0.16097791
5.973593,-0.171618
5.951165,-0.1694312
6.3177385,-0.1646926
6.711836,-0.13413718
7.0017185,-0.12244499
7.248476,-0.12010215
7.276519,-0.09146057
7.4949703,-0.06888949
7.511158,-0.076134756
7.563472,-0.065545924
7.962947,-0.08102759
8.243615,-0.0865348
8.435307,-0.054775417
8.483057,-0.042207263
8.539127,0.0116818985
8.387386,0.022445932
8.4771385,0.022069145
8.761286,0.02646686
8.661968,0.023448411
8.60725,0.021903908
8.894745,0.019207487
8.799038,0.017673217
8.897198,0.021306396
8.791544,0.017410535
8.82748,0.016670082
8.8119335,0.015050963
8.778709,0.010746047
8.839676,0.012134984
8.885978,0.015624968
8.839653,0.015102815
8.980321,0.015923372
8.906473,0.012197759
8.744252,-0.0014911145
8.967527,-0.0031255092
8.999043,-0.0070861317
9.07481,-0.007812133
8.994911,-0.009967316
8.927269,-0.0032416135
8.954528,-0.0018528979
9.019218,-0.046575263
8.942893,-0.0770489
8.93631,-0.05376216
8.981512,-0.053160757
8.717741,-0.032800943
8.773879,0.00947312
8.745406,0.020548854
8.991053,0.020020235
8.820147,0.021380771
8.734991,0.025076656
8.734228,0.028906135
8.597605,0.028336963
8.670155,0.029836206
8.456502,0.026290543
8.912987,0.028736869
8.729916,0.030333733
8.918207,0.032453522
8.887746,0.034522533
8.630848,0.013229279
8.7862,0.031068027
8.820517,0.028587839
8.878761,0.024153806
8.966003,0.01803676
8.789719,0.013740211
8.990827,0.016561233
9.20657,0.018086724
9.206541,0.015857052
8.922262,0.021044066
8.991778,0.021877617
8.955699,0.021653313
8.871424,0.024139673
9.02173,0.023646668
9.092305,0.023102991
9.202068,0.014478806
9.1819935,0.015583541
9.280718,0.017291233
9.394423,0.002077125
9.475898,-0.003176894
9.5463505,0.011385946
9.556803,0.013338247
9.640888,0.016962342
9.616827,0.02763263
9.652959,0.025617246
9.588781,0.027176568
9.605069,0.026187316
9.514875,0.028039414
9.63605,0.026674537
9.639612,-0.0037649814
9.678837,0.02175415
9.592932,0.024605088
9.648277,0.020463664
9.679391,0.015652765
9.707867,0.015301259
9.789558,-0.021535238
9.8033905,-0.029457873
9.748766,-0.019146701
9.738959,0.0063443156
9.860928,0.0039387746
9.766932,-0.0034020413
9.690088,-0.0020650495
9.504427,0.0036877822
9.582981,0.0057034437
9.603043,0.0023457874
9.777065,0.0030269893
9.790287,0.0007373858
9.6591015,0.0018134816
9.531895,-0.006134456
9.5020485,-0.0071237255
9.489159,-0.008844614
9.577393,-0.010387085
9.524527,-0.013803193
9.475061,-0.015233891
9.740339,-0.018575808
9.826189,-0.0066089053
9.866211,-0.014825692
9.787561,0.0017701825
9.755507,0.007484601
9.752689,0.0024398966
9.703466,-0.015921662
9.739403,-0.01879022
9.830057,-0.026775299
9.827146,-0.03144694
9.832523,-0.02982097
9.809225,-0.024906104
9.716425,-0.005063534
9.847282,0.0012248205
9.806957,0.006931114
9.97086,0.0015671412
9.832562,-0.0017986745
9.717924,0.0019373866
9.729897,-0.0005695503
9.83975,-0.0019998495
10.027954,-0.0033304784
10.009642,-0.010298761
10.004331,-0.009349883
9.847577,-0.009024944
9.824543,-0.0075779315
9.888201,-0.013401713
10.066858,-0.018370522
9.897514,-0.024409434
10.075142,-0.02761274
10.103558,-0.023027228
10.182698,-0.027296038
10.297962,-0.027543223
10.286201,-0.029740697
10.113135,-0.025486687
10.153957,-0.025217822
10.225416,-0.019731944
10.082766,-0.02533344
10.26281,-0.009811591
10.501365,-0.000530703
10.377304,0.010206101
10.288376,0.007012423
10.154255,0.0076892506
10.432642,0.008064444
10.275474,0.00874711
10.122223,-0.0029723588
10.0783615,-0.036439627
9.955051,-0.042126127
10.184262,-0.045306027
10.191565,-0.03873778
10.091721,-0.031519204
10.0955515,-0.035351977
10.197123,-0.020024361
9.952967,-0.0023083668
10.090903,0.019426316
9.957831,0.020411711
10.042482,0.017421085
9.953592,-0.014232332
9.996423,-0.013080006
9.896875,0.01373337
9.8304825,0.022470947
9.667493,0.014461568
9.671368,0.022058189
9.709145,0.024977526
9.626831,0.022350144
9.235939,0.017794684
9.00387,0.018719023
8.944449,0.021545596
9.095609,0.025874313
9.128664,0.014962161
9.224814,0.017048161
9.071277,0.022833733
8.610624,0.022383891
8.495724,0.017878257
8.457272,0.01589518
8.380905,0.023877691
8.313282,0.021960596
8.013348,0.021677915
7.719786,-0.011695197
7.6535125,-0.01563069
7.5129957,-0.027849482
7.3448625,-0.018269232
7.19112,0.023202073
7.0343657,0.01613089
7.0380096,0.0112365065
7.0775514,0.0145561015
6.9101105,0.017559482
6.7534075,0.017594745
6.655019,0.013315571
6.478859,0.015661735
6.485404,0.01186583
6.7280846,0.010454583
6.427905,0.017606955
6.266846,0.035937317
6.1917973,0.03880631
6.263089,0.031024108
6.015677,0.037190028
5.809372,0.07177586
5.662763,0.06989438
5.455575,0.036709633
5.310459,0.015145362
5.2371325,0.017646126
5.216158,0.011534792
5.0411644,0.004469691
4.888132,0.006160304
4.771565,0.001796714
4.644681,-0.0140932575
4.2675443,-0.023186145
4.059495,-0.03316392
4.0109243,-0.045136243
3.945512,-0.051240683
3.8126702,-0.05391389
3.6805506,-0.058062144
3.6909883,-0.061594218
3.5913777,-0.06656587
3.652307,-0.117259294
3.5144353,-0.09271607
3.3539095,-0.06706552
3.2943482,-0.10874614
3.083291,-0.14826508
2.9148803,-0.20001344
2.926246,-0.27191687
2.8911252,-0.32348204
3.013794,-0.300832
2.8495579,-0.3203503
3.1405635,-0.32408533
3.3852332,-0.32137027
3.0662682,-0.40644616
2.8211043,-0.4557019
3.1288328,-0.57194394
3.0550766,-0.6202432
2.9553542,-0.4476212
3.1569424,-0.38086802
3.4473505,-0.4514386
3.6690714,-0.38118917
3.645665,-0.3397655
3.7526178,-0.23396857
3.9332104,-0.21918868
4.047448,-0.09726453
4.2669783,-0.049564436
4.3959885,-0.062157772
4.498864,-0.07588345
4.5975037,-0.10098831
4.713048,-0.14599012
4.923647,-0.17265232
5.2038155,-0.25814748
5.471241,-0.29795805
5.7452955,-0.19049299
5.7404175,-0.21421607
5.7770987,-0.1109305
5.809656,-0.099269085
6.463508,-0.107085906
6.297976,-0.084303476
6.2195187,-0.07381229
6.48151,-0.04372547
7.1818037,-0.023918455
7.723751,0.0011484753
7.418131,0.016452396
7.258153,0.025437245
7.3214655,0.032076076
7.3910837,0.0349812
7.600007,0.03174638
7.7262287,0.03180477
7.821137,0.021377778
7.8862123,0.020646842
7.92085,0.013902662
8.475197,0.0035232026
8.491202,0.011517009
8.148072,0.025825916
8.136454,0.022385338
7.8649297,0.03291799
7.620775,0.03235668
7.81778,0.01666277
7.9563723,-0.00068109296
7.884577,-0.008223757
7.989819,-0.030902872
7.9588885,-0.024941178
7.7692213,-0.060304485
7.793024,-0.07692645
7.8012114,-0.07840972
7.746176,-0.071909465
7.9041,-0.07804272
7.881687,-0.054929025
7.5192223,-0.07936083
7.4222727,-0.0878834
7.558888,-0.10033627
7.087077,-0.12360926
6.8564625,-0.124911085
6.769589,-0.105934076
6.691401,-0.10541214
6.7858124,-0.08691038
6.643284,-0.076276176
6.565009,-0.006527642
6.3825636,0.0055523226
6.0979195,0.0021607066
5.7590256,0.0062626824
5.6261225,0.003533897
5.535576,0.008465486
5.3224053,0.0066836504
5.1870446,0.008660213
4.7277412,0.005456645
4.826068,0.0016574943
4.64856,-0.026113166
4.5682793,-0.07305177
4.5415335,-0.17753084
4.6060767,-0.16574892
4.4957294,-0.19964744
4.4841156,-0.21580878
3.8980265,-0.23747982
3.7829766,-0.2485409
3.957758,-0.22824207
3.9001894,-0.14564022
3.806287,-0.11943583
3.7767084,-0.10070713
3.876368,-0.08742211
3.9460316,-0.12528099
3.966754,-0.12348314
3.8178475,-0.15135334
3.7138326,-0.14411515
3.6689699,-0.15333238
3.6163836,-0.21489088
3.264045,-0.27610183
2.9518867,-0.29507262
3.1791961,-0.4714915
3.1965518,-0.42520306
3.66219,-0.26471168
3.8911452,-0.19688594
3.8762207,-0.18260352
3.7525525,-0.17457184
3.6624427,-0.35709307
3.8028138,-0.317356
3.7103233,-0.24589767
4.0829115,-0.17485544
4.160119,-0.17892224
4.193298,-0.1979919
4.382579,-0.21211527
4.6348968,-0.21792665
4.675925,-0.20789453
4.878661,-0.24780013
5.035216,-0.27997968
5.0669775,-0.21677905
5.1574454,-0.2339695
5.544531,-0.24492507
5.462999,-0.2575116
5.5210867,-0.24067806
5.743779,-0.11695555
5.985936,-0.015036976
6.221511,0.0008531185
6.2785826,-0.017558014
6.3817406,-0.022146689
6.2953405,-0.029961387
6.601446,-0.040238723
6.6695676,-0.0329118
7.0091963,-0.04458504
7.0836635,-0.042984612
7.267799,-0.046555832
7.4430614,-0.04735384
7.57633,-0.04355061
7.577135,-0.03864436
7.695876,-0.02912273
7.7419195,-0.023415064
7.7785788,-0.02037576
7.9733453,-0.019861666
7.708349,-0.029157521
7.5573215,-0.017611807
7.410845,-0.027143871
7.4563856,-0.032091826
7.509165,-0.030160865
7.400217,-0.029899204
7.346092,-0.026370516
7.3764334,-0.014653476
7.698765,-0.009991413
7.745885,-0.0039701536
7.671111,0.0029899813
7.711869,0.0011728806
7.742873,0.0034917025
7.702382,0.012543748
7.737584,0.017337784
7.7310762,0.027760599
7.8186526,0.020421132
7.885943,0.029116664
7.971476,0.028214253
7.9690895,0.031203019
7.7785254,0.025268804
7.6900015,0.020306703
7.9169183,0.014509628
7.8385987,0.005054513
7.779657,-0.000389738
7.889229,-0.0053301454
7.786168,0.0018104417
7.6582193,0.0020116558
7.8171196,0.0071077673
7.5392523,0.018133096
7.605524,0.016671943
7.5556035,0.012069799
7.375874,-0.003538685
7.370369,0.008254102
7.3317804,-0.003015237
7.0788918,-0.013559394
7.0657005,-0.00792571
7.086711,-0.013373474
7.1121902,-0.008020759
7.106979,-0.01197814
6.92427,-0.0042480137
6.9508495,-0.006486116
6.87395,0.00044036843
7.0376043,-0.004069712
7.1241407,0.0023732623
6.97898,0.0038870461
7.042856,-0.008819977
7.056868,-0.0064789634
7.026482,-0.007451281
6.7887077,0.0076875677
6.631423,0.011706743
6.752548,0.009796359
6.849058,0.0147726815
6.680272,0.019643005
6.7509685,0.014971897
6.728627,0.012616607
6.6744647,0.018299323
6.7695036,0.01406052
6.6500278,0.018696394
6.497034,0.008788465
6.3647194,-0.007214481
6.4372144,-0.011437567
6.508362,-0.020906104
6.589573,-0.02714294
6.438484,-0.024269188
6.360634,-0.021283181
6.325653,-0.023756402
6.1546526,-0.054448195
6.118497,-0.092741765
6.09616,-0.113218114
6.1442776,-0.0787849
6.1441574,-0.06484638
6.111603,-0.046235338
6.016636,-0.07257212
6.106636,-0.036074154
6.067519,-0.030630505
6.0701876,-0.036667205
6.0520477,-0.044559076
6.166358,-0.033583097
6.1810713,-0.028311742
6.1501026,-0.03302937
6.296584,-0.020508332
6.1636915,-0.016706673
6.0137815,-0.016736915
5.9959226,-0.011492228
6.063088,-0.0062276367
6.471613,-0.004879521
6.4604616,-0.0058518443
6.511338,-0.009170456
6.70731,-0.0066120643
7.0160856,-0.0012007728
7.088215,-0.005719099
7.256405,-0.0025931764
7.280712,-0.00845393
7.237925,-0.015844764
7.121372,-0.011663856
7.4184217,-0.00054381415
7.6916647,0.014701608
7.8970504,0.009830779
8.045647,0.0063110655
8.418478,8.107163e-05
8.601402,-0.003256034
8.8648205,-0.009839075
9.0254345,-0.00838667
9.157696,-0.0140569415
9.176197,-0.016250117
9.142117,-0.02279407
9.187799,-0.02550284
9.131892,-0.02883005
9.279198,-0.025253342
9.412069,-0.024471445
9.57518,-0.020934386
9.682952,-0.025795093
9.733088,-0.027564054
9.749702,-0.024576759
9.625711,-0.022543749
9.529993,-0.02465869
9.577852,-0.029811302
9.750658,-0.027801877
9.717108,-0.02640154
9.76474,-0.027570417
9.780138,-0.026085721
9.711535,-0.022932513
10.086012,-0.02406575
9.835728,-0.027982758
9.711605,-0.025598796
9.510963,-0.025025664
9.605984,-0.022950156
9.725931,-0.027205022
9.628049,-0.022913871
9.689329,-0.019384777
9.688042,-0.015845148
9.711897,-0.007700978
9.833008,-9.9383295e-05
9.8681555,-0.00070522353
9.429509,0.010555623
9.234684,0.018933276
9.099709,0.025837949
8.9799595,0.029000284
9.200859,0.02613499
9.357271,0.0066986717
9.387415,0.0028120382
9.157595,0.0025149267
9.399523,0.01941878
9.084427,0.021157963
9.039942,0.015680626
9.129683,0.012849158
9.069086,0.012558781
8.928282,0.008099275
8.923243,0.007437177
8.86553,-2.2279099e-05
8.730061,-0.00024349988
8.845821,0.016149376
8.739579,0.008022567
8.863764,0.004287591
8.863138,8.25692e-05
9.010855,0.0035801101
9.118315,0.0024322905
9.175708,0.008622673
9.143259,0.00035013445
9.147407,-0.0075526405
9.089272,-0.009577742
9.076601,-0.018070066
9.055338,-0.01954802
9.037714,-0.018211717
9.089034,-0.02087515
9.199831,-0.013404932
9.212065,-0.009919608
9.16341,-0.016363746
9.29516,-0.010248583
9.2873745,-0.01198647
9.301775,-0.0062152706
9.224922,-0.010643216
9.335203,-0.0040336736
9.2939,-0.009156676
9.235335,-0.015019411
9.215647,-0.010687765
9.414408,-0.01307822
9.37538,-0.008696055
9.331669,0.004903904
9.098513,0.024784457
8.927225,0.027739123
9.032118,0.013058536
9.037638,0.008316154
9.011322,0.015244744
8.94216,0.026362335
8.931311,0.039591413
8.983697,0.048525937
8.852972,0.04015266
8.727776,0.013017558
8.52014,0.018856943
8.509821,0.008818453
8.2805,0.020795321
8.284193,0.017165165
7.9559374,0.017701717
7.7388916,0.014942622
7.61981,0.015144166
7.5192785,0.011407555
7.641751,0.017465597
7.5897946,0.013286062
7.5718527,0.013504864
7.464013,0.030471865
7.4081545,0.055737905
7.4743805,0.053078093
7.2202187,0.071472764
7.266037,0.08885539
7.21663,0.06776175
7.298667,0.044727534
7.1760416,0.04104943
7.24666,0.016908476
7.1532946,-0.00246449
7.2068787,0.026863135
7.231181,0.0077726142
7.2402906,-8.6862594e-05
7.1731706,-0.015194764
7.1804376,-0.024115724
7.2496586,0.010999431
7.4163,-0.005631393
7.550168,-0.012086511
7.282214,0.02371692
7.1561446,0.01641708
6.8350663,0.025092168
6.889724,0.02880349
6.487021,0.029296195
6.2427473,0.035990596
5.799033,0.018699523
5.3702316,-0.006329404
4.975964,0.020563874
4.869047,0.0064940974
4.9211273,0.01480095
4.866626,0.043245576
4.658493,0.012321594
4.527646,0.00909656
4.3908334,-0.013419919
4.3226852,-0.02182638
4.217898,-0.023966564
4.167264,-0.024040466
3.9502525,-0.011174219
3.7878408,-0.006544072
3.7177901,-0.0055240802
3.6137736,-0.0022283588
3.526639,0.0027676132
3.4942546,0.0031974232
3.3098047,0.010445841
3.227826,0.008451743
3.173845,0.0129271075
3.0321093,0.014044786
2.9190662,0.0120437285
2.7711992,0.018189052
2.8288019,0.018247325
2.7855477,0.01842636
2.747848,0.019227294
2.7228174,-0.00022352673
2.7045631,0.016620215
2.6882372,0.016324943
2.7937021,-0.06277144
2.861653,-0.095833465
2.9901671,-0.13911816
2.9034464,-0.17492232
3.009454,-0.16524687
3.164343,-0.194212
3.1899364,-0.2341081
3.237275,-0.23292099
3.3644886,-0.24618898
3.429961,-0.2858873
3.4831853,-0.29617068
3.610398,-0.32305416
3.8101382,-0.28211445
3.5529902,-0.35618904
3.8778317,-0.39161748
4.291643,-0.37130427
4.266031,-0.32889748
4.245297,-0.34084737
4.385324,-0.30691588
4.5049047,-0.30734518
4.4657393,-0.2839194
4.6303163,-0.25223875
4.741575,-0.23284703
4.8185043,-0.22414766
5.0128984,-0.2518576
5.1939087,-0.20785978
5.2639136,-0.19027291
5.3921313,-0.17795195
5.4882593,-0.19051482
5.6645527,-0.19104154
5.818595,-0.3115396
5.96832,-0.26097822
6.082977,-0.31169748
6.040168,-0.35089037
6.092477,-0.36948526
6.2045836,-0.3207902
6.3798285,-0.31460902
6.3075175,-0.2820052
6.422866,-0.33470362
6.2878876,-0.30240196
6.6991754,-0.24495904
6.8063273,-0.19824545
6.8727064,-0.2218033
6.9304676,-0.15855236
6.979748,-0.12745754
6.8171253,-0.08818962
6.8236938,-0.09338069
6.8134055,-0.077403255
6.8082294,-0.08093787
6.8511324,-0.05254499
6.8975534,-0.06408443
6.9687815,-0.08868377
6.9921923,-0.08577916
7.0409174,-0.07460745
7.2125344,-0.075407624
7.7460737,-0.055579215
7.6860385,-0.046466082
7.6788664,-0.03787274
7.735505,-0.013114011
7.7439413,-0.01329059
7.8242335,0.0225899
7.827127,0.018078396
7.8111744,-0.0024729464
7.803831,-0.0018479209
7.9403825,-0.0008328948
8.050773,0.011543628
8.092539,0.01688281
8.113445,0.043218885
7.9406133,0.051936172
7.7330523,0.050039098
7.6178713,0.05495522
7.6413126,0.04471013
7.6922326,0.04441388
7.6645927,0.026095992
7.612053,-0.0052588973
7.510402,-0.05579435
7.254467,-0.058107004
6.9220366,-0.029942865
6.900708,-0.02501815
6.8293185,-0.02503865
6.757193,-0.028175144
6.7519865,-0.021354659
6.5980554,-0.020847125
6.5264335,-0.023500921
6.265674,-0.031874172
6.091428,-0.031808123
5.989238,-0.04742083
5.7387395,-0.07814503
5.6709228,-0.083594754
5.713751,-0.06655215
5.6080275,-0.06800679
5.486835,-0.068328544
5.4657063,-0.06658134
5.270104,-0.043896727
5.0839825,-0.018187856
4.896717,-0.011337636
4.944061,-0.016462317
4.9437766,-0.07274564
4.6952925,-0.09117091
4.9193645,-0.10643457
5.131062,-0.11541648
4.943292,-0.10444356
4.746401,-0.1700744
4.766043,-0.2875208
4.6751523,-0.29615223
4.8658075,-0.33649802
4.638985,-0.31488863
4.9245944,-0.30623344
5.0608854,-0.66923225
4.6617713,-0.52695477
4.565119,-0.58190835
4.6754017,-0.5956314
4.719823,-0.53795844
4.859119,-0.5124781
4.748813,-0.43895411
5.002451,-0.31793493
5.053465,-0.23305392
5.1627493,-0.1975688
5.1891656,-0.2129633
5.2982,-0.09470409
5.3575583,-0.077823475
5.311035,-0.08985856
5.4519877,-0.09743511
5.7045703,-0.13039048
5.8494515,-0.1692823
5.911092,-0.16423772
6.082426,-0.13971408
6.1802664,-0.14875463
6.2186213,-0.13945188
6.469058,-0.14993109
6.419915,-0.15458901
6.4773498,-0.12918651
6.6697917,-0.13683775
7.199474,-0.082532056
7.393528,-0.06945292
7.5016537,-0.025817407
7.3715553,-0.007869588
7.383825,-0.024391396
7.65857,-0.03572371
7.6537304,-0.034568273
7.8102713,-0.034982264
8.215034,0.012018035
8.559626,0.02300408
8.65383,0.018376773
8.744064,0.017614879
8.399152,0.019633519
8.434909,0.019998813
8.513905,0.022628484
8.501794,0.021097418
8.6821,0.020892035
8.966915,0.021107495
8.744429,0.014358566
8.840103,0.017487247
8.788269,0.013499133
8.695936,0.011158563
8.821852,0.012676901
8.859961,0.008612298
8.914495,0.010622297
8.986405,0.016551202
8.885814,0.014934147
8.986141,0.015674174
8.756269,0.0055671465
8.924646,-0.0025101192
9.089147,-0.0039356686
8.91204,-0.0100506805
8.948128,-0.015195964
8.90245,-0.007697005
8.940579,-0.0031404682
8.935676,-0.034953102
8.906601,-0.056239195
8.916254,-0.057839207
9.083732,-0.04080911
8.82549,-0.0143143665
8.697506,0.013380746
8.68742,0.021345934
8.90089,0.021202313
8.791,0.02319478
8.780544,0.027095612
8.7308445,0.029424287
8.616451,0.02980717
8.719374,0.029513285
8.559532,0.026340201
8.793189,0.031220833
8.798994,0.031926557
8.905472,0.035571925
8.692148,0.025304798
8.870155,0.024798617
8.905242,0.026857097
9.043716,0.025335759
9.231764,0.016949289
9.001188,0.011443967
9.129639,0.013972786
9.363383,0.0149703445
9.278326,0.013123693
8.9763365,0.022354536
9.029524,0.023266837
9.045443,0.022337385
9.046638,0.025810828
9.314697,0.025991429
9.351349,0.021812897
9.324287,0.013960429
9.343662,0.014133876
9.613738,0.010178113
9.539335,0.005160042
9.65106,0.00626517
9.624878,0.00903991
9.736708,0.015221092
9.662217,0.028470932
9.744818,0.024367895
9.637346,0.027453702
9.5866165,0.027306495
9.581275,0.026290337
9.668609,0.027178358
9.701025,0.0013777055
9.664524,0.019459458
9.68095,0.02114049
9.732311,0.013850607
9.710608,0.009412622
9.838598,0.0025063194
9.822124,-0.033053994
9.784252,-0.0052542854
9.815327,0.00200589
9.863867,0.001208785
9.769209,-0.0034992788
9.696843,-0.001963079
9.610284,0.004189658
9.668762,0.0014911443
9.915117,0.0028893007
9.829872,1.706183e-05
9.78006,0.0017698472
9.707302,-0.00850009
9.675894,-0.0044322517
9.769714,-0.00931528
9.865799,-0.008021453
9.865902,-0.012836218
9.931824,-0.018455205
9.978627,-0.014550867
10.034651,-0.006016547
9.999747,0.00022359006
10.080162,0.0068514766
10.0763,0.0034878794
10.079956,-0.004286457
9.943335,-0.0025982764
9.990172,-0.022174465
10.065828,-0.02681209
10.0068245,-0.019694882
9.983356,-0.008618478
10.273618,0.002539318
10.18919,0.0071084956
10.371302,0.002241482
10.122215,0.00072772615
10.0478325,-0.0007288102
10.122918,-0.005630197
10.529051,-0.008103328
10.546759,-0.0059332624
10.505685,-0.007983148
10.444954,-0.006913457
10.346361,-0.010438908
10.392295,-0.01837665
10.330595,-0.02472808
10.339972,-0.026958676
10.417776,-0.026454052
10.416193,-0.029284438
10.449121,-0.024676276
10.554984,-0.02957205
10.623243,-0.032371394
10.427887,-0.031060884
10.639395,-0.009278987
10.7244425,0.00658687
10.834345,0.0020372523
10.800411,0.008260884
10.908617,0.012078522
10.850489,0.009567663
10.604294,0.014642862
10.402207,0.018266322
10.319876,-0.024388516
10.382147,-0.036406383
10.312836,-0.026195398
10.260771,-0.031492814
10.098627,-0.03410603
10.2325325,-0.012503825
10.024698,-0.0075927395
10.129837,0.019778276
10.041845,0.011830576
10.019581,0.009186903
9.916538,-0.01189944
9.960314,0.010211665
9.866016,0.023558004
9.7356825,0.011517091
9.747821,0.018367387
9.724354,0.020703426
9.506331,0.018737258
9.130205,0.02098132
9.010693,0.017771324
9.146136,0.025951184
9.297424,0.019539325
9.206017,0.014859674
8.95546,0.02272116
8.591885,0.015167622
8.566664,0.015028534
8.447137,0.008649513
8.423801,0.024177322
8.20924,0.02128715
7.920602,0.015110755
7.6437416,-0.027731141
7.6170025,-0.050028436
7.36193,-0.026696587
7.3139296,0.02202564
7.1529703,0.019061828
7.251011,0.010396085
7.2312727,0.002261471
7.136565,0.006528206
7.0218716,0.0074086497
7.05558,0.02124549
6.807269,0.015002655
6.5608406,0.005931992
6.502301,0.00078703184
6.363701,0.001834942
6.3132987,0.0051204283
6.4663596,0.007515422
6.2540293,0.02720461
5.9861493,0.04010778
6.0312595,0.046363935
5.812223,0.06278342
5.6766987,0.044274524
5.582223,0.02478021
5.4360566,0.02025746
5.353417,0.0075860433
4.9814386,0.0028784089
4.653392,0.002951472
4.486842,-0.00080659054
4.1553693,-0.00488949
3.6885905,-0.016041564
3.457431,-0.022829073
3.254526,-0.026812831
3.0557606,-0.027945844
2.9048245,-0.024862075
2.734426,-0.030578883
2.5908244,-0.033916958
2.406113,-0.036076494
2.1449947,-0.035259843
2.0892453,-0.03327389
1.963242,-0.032163568
2.0057378,-0.029312389
1.9518621,-0.022929909
1.8680122,-0.02569634
1.8676002,-0.021947077
1.846864,-0.018715711
1.7032886,-0.016901659
1.704545,-0.017116489
1.7421172,-0.017196296
1.7918892,-0.016586589
1.8004189,-0.0146178175
1.8313782,-0.012628255
1.866823,-0.009412149
1.9105041,-0.015332626
1.9139047,-0.0125767775
1.9506357,-0.009355031
2.3007035,-0.011693969
2.3752081,-0.008408571
2.2958999,-0.0013213735
2.500989,0.004125191
2.7576241,0.0030247765
3.0497367,0.018636435
3.387051,0.029178487
3.7350216,0.031166345
4.0061693,0.021971561
4.1136475,0.020742776
4.3738313,0.016567344
4.446864,0.012052288
4.5685515,0.003921192
4.6679583,-0.01988534
4.815421,-0.021302538
4.770929,-0.015168374
4.9641876,-0.021813674
5.2788043,-0.026737412
5.345542,-0.023669774
5.642177,-0.029260928
5.704937,-0.030874183
5.69099,-0.028268425
6.2262,-0.031131992
5.9891186,-0.03997788
6.647011,-0.024550436
7.3908195,-0.02422907
7.594948,-0.02678666
7.3355002,-0.02426391
7.534922,-0.023441797
7.7776194,-0.012525048
7.7104445,-0.0137877
7.8532095,-0.0284937
7.78904,-0.039865732
7.8162,-0.04736218
8.220916,-0.07093213
8.4286,-0.06376888
8.863422,-0.0782423
8.652319,-0.025170973
9.000197,-0.02970217
8.880669,-0.026060624
8.764414,-0.029882113
9.248472,-0.05839947
9.536877,-0.032869384
9.736734,-0.017994976
9.9783325,-0.012760427
9.881876,-0.0058223587
9.742897,0.004092005
9.759899,-0.022677472
9.825533,-0.007877141
9.804138,0.013135776
9.910839,0.008156768
9.962164,0.012619408
10.0349045,0.010568517
10.188738,0.019009884
10.234719,0.011883016
10.2978325,2.1096319e-05
10.349714,-0.005243851
10.401909,-0.013737816
10.375656,-0.013372079
10.25665,-0.012845164
10.289546,-0.009288913
10.223872,-0.009569133
10.470303,-0.0066827517
10.510136,-0.011328958
10.534884,-0.012581339
10.606948,-0.010194108
10.725681,-0.0073789433
10.70228,-0.026332865
10.325794,-0.010984784
10.381889,-0.03986375
10.471457,-0.038001716
10.413347,-0.002490515
10.314316,0.022081371
10.329075,0.0058088107
10.121413,-0.0051244963
10.140633,-0.0021155402
10.2700405,-0.015064225
10.432267,-0.0051173475
10.576193,0.00018243678
10.535187,-0.009573126
10.46266,-0.005672466
10.3729315,-0.008548167
10.508967,-0.011409404
10.513956,-0.016161257
10.53388,-0.014994627
10.483419,-0.0091079995
10.771112,0.0017875684
10.648073,0.0044892095
10.566399,0.0020192405
10.287422,0.0050675618
10.290016,-0.0024902169
10.62166,-0.011567416
10.612211,-0.02070537
10.659844,-0.022875285
10.564131,-0.021460535
10.592529,-0.031088365
10.653775,-0.020922372
10.745466,-0.025400257
10.621108,-0.026656995
10.48846,-0.030728085
10.520363,-0.036264986
10.8028755,-0.034815736
10.683374,-0.034155436
10.714718,-0.036055744
10.790764,-0.027882075
10.788764,-0.022598783
10.756697,-0.016124027
10.699734,-0.015497575
10.74619,-0.02037436
10.913466,-0.014780104
10.954542,-0.014399322
10.841625,-0.020700114
10.5878105,-0.019329345
10.531288,-0.02320973
10.586824,-0.02822846
10.458393,-0.023926651
10.384842,-0.02459875
10.447512,-0.02020221
10.483038,-0.019537074
10.646961,-0.013343044
10.7647705,-0.015724437
10.803734,-0.01833945
10.835091,-0.012917776
10.66057,-0.00028200634
10.621101,-0.0069545973
10.5600605,-0.007157678
10.597616,-0.01910497
10.724924,-0.026486034
10.688713,-0.027447162
10.527624,-0.029208006
10.640888,-0.031707853
10.86389,-0.035133094
10.965696,-0.03357266
10.925156,-0.03296277
10.8098345,-0.026409136
10.927702,-0.0231796
10.791935,-0.021196319
10.758276,-0.01986848
10.87533,-0.023115305
10.884116,-0.025772752
10.784159,-0.028184349
10.673662,-0.022127492
10.609041,-0.017413473
10.685308,-0.01998028
10.8245945,-0.027024148
10.906763,-0.028959045
10.871281,-0.027382972
10.828659,-0.02812433
10.860798,-0.02890622
10.821926,-0.021470701
10.7768345,-0.028235065
10.7853,-0.027453812
10.8764305,-0.025812982
10.954762,-0.020022644
11.022851,-0.022165382
11.155876,-0.033972003
11.105377,-0.0399583
10.8592005,-0.029684624
10.944691,-0.02480861
11.206133,-0.01713687
11.061998,-0.013648491
11.226454,-0.018103814
11.245493,-0.007737424
10.95469,-0.018080542
10.803545,-0.016001726
10.651794,-0.011475349
10.753948,-0.014199387
10.508587,-0.016458457
10.610489,-0.010710487
10.835993,-0.016655916
10.735167,-0.024000978
10.452149,-0.021661868
10.650801,-0.009112524
10.421427,-0.010080945
9.873922,-0.013767315
9.948412,-0.020872729
10.201376,-0.023902772
10.546345,-0.021329457
10.422628,-0.018047867
10.359896,-0.020191299
10.359247,-0.01879509
9.868059,-0.0038791038
9.583887,-0.0002711024
9.197141,0.008626025
9.520057,0.026011743
9.413261,0.008352529
9.312765,0.00797262
9.321642,0.012512124
9.540014,0.016451381
9.236485,0.009577792
9.257341,-0.015041139
9.413719,0.009673746
9.180753,0.0020762142
9.053774,-9.307638e-05
8.96196,1.0913238e-05
8.880068,-0.0018535517
8.777891,-0.008208809
8.943916,-0.0054004733
8.865831,-0.010760862
8.930546,-0.031765103
9.092406,0.0028759846
9.04476,0.005430555
8.949381,-0.014551766
8.893381,-0.017133122
8.987349,-0.016148517
8.926771,-0.020804467
8.690765,-0.015670432
8.689451,-0.013715193
8.456462,-0.011988608
8.507719,-0.056788504
8.537393,-0.025584238
8.201855,-0.01589925
8.185654,-0.007718185
8.062119,-0.011601847
8.026769,-0.063966386
7.9476333,-0.0891061
7.8839364,-0.123188734
8.194249,-0.13575408
7.8193693,-0.13881108
7.7494993,-0.124391705
7.717843,-0.11548875
7.515772,-0.108423516
7.2421975,-0.108211994
6.9651637,-0.08952908
7.0140076,-0.1130562
6.878627,-0.16475612
6.7082043,-0.16298525
6.5806427,-0.17010145
6.6290336,-0.1945519
6.566061,-0.21344006
6.4868793,-0.18440403
6.1438,-0.22910573
6.0348344,-0.22725649
6.0463734,-0.22357292
6.012576,-0.22988042
5.906145,-0.17836976
5.7294917,-0.16730566
5.6500196,-0.16039203
5.503804,-0.18430415
5.463868,-0.15600659
5.3652306,-0.1326339
5.20146,-0.16623951
5.0684724,-0.15179159
4.873608,-0.09193559
4.671536,-0.028140197
4.481123,0.06486018
4.486947,0.09617066
4.555491,0.09831915
4.319968,0.07271379
4.217452,0.08897127
4.1532073,0.12118322
4.1514707,0.15248184
3.8684757,0.16976626
3.7324576,0.19267887
3.5811434,0.21479629
3.5962594,0.22924145
3.065397,0.35233614
3.0838706,0.3169856
3.050394,0.58667666
3.1239545,0.6485056
3.1348934,0.7427971
3.1355252,0.83663154
2.9605033,0.5890188
2.830855,0.5297797
2.7336428,0.5014628
2.7698734,0.41757467
2.6877437,0.42436343
2.931596,0.52681583
2.7887774,0.47222057
2.8982942,0.3974575
2.4197645,0.37310085
2.506313,0.30998772
2.550124,0.3123746
2.5420222,0.330503
2.568589,0.2634647
2.598784,0.23409794
2.614614,0.2628268
2.6220264,0.24402086
2.5800984,0.20399898
2.6490319,0.20466179
2.771883,0.18862784
2.8292181,0.18672454
2.8525443,0.14989656
2.8732202,0.14817047
2.8764188,0.14051117
2.8531554,0.0998887
2.8082972,0.1314655
2.8330088,0.13984048
2.9188921,0.18593816
3.0923662,0.20057648
3.0978398,0.26051
3.0737228,0.3050773
3.0009427,0.3036178
3.078992,0.3962611
3.2061617,0.3314947
3.5044384,0.29339346
3.7367437,0.25329512
4.0594883,0.227904
4.207143,0.2197148
4.280298,0.19070876
4.1957903,0.16409808
4.4174967,0.10868811
4.705605,0.073961414
4.859834,0.07463683
5.102889,0.06706229
5.31211,0.050457425
5.50453,0.06312434
5.611866,0.0684034
5.816201,0.046536896
6.285409,0.045547787
6.6447425,0.072433576
6.8521647,0.091024
6.927762,0.0950372
7.004491,0.07996186
7.202815,0.059581943
7.8344407,0.04312458
8.167006,0.04255022
8.210571,0.042539537
8.360607,0.027074335
8.52046,0.010704578
8.591949,0.008631835
8.972126,0.012570774
8.921968,0.026393812
9.309872,0.012311527
9.941868,0.01625189
10.365939,0.027689867
10.603792,0.030119974
10.824914,0.04642477
10.994913,0.03535569
10.926197,0.047138534
11.521741,0.023099504
11.569355,0.021958975
11.531645,0.020591378
11.435722,0.021625217
11.31435,0.02059438
11.374277,0.019322606
11.365706,0.02111615
11.252066,0.02122865
11.180074,0.021821097
11.148379,0.021452943
11.109934,0.02299088
11.148668,0.020053353
11.044037,0.0231092
11.131838,0.017303832
11.152561,0.025467467
11.258682,0.025181565
11.282303,0.025203774
11.300695,0.024343053
11.283598,0.023833664
11.160751,0.023041293
11.189676,0.024683695
11.191587,0.022544306
11.167627,0.022158839
11.044542,0.022393333
11.1534,0.02622796
11.225965,0.02871399
11.191095,0.0266084
11.175241,0.024741225
11.134037,0.026376741
10.956625,0.02040266
10.983953,0.020694107
10.8523655,0.016650286
10.918728,0.018368129
10.776567,0.013368071
10.755332,0.010725454
10.748276,0.010539001
10.698767,0.008841781
10.683844,0.0070135444
10.682739,0.008697734
10.8004,0.0061257817
10.729493,0.0035835998
11.069469,0.0009065736
10.940169,0.00810113
10.79861,0.017279442
10.829575,-0.006763177
10.898981,-0.025816763
10.877172,-0.0035920516
10.72729,0.012502287
10.891587,0.013061898
10.917684,0.008356465
10.896497,0.008376106
10.692633,0.008701999
10.71289,-0.017518388
10.526531,-0.033093855
10.620231,-0.026431082
10.617619,-0.040799655
10.582991,-0.043558486
10.413235,-0.037177794
10.204903,-0.041554578
10.369447,-0.01850587
10.129948,-0.048170514
10.218304,-0.017336736
10.572115,-0.006476911
10.536646,-0.011515858
10.580032,-0.020691676
10.577722,-0.008592406
10.543877,-0.005734453
10.641729,-0.011502396
10.577539,-0.022996066
10.370497,-0.042058393
9.722114,0.018177975
10.010301,0.030083166
9.948017,0.03796582
9.916233,0.014496682
10.282156,0.007966362
9.960183,-0.010823967
10.1543865,-0.017880945
10.050261,-0.020002449
10.166603,-0.025821248
10.178329,-0.056839436
9.906326,-0.04563851
9.715767,-0.016115626
9.895916,0.0019845143
9.90166,-0.008314325
9.9626255,-0.0045484714
9.849531,0.00019737892
9.604082,0.0049843993
9.554649,0.0034590364
9.36767,0.0011699209
9.370846,-0.0046203677
9.65914,-0.019880438
9.728048,-0.015099036
9.674384,0.005972105
9.4971695,0.033855952
9.446112,0.020726211
9.585856,0.006249873
9.505035,0.029989626
9.583643,0.017073631
9.626355,0.03606507
9.750816,0.04644505
9.67213,0.033992253
9.570974,0.04597958
9.473379,0.059724502
9.5061455,0.053353474
9.527859,0.05838678
9.445162,0.04949919
9.493,0.053925432
9.427312,0.038319334
9.265815,0.058131993
9.514273,0.098335825
9.652857,0.113710225
9.667411,0.12203574
9.468422,0.11740079
9.604668,0.13664998
9.614973,0.13872333
9.298726,0.11632226
9.23851,0.11406843
9.253517,0.12286794
9.27493,0.12834193
9.439886,0.1317894
9.505649,0.15903215
9.529675,0.16804391
9.501418,0.14766149
9.666229,0.14396654
9.535389,0.13315554
9.49073,0.117915146
9.919383,0.08392719
9.99115,0.07141219
10.0914135,0.05101172
10.103754,0.05001863
10.133813,0.060497873
10.278307,0.04822196
10.369049,0.03717228
10.448524,0.03356618
10.462988,0.03588081
10.573368,0.051092796
10.555725,0.05286468
10.624952,0.0427313
10.549907,0.049510844
10.580843,0.04688377
10.619509,0.04936534
10.690678,0.05698993
10.678124,0.04957462
10.7311535,0.041164957
10.61598,0.025824735
10.643131,0.0055684764
10.626525,0.009557402
10.554546,0.01707268
10.576372,0.003806049
10.664683,-0.0153527055
10.896557,-0.02098904
10.80533,-0.016728407
10.828654,-0.013967896
10.758489,0.006001575
10.759436,0.0054364447
10.777563,0.042047143
10.623812,0.054334626
10.545439,0.06288758
10.495652,0.08174489
10.429699,0.09695515
10.51281,0.085157216
10.323139,0.090868816
10.140154,0.1000352
10.014301,0.101387426
9.912018,0.09851663
9.711034,0.07266093
9.809368,0.0636678
9.794268,0.0556439
9.828734,0.060088262
9.763912,0.032680828
9.6058235,0.020040695
9.612665,0.027878182
9.3561535,0.040550902
9.202951,0.039661914
9.147366,0.04734484
8.840439,0.049307466
8.768267,0.044568032
8.627291,0.050642096
7.9886007,0.07615557
7.9892497,0.046309736
7.7225842,0.0675125
7.447955,0.092251234
7.0743017,0.09663294
6.7561226,0.096757434
6.4894753,0.095003724
6.2597737,0.09468763
5.977734,0.11049554
5.68651,0.13063096
5.4334464,0.14424829
5.0935445,0.18741944
5.099492,0.22818956
5.0475416,0.23746741
5.056026,0.2570723
4.9099298,0.24788545
4.58175,0.28856716
4.424173,0.26536644
4.3607225,0.2478357
4.086294,0.25682247
4.022579,0.3405493
3.7851686,0.28601927
3.488027,0.24769504
3.3096657,0.26760823
3.0370636,0.26851586
2.7079763,0.3593049
2.6734228,0.43853307
2.4724493,0.43149012
2.428146,0.42132318
2.5286021,0.38600892
2.5128837,0.4133289
2.5049443,0.37247622
2.4579306,0.33295026
2.3211584,0.32374525
2.3236222,0.32133114
2.3081594,0.31273544
2.2908869,0.3247839
2.4402938,0.22421095
2.5233464,0.22834536
2.7701447,0.2735338
2.8740916,0.3786965
2.9202266,0.43505237
2.9972005,0.4352225
2.9982824,0.31429005
2.7941346,0.3134343
3.0521564,0.3005015
3.2821355,0.38919047
3.609644,0.42931455
3.7740507,0.45291248
4.109208,0.4497879
4.2339025,0.39175674
4.4265833,0.32435882
4.718603,0.22969183
5.1881237,0.15841597
5.3327446,0.16731335
5.7166896,0.17301662
6.2210193,0.15241736
6.0737524,0.18426377
6.110315,0.16026057
6.2744265,0.1887576
6.2979317,0.22841005
6.354428,0.27605638
6.817655,0.2537387
6.699795,0.21564236
7.078471,0.2045105
7.2288694,0.17259742
7.5530243,0.1483992
7.843339,0.1482498
8.195812,0.12982586
8.546467,0.11011994
8.7188015,0.121219695
8.967131,0.07538449
9.145121,0.068600826
9.253906,0.05273982
9.44471,0.018221479
9.457119,0.0028846161
9.5689125,0.018486133
9.701027,0.017920073
9.738074,0.006838072
9.878628,-0.0243686
9.961001,-0.018799124
10.107204,-0.043606296
10.507957,-0.068670996
10.741053,-0.08603251
11.158817,-0.07660273
11.073452,-0.08525388
11.122877,-0.06713739
11.306532,-0.068356305
11.435574,-0.083479986
11.168248,-0.0714831
10.937874,-0.07659427
11.291002,-0.098800905
11.405031,-0.09882642
11.495663,-0.07447965
11.469875,-0.12256156
11.899748,-0.08250649
11.674936,-0.045100227
11.370277,-0.007884331
11.407408,-0.01016093
11.580378,0.00585333
11.609787,-0.015124114
11.570516,-0.026000177
11.671459,-0.02574038
11.900595,-0.03205327
11.617989,-0.039606705
11.623808,-0.04452554
11.654743,-0.041254357
11.74192,-0.03395105
11.462395,-0.038755506
11.494617,-0.02179802
11.320707,-0.02747027
11.63238,-0.027324831
11.673648,-0.020980297
11.583442,-0.023850242
11.771528,-0.04586421
11.949732,-0.0308112
12.076124,-0.02529109
11.848314,-0.026414359
11.8887825,-0.020075968
11.540975,-0.008129563
11.574463,0.0022991486
11.753937,-0.013733482
11.680733,-0.012718461
11.582243,-0.021639599
11.441929,-0.013846258
11.347006,-0.022323197
11.246752,-0.029623395
11.396111,-0.025831534
11.28121,-0.028226113
11.333912,-0.016404292
11.175829,-0.013210565
11.167635,-0.013267668
11.133507,-0.0114897285
10.930578,-0.007333586
10.9946,-0.015452465
10.960228,-0.017042609
11.08758,-0.010301469
10.960047,-0.0051976237
11.035388,-0.009706998
10.857666,0.008124942
10.784912,0.0123226205
10.840586,0.0218922
10.987265,0.021907385
11.070498,0.017635567
11.080924,0.02287637
11.165625,0.020759316
11.142973,0.026190024
11.170276,0.024327595
10.970011,0.023648791
10.669102,0.023747284
10.526116,0.024418727
10.788816,0.025598414
11.079765,0.020633066
11.136215,0.009148557
11.219049,0.00011411868
10.951897,-0.0110636875
11.013115,-0.00778264
11.103907,-0.0071269944
10.8401165,-0.0045859013
10.919653,-0.0023628715
11.0893,0.0072329566
11.005449,0.00783891
10.822118,0.009566439
10.834751,-0.004013311
10.679645,-0.015223192
10.449551,-0.011229446
10.553932,-0.00847248
10.576601,-0.047334388
10.610754,-0.053759664
10.720899,-0.07218946
10.735952,-0.046398915
11.014034,-0.043860763
11.054677,-0.035682328
10.758736,-0.038705356
10.8199625,-0.029873798
11.095251,-0.04392294
10.958799,-0.046547838
10.975435,-0.04456318
10.9623375,-0.024196642
10.633829,0.0012897877
10.496548,-0.0014811605
10.331541,0.008868769
10.095393,-0.0017999504
10.150354,-0.03452546
10.133074,-0.0674696
10.393303,-0.026952466
10.315308,-0.00421888
10.39025,-0.0016773883
10.104528,0.008256172
10.397092,0.0008251639
10.535193,0.007411873
10.487455,0.018746175
10.49869,0.025754847
10.59213,0.00086682476
10.579015,0.003310103
10.428912,0.00016019307
10.287094,-0.0023490693
10.429197,-0.022491494
10.530178,-0.04377316
10.46377,-0.055728994
10.393722,-0.042940393
10.26538,-0.038561463
10.306103,-0.016050061
10.091019,0.009323353
10.114322,-0.003201466
10.130186,-0.0037665907
10.409615,-8.104369e-05
10.045005,0.0019912543
9.912713,0.0028755702
9.842159,-0.006653825
9.56903,-0.0013357569
9.680723,-0.001092324
9.858234,-0.0076682568
9.723204,-0.0047634747
9.588022,-0.004999675
9.5378475,-0.0033517275
9.599461,-0.0008291695
9.044765,-0.020621167
8.714231,-0.0077139903
9.0874405,0.002138231
9.716824,0.010528849
9.692596,0.01324898
9.185009,0.013857955
9.004484,0.0050601168
8.375837,-0.0037517361
8.222183,-0.003613418
7.9423556,0.010152532
7.8228164,0.013197858
7.660516,0.018559322
7.5547886,0.0127263
7.386158,0.00929678
7.1263995,0.006373128
6.917856,0.0053557046
6.7355123,0.0033984864
6.6084576,-0.0028439928
6.5269938,-0.00658625
6.363798,-0.009330101
6.192068,-0.01279607
6.0747924,-0.012485024
5.9524565,-0.021960156
5.7448373,-0.028468171
5.589585,-0.032381237
5.4573917,-0.033167377
5.122768,-0.024825474
4.847449,-0.02197106
4.518116,-0.022968592
4.138069,-0.021068545
3.9484065,-0.0060785916
3.767495,0.005661252
3.6755228,0.0050878273
3.5797768,0.004812492
3.435195,0.011628013
2.89369,0.01987172
2.923328,0.018966226
3.1987522,0.008248711
2.8686566,0.012183801
2.8297777,0.012216911
2.590007,0.015777195
2.2729995,0.023050357
1.8805048,0.035674676
2.1100788,0.043351218
1.7162502,0.025009617
1.6096745,0.008651109
1.278204,0.00015937723
0.9671061,0.020469034
0.8086133,0.012832129
0.7108743,0.024928974
0.5325806,0.019537808
0.36800885,0.015073078
0.29356146,0.034396857
0.23287892,0.039831124
0.2454176,0.022079544
0.35064697,-0.016680932
0.23551011,-0.014677903
0.022212267,0.030742275
0.12539887,0.005757438
0.082246065,0.021770174
0.06677365,0.03382369
0.016919851,0.03409978
0.021160603,0.032359384
0.056535006,0.030326383
0.07859683,0.024697663
0.006967783,0.03933779
0.01621294,0.035346165
0.05673814,0.036430165
-0.008355141,0.039924704
0.014636755,0.037130877
-0.005449295,0.043695547
0.05104637,0.021772379
0.21410489,0.018827477
0.20195556,0.010587493
0.1877625,0.0060533825
0.23612571,-0.014647065
0.23208523,-0.024569651
0.0785718,-0.039661378
0.017885447,-0.03217747
0.050787926,-0.015805645
0.26118588,0.00039243884
0.2984841,0.02197429
0.2908535,0.048574485
0.26559496,0.07871014
0.2332282,0.048069485
0.30146194,0.06067379
0.17880058,0.03950937
0.09862447,0.021050418
0.05285597,0.028719353
0.06959462,0.021014938
-0.013021708,0.037961006
0.032879114,0.03201881
0.017527342,0.035059303
0.013604403,0.039310463
0.01767683,0.040588036
0.03818226,0.03675154
0.017630577,0.041036174
0.00835371,0.036216505
0.0018584728,0.044213064
0.0059654713,0.04423765
0.011061907,0.03896136
-0.003205061,0.04267375
0.008194447,0.03870243
-0.0042903423,0.040246055
0.022840977,0.04254467
0.004785776,0.039384574
0.008439541,0.042646863
0.03825879,0.034816086
-0.015340328,0.047866017
0.020263433,0.039078116
0.023103952,0.036700964
0.011033773,0.039518684
0.015496969,0.03537991
0.07918763,0.056593448
0.12196779,0.06252826
0.068997145,0.054022588
0.068024635,0.042568542
0.15335035,0.056002975
0.08488512,0.041687526
0.15075088,0.039413713
0.24672389,0.019298734
0.25321603,0.0006998945
0.124488354,-0.0038331356
0.10097504,-0.035018012
0.28195834,-0.054941133
0.5325973,-0.053016566
0.6696923,-0.051881596
0.7748866,-0.048409186
0.96468997,-0.05222021
1.1584506,-0.041652955
1.4131992,-0.04140219
1.5091584,-0.030852383
1.7165911,0.012197727
2.1388993,0.06492734
2.405287,0.11755933
2.5736604,0.15267529
2.865713,0.33985525
2.9251451,0.42703006
3.096816,0.52914083
3.2374563,0.60417867
3.5025673,0.5812149
3.6080253,0.5065902
3.7239006,0.5317386
4.305032,0.39651632
4.460205,0.4790811
4.580661,0.5119796
4.816822,0.50224984
5.0955935,0.438609
5.368697,0.36840218
5.409371,0.3101771
5.750923,0.2333258
6.080526,0.19111903
6.4573326,0.13377512
6.917019,0.20840599
6.8154707,0.25376105
7.141306,0.29853687
7.305542,0.27025297
7.557947,0.1994066
7.5203934,0.205388
7.6235623,0.13169062
8.627086,0.061084233
8.398445,0.056223758
8.693357,0.07761169
8.640875,0.08815305
8.879425,0.063663945
9.329676,0.047921076
9.491402,0.03961493
9.715634,0.03945986
9.922838,0.009461429
9.891079,0.0014490485
10.024015,2.5069341e-05
10.04448,0.016012583
10.074286,0.012363836
10.174454,-0.0024825782
10.344203,-0.0049361717
10.558853,-0.009490119
10.655954,-0.016662953
10.753077,-0.015201954
10.726168,-0.004595654
10.690167,0.00356872
10.723167,0.010814358
10.706198,0.0042499816
10.626057,-0.002169123
10.736074,-0.00025438704
10.840294,-0.0020640958
10.809195,0.0027330257
10.749227,0.0023430185
10.749794,-0.0012492593
10.673988,-0.007689437
10.623686,-0.010444257
10.590454,-0.0107606705
10.532091,-0.008090377
10.5156,-0.009807933
10.587068,-0.011821816
10.657785,-0.005550096
10.700201,0.002248087
10.748814,-0.0014239457
10.619759,-0.0012657456
10.548753,-0.007583352
10.432404,-0.009376891
10.551193,-0.007057246
10.705634,-0.006988412
10.714832,-0.0065309666
10.679825,-0.003494192
10.736966,-0.0011954848
10.596729,-0.004723983
10.599972,-0.0024456047
10.511326,-0.001090711
10.46781,-0.001546694
10.40901,-0.0037110578
10.425779,-0.0016453918
10.227833,-0.0009197071
10.343229,0.004957265
10.383802,0.013559534
10.339153,0.015550181
10.361729,0.015969923
10.366686,0.011953186
10.456957,0.011818772
10.390635,0.009040311
10.372214,0.005994443
10.302919,0.0021388037
10.102797,0.0010085683
10.0625105,0.0028841197
9.811484,0.005582977
9.907831,0.011595852
9.9155245,0.009904697
9.857075,0.008950752
9.727058,0.0055236854
9.424234,0.006818815
9.63735,0.0063460004
9.499899,0.0063422723
10.047972,0.015606148
9.955175,0.012508226
9.8649845,0.0083518345
10.041389,0.018269183
9.612284,0.0293356
9.339924,0.028221361
9.668795,0.029620511
9.879614,0.037528954
9.914484,0.04571694
9.9284115,0.04635638
9.633789,0.050830737
9.440901,0.04956632
9.263115,0.053548098
9.968508,0.035857636
10.196758,0.02109005
10.250662,0.013117212
10.026027,0.011583064
10.309281,0.011560945
10.309856,0.01749209
10.204092,0.018928975
10.209417,0.013266401
10.190319,0.0026265169
10.28977,0.0011888649
10.550861,0.0014301129
10.484856,0.00466126
10.521146,0.0011190735
10.420356,0.008492748
10.73984,0.0064687133
10.91312,0.009190457
11.179182,0.016845973
10.977053,0.00097703
10.941975,-0.005984595
10.854889,-0.0025313608
11.320662,0.027390223
11.252081,0.010141434
10.855786,0.005115995
10.839533,0.00046458468
10.776051,0.007799737
10.797992,0.009903673
10.836897,0.008501891
10.83041,0.0075366227
10.846035,0.010097066
10.766074,0.0041311644
10.78026,0.004834391
10.747505,0.0039954344
10.660967,0.009547439
10.611054,0.0067690657
10.6228285,0.00089300796
10.512813,0.005774147
10.387583,0.012687433
10.391415,0.017392762
10.231964,0.026027137
10.143759,0.03281979
10.212774,0.028633295
10.120478,0.03284868
10.070971,0.03330455
9.974967,0.033883017
10.072124,0.028294206
10.463016,0.026057577
10.40448,0.016049094
10.267289,0.010556112
10.255575,0.00488114
10.234563,0.004061605
10.102995,-0.019695664
10.010818,-0.03058937
9.823858,-0.03528376
9.662621,-0.010807881
9.703068,0.0025608353
9.694562,0.009650064
9.896545,0.010238867
10.018899,-0.002505388
10.452078,-0.000609722
10.650013,0.005634724
10.687663,0.0029815221
10.737141,0.0034838906
10.602251,0.0060691796
10.6084,-0.0025831442
10.749012,-0.013287529
10.511476,-0.013392152
10.710794,-0.013699861
10.788425,-0.012997827
10.634808,-0.012592729
10.8262005,0.0013295915
10.785509,0.0077282693
10.661568,0.011720295
10.489523,-0.0008666031
10.650463,0.008716755
10.602521,0.0011252016
10.618576,-0.017938575
10.55739,-0.028433083
10.059275,-0.0048214626
10.050428,0.0043609776
10.687033,0.016623478
10.722469,0.008966496
9.323011,0.011252146
9.280075,0.0074118422
9.454656,-0.015176589
9.473098,-0.030664584
9.526707,-0.038857408
9.708725,-0.03689961
9.382493,-0.047322802
9.65016,-0.017942281
9.883575,0.0018591844
9.861471,0.0037678462
9.186899,-0.0021543317
9.116763,-0.012718251
9.013998,-0.0369471
8.507082,-0.055603303
8.41801,-0.050448433
8.280673,-0.06661774
8.16551,-0.042336784
8.510849,-0.0299891
8.240861,-0.0014311913
8.301744,-0.0029805247
8.518108,0.0016295575
8.80411,0.006678408
9.348333,0.011294818
9.090446,0.0018542279
8.908234,-0.0035968572
8.832989,-0.03897862
9.247963,-0.052429333
8.904936,-0.080601834
8.892908,-0.024706928
9.319308,0.010952832
9.455607,0.005535925
9.65198,-0.008601923
8.951532,0.0017705476
8.913313,0.008400744
9.1810665,-0.006290354
8.923391,-0.015075937
9.731896,-0.016915092
9.498247,-0.00840245
9.697267,0.006188566
9.710537,0.031723753
9.634678,0.02120591
9.694986,0.004098204
9.866291,-0.004151022
9.913,-0.006531408
10.099501,-0.007899802
10.50918,-0.0035953373
10.706733,0.012304215
10.624922,0.020197213
10.926647,0.03929785
10.996302,0.052241787
11.187999,0.022322219
11.323614,0.038563177
11.389824,0.031435125
11.2924,0.03551065
11.283014,0.023698773
11.49335,0.046055418
11.663644,0.024407363
11.552279,0.019978452
11.639042,-0.002001131
11.436216,0.0027480954
11.224621,0.007930215
11.346693,0.0042843763
11.226618,-0.0007194001
11.162939,-0.002864642
11.308592,-0.024758266
11.1675415,-0.050723046
11.093585,-0.059680223
11.15267,-0.07067377
11.133986,-0.09060427
11.103098,-0.09527229
11.0871935,-0.08860029
10.971716,-0.07940154
10.942986,-0.068673715
10.957186,-0.063122824
10.914696,-0.05618786
10.77892,-0.059183203
10.503829,-0.044086635
10.316656,-0.018428853
10.257583,-0.0038643256
10.244253,0.011492744
9.8977165,0.00035045668
9.496599,0.030882813
9.212442,0.032175995
9.137375,0.028149553
9.042907,0.020219509
9.039854,0.013513115
8.872815,0.012552564
8.894793,0.012331996
8.966638,0.011864725
9.019674,0.01527131
9.001808,0.010292224
8.893139,0.009175115
8.994265,0.012033555
8.795834,0.0036693672
8.923316,0.006098707
9.1135025,0.0027942266
9.118066,-0.0036372058
8.908443,-0.0036564711
9.041857,-0.0032110624
9.139445,-0.007926084
9.168867,-0.011195423
9.243034,-0.013771614
9.220028,-0.0145265665
9.295889,-0.013399305
9.390512,-0.013257785
9.549166,-0.012287483
9.81119,-0.0011601876
10.091572,0.0032757325
10.263449,0.0088624265
10.295689,0.0030952115
10.566854,0.010518545
10.561516,0.006434543
10.379281,0.006165467
10.334946,0.0011997856
10.376314,0.0022045635
10.4513645,-0.00017124228
10.544535,-0.025691802
10.6451645,-0.023262518
10.659917,-0.0023120847
10.888056,-0.008148149
10.829512,-0.011094091
10.845579,-0.004184449
10.907803,-0.0040419623
10.984847,-0.008134946
11.039152,-0.015677737
11.11791,-0.014737586
11.037729,-0.01184598
11.063742,-0.011535443
11.352289,-0.0005985312
11.553237,-0.0024249945
11.570816,0.0021661427
11.578726,-0.0020401608
11.4852295,0.0016429964
11.690548,0.011374587
11.79244,0.024703227
11.864319,0.030786386
11.788401,0.027251206
11.592546,0.017187338
11.502151,0.0013866248
11.540264,-0.0011146907
11.478433,-0.012094824
11.369688,-0.011603994
11.2864485,-0.006546179
11.39761,0.01234183
11.294278,-0.027458986
11.322889,-0.02732222
11.241409,-0.025735563
11.189644,-0.051206462
11.1248455,-0.04923986
10.947365,-0.04919724
11.000008,-0.041206397
10.991541,-0.027930142
10.936903,-0.014807237
10.924419,-0.016657995
10.811969,-0.016300088
10.979523,-0.021115577
10.911711,-0.026698334
10.895713,-0.012437515
10.92668,-0.01407579
10.656532,-0.005805822
10.614725,-0.008046079
10.659065,-0.0066417325
